version 3
run BaseVersion-9-20240511-20:48:36-11938
attr configname BaseVersion
attr datetime 20240511-20:48:36
attr datetimef 20240511-204836
attr experiment BaseVersion
attr inifile omnetpp.ini
attr iterationvars $genInterval=0.55
attr iterationvarsd genInterval=0.55
attr iterationvarsf genInterval=0.55-
attr measurement $genInterval=0.55
attr network Network
attr processid 11938
attr repetition 0
attr replication #0
attr resultdir results
attr runnumber 9
attr seedset 9
itervar genInterval 0.55
config network Network
config sim-time-limit 200s
config Network.nodeTx.gen.generationInterval exponential(0.55)
config Network.nodeTx.gen.packetByteSize 12500
config Network.nodeTx.queue.bufferSize 200
config Network.nodeRx.queue.bufferSize 200
config Network.queue.bufferSize 200

vector 0 Network.nodeTx.gen packetGen ETV
vector 1 Network.nodeTx.queue bufferSize ETV
vector 2 Network.queue bufferSize ETV
vector 3 Network.nodeRx.queue bufferSize ETV
vector 4 Network.nodeRx.sink Delay ETV
vector 5 Network.nodeRx.sink packetUsed ETV
0	1	0.005735589651	1
0	7	0.255040613964	1
0	21	0.638337493436	1
0	32	1.01861267591	1
0	43	1.395213794696	1
0	46	1.399378225901	1
0	50	1.478398675955	1
0	57	1.687467622076	1
0	64	1.771771988298	1
0	66	1.779148338008	1
0	77	1.914786704006	1
0	110	3.068340748444	1
0	116	3.366527859708	1
0	122	3.447901033795	1
0	131	3.604735460569	1
0	137	3.686801908444	1
0	141	3.735094130812	1
0	154	4.012289792856	1
0	164	4.245424683726	1
0	179	4.620806807974	1
0	187	4.72115606059	1
0	197	4.929810561191	1
0	219	6.089390637913	1
0	225	6.346970446686	1
0	241	8.005331082799	1
0	252	8.735035824424	1
0	255	8.756771311182	1
0	272	10.648235780047	1
0	283	11.30878680368	1
0	294	11.973818020816	1
0	305	12.441542940604	1
0	308	12.521577505269	1
0	325	13.77714627502	1
0	328	13.857551098459	1
0	345	14.462171289089	1
0	356	16.118775227851	1
0	367	16.555318081127	1
0	378	16.998244780326	1
0	389	17.664898189836	1
0	400	19.243454772314	1
0	406	19.512150559935	1
0	422	20.058322320797	1
0	433	20.710404951503	1
0	444	21.168065323333	1
0	455	22.126291469566	1
0	466	22.687540413583	1
0	475	23.03224674988	1
0	488	23.828783168161	1
0	499	25.380987306096	1
0	505	25.639673554811	1
0	521	26.535246145612	1
0	532	27.523899311071	1
0	543	29.776644751569	1
0	546	29.837324112576	1
0	551	29.939564402869	1
0	555	29.985015525417	1
0	571	30.389942879636	1
0	574	30.428480268769	1
0	600	32.02891107331	1
0	609	32.40030810059	1
0	622	32.976988618984	1
0	628	33.106264833085	1
0	643	34.190904916081	1
0	654	35.617192947859	1
0	665	37.561532808134	1
0	676	39.730197215345	1
0	682	39.843074833572	1
0	697	40.452223971622	1
0	703	40.605423636479	1
0	718	41.084847230711	1
0	729	42.221548390874	1
0	740	43.091330093227	1
0	751	44.393408159652	1
0	754	44.419712275651	1
0	771	45.200694073309	1
0	782	45.678160246571	1
0	788	45.912475654574	1
0	791	45.955063992894	1
0	806	46.297578380348	1
0	811	46.393518602294	1
0	830	46.91216218028	1
0	841	47.226065126155	1
0	852	47.603221094294	1
0	865	48.098672898523	1
0	874	48.4561937498	1
0	879	48.539247498266	1
0	889	48.853799727161	1
0	906	50.114329632493	1
0	917	51.238181196403	1
0	928	53.355662078659	1
0	934	53.469768049746	1
0	949	54.93030550159	1
0	960	55.570344936559	1
0	966	55.844721219135	1
0	982	56.513414777696	1
0	988	56.70127299162	1
0	1003	58.127389134818	1
0	1009	58.336883088731	1
0	1012	58.359022928789	1
0	1034	60.743115695115	1
0	1045	61.316005547291	1
0	1048	61.340093846085	1
0	1063	61.899036968451	1
0	1071	62.00159387754	1
0	1081	62.342228076934	1
0	1092	62.522697446015	1
0	1095	62.55268286207	1
0	1106	62.836778181703	1
0	1112	62.858412143873	1
0	1133	63.474402222671	1
0	1141	63.57657307123	1
0	1146	63.727229844717	1
0	1166	64.597628117393	1
0	1172	64.705075344898	1
0	1175	64.802678702202	1
0	1179	64.878234680303	1
0	1186	64.960381215078	1
0	1190	65.000345697897	1
0	1203	65.239750044489	1
0	1221	65.794935751016	1
0	1236	66.159373988366	1
0	1253	67.281999143433	1
0	1264	67.940049804542	1
0	1270	68.180585325673	1
0	1286	69.068965612403	1
0	1289	69.088436415453	1
0	1294	69.259102415118	1
0	1315	70.089904345302	1
0	1326	71.411082769121	1
0	1335	71.767257631141	1
0	1338	71.779980484075	1
0	1342	71.820616165093	1
0	1354	72.079226197067	1
0	1376	73.363913121976	1
0	1382	73.4863900442	1
0	1397	74.383371985003	1
0	1403	74.614248156529	1
0	1406	74.616764017166	1
0	1421	74.939717956908	1
0	1428	75.074736539827	1
0	1443	75.453924857927	1
0	1459	76.173172934867	1
0	1465	76.467437601357	1
0	1476	76.679354064927	1
0	1485	76.811972370335	1
0	1500	77.249770564798	1
0	1508	77.384059971539	1
0	1511	77.404665865178	1
0	1518	77.55006690675	1
0	1541	78.48481249314	1
0	1552	79.20308634108	1
0	1563	79.604422053614	1
0	1569	79.900165322972	1
0	1585	80.303291735	1
0	1596	80.785545637734	1
0	1607	81.781065338252	1
0	1616	82.156101575983	1
0	1619	82.160599693758	1
0	1631	82.469810270231	1
0	1641	82.695902170789	1
0	1658	83.425830341371	1
0	1669	83.896004787994	1
0	1680	84.342834921457	1
0	1683	84.422553155059	1
0	1690	84.62079520262	1
0	1696	84.708106325822	1
0	1719	86.651545009717	1
0	1722	86.682288352868	1
0	1727	86.82236740559	1
0	1743	87.269890346758	1
0	1749	87.352056330503	1
0	1768	89.164300769262	1
0	1779	89.689185876906	1
0	1790	90.382548617841	1
0	1799	90.754972290349	1
0	1812	91.216920198489	1
0	1818	91.328186925045	1
0	1833	92.181133779264	1
0	1836	92.244801455917	1
0	1853	94.894598351672	1
0	1864	95.321181897241	1
0	1867	95.343421671752	1
0	1874	95.531248798924	1
0	1882	95.713025312009	1
0	1887	95.772843131275	1
0	1911	96.434993149427	1
0	1922	96.805981764087	1
0	1927	96.894875118514	1
0	1944	97.444831951846	1
0	1955	98.365467438744	1
0	1958	98.386757297931	1
0	1960	98.403438502192	1
0	1974	98.784788174041	1
0	1994	99.780798644406	1
0	1997	99.828780976623	1
0	2004	100.069496181495	1
0	2024	100.931315834032	1
0	2035	101.424870884483	1
0	2046	102.205302425154	1
0	2049	102.209324260412	1
0	2054	102.376624216306	1
0	2075	103.29413643136	1
0	2078	103.352609658503	1
0	2095	104.894247903679	1
0	2106	106.264429435212	1
0	2109	106.359685766016	1
0	2121	106.76046633657	1
0	2137	108.92722152847	1
0	2140	109.006057952579	1
0	2157	110.27412990171	1
0	2160	110.339797338888	1
0	2165	110.379087188191	1
0	2186	111.392677571025	1
0	2197	112.115768965231	1
0	2208	112.550171459994	1
0	2217	112.88431940099	1
0	2225	113.050683286168	1
0	2240	113.836478681595	1
0	2251	114.308164393295	1
0	2262	115.020622311182	1
0	2268	115.227786859308	1
0	2284	116.137180430469	1
0	2295	116.999804405496	1
0	2301	117.248705272535	1
0	2315	117.622388043632	1
0	2328	119.024990806319	1
0	2339	120.871306100842	1
0	2350	121.303942291746	1
0	2361	121.707982891085	1
0	2364	121.731392607399	1
0	2381	123.014689401659	1
0	2392	124.192781499912	1
0	2398	124.350863338053	1
0	2413	124.812598188508	1
0	2424	125.217988082523	1
0	2427	125.225851638911	1
0	2437	125.613439433631	1
0	2454	126.078152392566	1
0	2465	127.000518319952	1
0	2476	128.025699058335	1
0	2479	128.067505248262	1
0	2481	128.11117629993	1
0	2505	129.106209797693	1
0	2516	129.933146209135	1
0	2527	130.83011015497	1
0	2538	131.608606015788	1
0	2544	131.895385345775	1
0	2560	132.814523227174	1
0	2563	132.834945934549	1
0	2580	133.560329425693	1
0	2591	134.362123837926	1
0	2594	134.381060174291	1
0	2611	135.005908865383	1
0	2622	135.869133328086	1
0	2633	137.25096905486	1
0	2644	137.722202380607	1
0	2655	138.17397376327	1
0	2664	138.537505630598	1
0	2677	140.425807092063	1
0	2680	140.494188958826	1
0	2687	140.696987651136	1
0	2707	142.368613522753	1
0	2713	142.596222764471	1
0	2724	142.787699454447	1
0	2739	143.509632004905	1
0	2745	143.61140885063	1
0	2760	144.276111146047	1
0	2766	144.443264878888	1
0	2781	145.154004467017	1
0	2787	145.350284009569	1
0	2802	146.584360908463	1
0	2805	146.624714303544	1
0	2822	147.318302357325	1
0	2828	147.501449023868	1
0	2843	148.131850451474	1
0	2854	149.920572567782	1
0	2865	150.939312247248	1
0	2876	153.058081670576	1
0	2887	153.627866684734	1
0	2893	153.799195534496	1
0	2901	153.997491408393	1
0	2904	154.015815787069	1
0	2927	154.986462938942	1
0	2938	157.01636785305	1
0	2944	157.170734228481	1
0	2959	157.808371958574	1
0	2970	158.477532318205	1
0	2981	159.015108880771	1
0	2992	159.437305324753	1
0	2995	159.525365730516	1
0	3005	159.789004010897	1
0	3017	160.076596926064	1
0	3026	160.184818727197	1
0	3038	160.500851163042	1
0	3054	161.694395602735	1
0	3060	161.920932302245	1
0	3063	161.966931793018	1
0	3071	162.09313040599	1
0	3094	162.988279650024	1
0	3103	163.324205285617	1
0	3116	163.956891378434	1
0	3127	164.806187449574	1
0	3136	165.147141317603	1
0	3149	165.895047619336	1
0	3160	166.494982604442	1
0	3171	166.989662198251	1
0	3177	167.172379943489	1
0	3190	167.5620087652	1
0	3203	168.649592501207	1
0	3214	169.518762504075	1
0	3220	169.626891652642	1
0	3230	169.993332586647	1
0	3246	170.470079292641	1
0	3249	170.471535249836	1
0	3259	170.814151825101	1
0	3271	171.130722691797	1
0	3287	171.745883233752	1
0	3290	171.758276003681	1
0	3300	172.113851625273	1
0	3315	172.513331148328	1
0	3328	174.18932432754	1
0	3339	175.569339776568	1
0	3350	176.624832018682	1
0	3361	177.067846583992	1
0	3372	178.326118145579	1
0	3378	178.567552920707	1
0	3381	178.581798840083	1
0	3403	180.3030988272	1
0	3406	180.39665601541	1
0	3421	180.820832079752	1
0	3432	181.17722058555	1
0	3440	181.302504060949	1
0	3455	182.032341061034	1
0	3461	182.163931808193	1
0	3469	182.406227282092	1
0	3484	182.800169683702	1
0	3497	183.25730440059	1
0	3500	183.339821053755	1
0	3505	183.36541567527	1
0	3526	184.096610776139	1
0	3537	184.659193592197	1
0	3548	186.364018325499	1
0	3559	186.992784559552	1
0	3570	187.71522423188	1
0	3576	187.992193815432	1
0	3579	188.003858609018	1
0	3584	188.084687573838	1
0	3610	189.520573729276	1
0	3616	189.816824866109	1
0	3627	190.015236942801	1
0	3642	190.752885324335	1
0	3653	191.674781211107	1
0	3664	192.15757659987	1
0	3670	192.373214863422	1
0	3686	193.555324912904	1
0	3695	193.878994264898	1
0	3708	194.354484594368	1
0	3719	195.693295685176	1
0	3725	195.801084103469	1
0	3740	196.78052231742	1
0	3751	197.273256142659	1
0	3762	198.115335449916	1
0	3765	198.14579636462	1
0	3772	198.37935936703	1
0	3792	199.127517772119	1
0	3803	199.721079909516	1
0	3809	199.844522721704	1
0	3812	199.944430365898	1
1	2	0.005735589651	1
1	8	0.255040613964	1
1	22	0.638337493436	1
1	33	1.01861267591	1
1	44	1.395213794696	1
1	47	1.399378225901	1
1	51	1.478398675955	2
1	58	1.687467622076	1
1	65	1.771771988298	1
1	67	1.779148338008	2
1	78	1.914786704006	1
1	111	3.068340748444	1
1	117	3.366527859708	1
1	123	3.447901033795	1
1	132	3.604735460569	1
1	138	3.686801908444	1
1	142	3.735094130812	1
1	155	4.012289792856	1
1	165	4.245424683726	1
1	180	4.620806807974	1
1	188	4.72115606059	1
1	198	4.929810561191	1
1	220	6.089390637913	1
1	226	6.346970446686	1
1	242	8.005331082799	1
1	253	8.735035824424	1
1	256	8.756771311182	1
1	273	10.648235780047	1
1	284	11.30878680368	1
1	295	11.973818020816	1
1	306	12.441542940604	1
1	309	12.521577505269	1
1	326	13.77714627502	1
1	329	13.857551098459	1
1	346	14.462171289089	1
1	357	16.118775227851	1
1	368	16.555318081127	1
1	379	16.998244780326	1
1	390	17.664898189836	1
1	401	19.243454772314	1
1	407	19.512150559935	1
1	423	20.058322320797	1
1	434	20.710404951503	1
1	445	21.168065323333	1
1	456	22.126291469566	1
1	467	22.687540413583	1
1	476	23.03224674988	1
1	489	23.828783168161	1
1	500	25.380987306096	1
1	506	25.639673554811	1
1	522	26.535246145612	1
1	533	27.523899311071	1
1	544	29.776644751569	1
1	547	29.837324112576	1
1	552	29.939564402869	1
1	556	29.985015525417	1
1	572	30.389942879636	1
1	575	30.428480268769	1
1	601	32.02891107331	1
1	610	32.40030810059	1
1	623	32.976988618984	1
1	629	33.106264833085	1
1	644	34.190904916081	1
1	655	35.617192947859	1
1	666	37.561532808134	1
1	677	39.730197215345	1
1	683	39.843074833572	1
1	698	40.452223971622	1
1	704	40.605423636479	1
1	719	41.084847230711	1
1	730	42.221548390874	1
1	741	43.091330093227	1
1	752	44.393408159652	1
1	755	44.419712275651	1
1	772	45.200694073309	1
1	783	45.678160246571	1
1	789	45.912475654574	1
1	792	45.955063992894	1
1	807	46.297578380348	1
1	812	46.393518602294	1
1	831	46.91216218028	1
1	842	47.226065126155	1
1	853	47.603221094294	1
1	866	48.098672898523	1
1	875	48.4561937498	1
1	880	48.539247498266	1
1	890	48.853799727161	1
1	907	50.114329632493	1
1	918	51.238181196403	1
1	929	53.355662078659	1
1	935	53.469768049746	1
1	950	54.93030550159	1
1	961	55.570344936559	1
1	967	55.844721219135	1
1	983	56.513414777696	1
1	989	56.70127299162	1
1	1004	58.127389134818	1
1	1010	58.336883088731	1
1	1013	58.359022928789	1
1	1035	60.743115695115	1
1	1046	61.316005547291	1
1	1049	61.340093846085	1
1	1064	61.899036968451	1
1	1072	62.00159387754	1
1	1082	62.342228076934	1
1	1093	62.522697446015	1
1	1096	62.55268286207	1
1	1107	62.836778181703	1
1	1113	62.858412143873	1
1	1134	63.474402222671	1
1	1142	63.57657307123	1
1	1147	63.727229844717	1
1	1167	64.597628117393	1
1	1173	64.705075344898	1
1	1176	64.802678702202	1
1	1180	64.878234680303	1
1	1187	64.960381215078	1
1	1191	65.000345697897	2
1	1204	65.239750044489	1
1	1222	65.794935751016	1
1	1237	66.159373988366	1
1	1254	67.281999143433	1
1	1265	67.940049804542	1
1	1271	68.180585325673	1
1	1287	69.068965612403	1
1	1290	69.088436415453	1
1	1295	69.259102415118	1
1	1316	70.089904345302	1
1	1327	71.411082769121	1
1	1336	71.767257631141	1
1	1339	71.779980484075	1
1	1343	71.820616165093	2
1	1355	72.079226197067	1
1	1377	73.363913121976	1
1	1383	73.4863900442	1
1	1398	74.383371985003	1
1	1404	74.614248156529	1
1	1407	74.616764017166	1
1	1422	74.939717956908	1
1	1429	75.074736539827	1
1	1444	75.453924857927	1
1	1460	76.173172934867	1
1	1466	76.467437601357	1
1	1477	76.679354064927	1
1	1486	76.811972370335	1
1	1501	77.249770564798	1
1	1509	77.384059971539	1
1	1512	77.404665865178	1
1	1519	77.55006690675	1
1	1542	78.48481249314	1
1	1553	79.20308634108	1
1	1564	79.604422053614	1
1	1570	79.900165322972	1
1	1586	80.303291735	1
1	1597	80.785545637734	1
1	1608	81.781065338252	1
1	1617	82.156101575983	1
1	1620	82.160599693758	1
1	1632	82.469810270231	1
1	1642	82.695902170789	1
1	1659	83.425830341371	1
1	1670	83.896004787994	1
1	1681	84.342834921457	1
1	1684	84.422553155059	1
1	1691	84.62079520262	1
1	1697	84.708106325822	1
1	1720	86.651545009717	1
1	1723	86.682288352868	1
1	1728	86.82236740559	1
1	1744	87.269890346758	1
1	1750	87.352056330503	1
1	1769	89.164300769262	1
1	1780	89.689185876906	1
1	1791	90.382548617841	1
1	1800	90.754972290349	1
1	1813	91.216920198489	1
1	1819	91.328186925045	1
1	1834	92.181133779264	1
1	1837	92.244801455917	1
1	1854	94.894598351672	1
1	1865	95.321181897241	1
1	1868	95.343421671752	1
1	1875	95.531248798924	1
1	1883	95.713025312009	1
1	1888	95.772843131275	1
1	1912	96.434993149427	1
1	1923	96.805981764087	1
1	1928	96.894875118514	1
1	1945	97.444831951846	1
1	1956	98.365467438744	1
1	1959	98.386757297931	1
1	1961	98.403438502192	2
1	1975	98.784788174041	1
1	1995	99.780798644406	1
1	1998	99.828780976623	1
1	2005	100.069496181495	1
1	2025	100.931315834032	1
1	2036	101.424870884483	1
1	2047	102.205302425154	1
1	2050	102.209324260412	1
1	2055	102.376624216306	1
1	2076	103.29413643136	1
1	2079	103.352609658503	1
1	2096	104.894247903679	1
1	2107	106.264429435212	1
1	2110	106.359685766016	1
1	2122	106.76046633657	1
1	2138	108.92722152847	1
1	2141	109.006057952579	1
1	2158	110.27412990171	1
1	2161	110.339797338888	1
1	2166	110.379087188191	1
1	2187	111.392677571025	1
1	2198	112.115768965231	1
1	2209	112.550171459994	1
1	2218	112.88431940099	1
1	2226	113.050683286168	1
1	2241	113.836478681595	1
1	2252	114.308164393295	1
1	2263	115.020622311182	1
1	2269	115.227786859308	1
1	2285	116.137180430469	1
1	2296	116.999804405496	1
1	2302	117.248705272535	1
1	2316	117.622388043632	1
1	2329	119.024990806319	1
1	2340	120.871306100842	1
1	2351	121.303942291746	1
1	2362	121.707982891085	1
1	2365	121.731392607399	1
1	2382	123.014689401659	1
1	2393	124.192781499912	1
1	2399	124.350863338053	1
1	2414	124.812598188508	1
1	2425	125.217988082523	1
1	2428	125.225851638911	1
1	2438	125.613439433631	1
1	2455	126.078152392566	1
1	2466	127.000518319952	1
1	2477	128.025699058335	1
1	2480	128.067505248262	1
1	2482	128.11117629993	2
1	2506	129.106209797693	1
1	2517	129.933146209135	1
1	2528	130.83011015497	1
1	2539	131.608606015788	1
1	2545	131.895385345775	1
1	2561	132.814523227174	1
1	2564	132.834945934549	1
1	2581	133.560329425693	1
1	2592	134.362123837926	1
1	2595	134.381060174291	1
1	2612	135.005908865383	1
1	2623	135.869133328086	1
1	2634	137.25096905486	1
1	2645	137.722202380607	1
1	2656	138.17397376327	1
1	2665	138.537505630598	1
1	2678	140.425807092063	1
1	2681	140.494188958826	1
1	2688	140.696987651136	1
1	2708	142.368613522753	1
1	2714	142.596222764471	1
1	2725	142.787699454447	1
1	2740	143.509632004905	1
1	2746	143.61140885063	1
1	2761	144.276111146047	1
1	2767	144.443264878888	1
1	2782	145.154004467017	1
1	2788	145.350284009569	1
1	2803	146.584360908463	1
1	2806	146.624714303544	1
1	2823	147.318302357325	1
1	2829	147.501449023868	1
1	2844	148.131850451474	1
1	2855	149.920572567782	1
1	2866	150.939312247248	1
1	2877	153.058081670576	1
1	2888	153.627866684734	1
1	2894	153.799195534496	1
1	2902	153.997491408393	1
1	2905	154.015815787069	1
1	2928	154.986462938942	1
1	2939	157.01636785305	1
1	2945	157.170734228481	1
1	2960	157.808371958574	1
1	2971	158.477532318205	1
1	2982	159.015108880771	1
1	2993	159.437305324753	1
1	2996	159.525365730516	1
1	3006	159.789004010897	1
1	3018	160.076596926064	1
1	3027	160.184818727197	1
1	3039	160.500851163042	1
1	3055	161.694395602735	1
1	3061	161.920932302245	1
1	3064	161.966931793018	1
1	3072	162.09313040599	1
1	3095	162.988279650024	1
1	3104	163.324205285617	1
1	3117	163.956891378434	1
1	3128	164.806187449574	1
1	3137	165.147141317603	1
1	3150	165.895047619336	1
1	3161	166.494982604442	1
1	3172	166.989662198251	1
1	3178	167.172379943489	1
1	3191	167.5620087652	1
1	3204	168.649592501207	1
1	3215	169.518762504075	1
1	3221	169.626891652642	1
1	3231	169.993332586647	1
1	3247	170.470079292641	1
1	3250	170.471535249836	1
1	3260	170.814151825101	1
1	3272	171.130722691797	1
1	3288	171.745883233752	1
1	3291	171.758276003681	1
1	3301	172.113851625273	1
1	3316	172.513331148328	1
1	3329	174.18932432754	1
1	3340	175.569339776568	1
1	3351	176.624832018682	1
1	3362	177.067846583992	1
1	3373	178.326118145579	1
1	3379	178.567552920707	1
1	3382	178.581798840083	1
1	3404	180.3030988272	1
1	3407	180.39665601541	1
1	3422	180.820832079752	1
1	3433	181.17722058555	1
1	3441	181.302504060949	1
1	3456	182.032341061034	1
1	3462	182.163931808193	1
1	3470	182.406227282092	1
1	3485	182.800169683702	1
1	3498	183.25730440059	1
1	3501	183.339821053755	1
1	3506	183.36541567527	1
1	3527	184.096610776139	1
1	3538	184.659193592197	1
1	3549	186.364018325499	1
1	3560	186.992784559552	1
1	3571	187.71522423188	1
1	3577	187.992193815432	1
1	3580	188.003858609018	1
1	3585	188.084687573838	2
1	3611	189.520573729276	1
1	3617	189.816824866109	1
1	3628	190.015236942801	1
1	3643	190.752885324335	1
1	3654	191.674781211107	1
1	3665	192.15757659987	1
1	3671	192.373214863422	1
1	3687	193.555324912904	1
1	3696	193.878994264898	1
1	3709	194.354484594368	1
1	3720	195.693295685176	1
1	3726	195.801084103469	1
1	3741	196.78052231742	1
1	3752	197.273256142659	1
1	3763	198.115335449916	1
1	3766	198.14579636462	1
1	3773	198.37935936703	1
1	3793	199.127517772119	1
1	3804	199.721079909516	1
1	3810	199.844522721704	1
1	3813	199.944430365898	1
2	5	0.105835589651	1
2	14	0.355140613964	1
2	27	0.738437493436	1
2	38	1.11871267591	1
2	53	1.495313794696	1
2	56	1.595313794696	1
2	61	1.695313794696	1
2	69	1.795313794696	2
2	74	1.895313794696	2
2	80	1.995313794696	3
2	85	2.095313794696	3
2	114	3.168440748444	1
2	125	3.466627859708	1
2	130	3.566627859708	1
2	140	3.704835460569	1
2	146	3.804835460569	2
2	151	3.904835460569	2
2	161	4.112389792856	2
2	171	4.345524683726	2
2	186	4.720906807974	1
2	193	4.82125606059	2
2	203	5.029910561191	2
2	223	6.189490637913	1
2	232	6.447070446686	1
2	245	8.105431082799	1
2	258	8.835135824424	1
2	261	8.935135824424	1
2	276	10.748335780047	1
2	287	11.40888680368	1
2	298	12.073918020816	1
2	311	12.541642940604	1
2	314	12.641642940604	1
2	331	13.87724627502	1
2	334	13.97724627502	1
2	349	14.562271289089	1
2	360	16.218875227851	1
2	371	16.655418081127	1
2	382	17.098344780326	1
2	393	17.764998189836	1
2	404	19.343554772314	1
2	413	19.612250559935	1
2	426	20.158422320797	1
2	437	20.810504951503	1
2	448	21.268165323333	1
2	459	22.226391469566	1
2	470	22.787640413583	1
2	481	23.13234674988	1
2	492	23.928883168161	1
2	503	25.481087306096	1
2	512	25.739773554811	1
2	525	26.635346145612	1
2	536	27.623999311071	1
2	549	29.876744751569	1
2	554	29.976744751569	1
2	559	30.076744751569	1
2	563	30.176744751569	2
2	580	30.490042879636	1
2	584	30.590042879636	2
2	604	32.12901107331	1
2	615	32.50040810059	1
2	626	33.077088618984	1
2	632	33.206364833085	1
2	647	34.291004916081	1
2	658	35.717292947859	1
2	669	37.661632808134	1
2	680	39.830297215345	1
2	686	39.943174833572	1
2	701	40.552323971622	1
2	707	40.705523636479	1
2	722	41.184947230711	1
2	733	42.321648390874	1
2	744	43.191430093227	1
2	757	44.493508159652	1
2	760	44.593508159652	1
2	775	45.300794073309	1
2	786	45.778260246571	1
2	797	46.012575654574	1
2	802	46.112575654574	1
2	814	46.397678380348	1
2	819	46.497678380348	1
2	836	47.01226218028	1
2	847	47.326165126155	1
2	858	47.703321094294	1
2	869	48.198772898523	1
2	882	48.5562937498	1
2	885	48.6562937498	1
2	895	48.953899727161	1
2	910	50.214429632493	1
2	921	51.338281196403	1
2	932	53.455762078659	1
2	938	53.569868049746	1
2	953	55.03040550159	1
2	964	55.670444936559	1
2	973	55.944821219135	1
2	986	56.613514777696	1
2	992	56.80137299162	1
2	1007	58.227489134818	1
2	1018	58.436983088731	1
2	1023	58.536983088731	1
2	1038	60.843215695115	1
2	1051	61.416105547291	1
2	1054	61.516105547291	1
2	1069	61.999136968451	1
2	1075	62.10169387754	1
2	1088	62.442328076934	1
2	1098	62.622797446015	1
2	1103	62.722797446015	1
2	1115	62.936878181703	1
2	1119	63.036878181703	2
2	1139	63.574502222671	1
2	1145	63.67667307123	1
2	1153	63.827329844717	1
2	1170	64.697728117393	1
2	1178	64.805175344898	1
2	1185	64.905175344898	1
2	1193	65.005175344898	2
2	1198	65.105175344898	2
2	1202	65.205175344898	3
2	1210	65.339850044489	3
2	1227	65.895035751016	2
2	1242	66.259473988366	1
2	1257	67.382099143433	1
2	1268	68.040149804542	1
2	1277	68.280685325673	1
2	1292	69.169065612403	1
2	1297	69.269065612403	1
2	1300	69.369065612403	1
2	1319	70.190004345302	1
2	1330	71.511182769121	1
2	1345	71.867357631141	1
2	1348	71.967357631141	1
2	1351	72.067357631141	1
2	1360	72.179326197067	2
2	1380	73.464013121976	1
2	1386	73.5864900442	1
2	1401	74.483471985003	1
2	1412	74.714348156529	1
2	1417	74.814348156529	1
2	1427	75.039817956908	1
2	1435	75.174836539827	1
2	1450	75.554024857927	1
2	1463	76.273272934867	1
2	1472	76.567537601357	1
2	1483	76.779454064927	1
2	1491	76.912072370335	1
2	1506	77.349870564798	1
2	1514	77.484159971539	1
2	1521	77.584159971539	1
2	1525	77.684159971539	2
2	1545	78.58491249314	1
2	1556	79.30318634108	1
2	1567	79.704522053614	1
2	1576	80.000265322972	1
2	1589	80.403391735	1
2	1600	80.885645637734	1
2	1611	81.881165338252	1
2	1624	82.256201575983	1
2	1627	82.356201575983	1
2	1637	82.569910270231	1
2	1647	82.796002170789	1
2	1662	83.525930341371	1
2	1673	83.996104787994	1
2	1686	84.442934921457	1
2	1689	84.542934921457	1
2	1699	84.72089520262	1
2	1703	84.82089520262	2
2	1725	86.751645009717	1
2	1730	86.851645009717	1
2	1733	86.951645009717	1
2	1752	87.369990346758	1
2	1757	87.469990346758	1
2	1772	89.264400769262	1
2	1783	89.789285876906	1
2	1794	90.482648617841	1
2	1805	90.855072290349	1
2	1816	91.317020198489	1
2	1822	91.428286925045	1
2	1839	92.281233779264	1
2	1842	92.381233779264	1
2	1857	94.994698351672	1
2	1870	95.421281897241	1
2	1873	95.521281897241	1
2	1881	95.631348798924	1
2	1890	95.813125312009	2
2	1895	95.913125312009	2
2	1917	96.535093149427	1
2	1930	96.906081764087	1
2	1933	97.006081764087	1
2	1948	97.544931951846	1
2	1963	98.465567438744	1
2	1966	98.565567438744	1
2	1969	98.665567438744	1
2	1981	98.884888174041	1
2	2000	99.880898644406	1
2	2003	99.980898644406	1
2	2011	100.169596181495	1
2	2028	101.031415834032	1
2	2039	101.524970884483	1
2	2052	102.305402425154	1
2	2057	102.405402425154	1
2	2060	102.505402425154	1
2	2081	103.39423643136	1
2	2084	103.49423643136	1
2	2099	104.994347903679	1
2	2112	106.364529435212	1
2	2115	106.464529435212	1
2	2128	106.86056633657	1
2	2143	109.02732152847	1
2	2146	109.12732152847	1
2	2163	110.37422990171	1
2	2168	110.47422990171	1
2	2171	110.57422990171	1
2	2190	111.492777571025	1
2	2201	112.215868965231	1
2	2212	112.650271459994	1
2	2223	112.98441940099	1
2	2229	113.150783286168	1
2	2244	113.936578681595	1
2	2255	114.408264393295	1
2	2266	115.120722311182	1
2	2275	115.327886859308	1
2	2288	116.237280430469	1
2	2299	117.099904405496	1
2	2308	117.348805272535	1
2	2321	117.722488043632	1
2	2332	119.125090806319	1
2	2343	120.971406100842	1
2	2354	121.404042291746	1
2	2367	121.808082891085	1
2	2370	121.908082891085	1
2	2385	123.114789401659	1
2	2396	124.292881499912	1
2	2402	124.450963338053	1
2	2417	124.912698188508	1
2	2430	125.318088082523	1
2	2433	125.418088082523	1
2	2443	125.713539433631	1
2	2458	126.178252392566	1
2	2469	127.100618319952	1
2	2484	128.125799058335	1
2	2487	128.225799058335	1
2	2490	128.325799058335	1
2	2509	129.206309797693	1
2	2520	130.033246209135	1
2	2531	130.93021015497	1
2	2542	131.708706015788	1
2	2551	131.995485345775	1
2	2566	132.914623227174	1
2	2569	133.014623227174	1
2	2584	133.660429425693	1
2	2597	134.462223837926	1
2	2600	134.562223837926	1
2	2615	135.106008865383	1
2	2626	135.969233328086	1
2	2637	137.35106905486	1
2	2648	137.822302380607	1
2	2659	138.27407376327	1
2	2670	138.637605630598	1
2	2683	140.525907092063	1
2	2686	140.625907092063	1
2	2694	140.797087651136	1
2	2711	142.468713522753	1
2	2720	142.696322764471	1
2	2728	142.887799454447	1
2	2743	143.609732004905	1
2	2749	143.71150885063	1
2	2764	144.376211146047	1
2	2770	144.543364878888	1
2	2785	145.254104467017	1
2	2791	145.450384009569	1
2	2808	146.684460908463	1
2	2811	146.784460908463	1
2	2826	147.418402357325	1
2	2832	147.601549023868	1
2	2847	148.231950451474	1
2	2858	150.020672567782	1
2	2869	151.039412247248	1
2	2880	153.158181670576	1
2	2891	153.727966684734	1
2	2897	153.899295534496	1
2	2909	154.097591408393	1
2	2914	154.197591408393	1
2	2931	155.086562938942	1
2	2942	157.11646785305	1
2	2948	157.270834228481	1
2	2963	157.908471958574	1
2	2974	158.577632318205	1
2	2985	159.115208880771	1
2	2998	159.537405324753	1
2	3001	159.637405324753	1
2	3011	159.889104010897	1
2	3024	160.176696926064	1
2	3032	160.284918727197	1
2	3045	160.600951163042	1
2	3058	161.794495602735	1
2	3069	162.021032302245	1
2	3076	162.121032302245	1
2	3079	162.221032302245	1
2	3098	163.088379650024	1
2	3109	163.424305285617	1
2	3120	164.056991378434	1
2	3131	164.906287449574	1
2	3142	165.247241317603	1
2	3153	165.995147619336	1
2	3164	166.595082604442	1
2	3175	167.089762198251	1
2	3181	167.272479943489	1
2	3196	167.6621087652	1
2	3207	168.749692501207	1
2	3218	169.618862504075	1
2	3224	169.726991652642	1
2	3237	170.093432586647	1
2	3252	170.570179292641	1
2	3255	170.670179292641	1
2	3265	170.914251825101	1
2	3278	171.230822691797	1
2	3293	171.845983233752	1
2	3296	171.945983233752	1
2	3306	172.213951625273	1
2	3321	172.613431148328	1
2	3332	174.28942432754	1
2	3343	175.669439776568	1
2	3354	176.724932018682	1
2	3365	177.167946583992	1
2	3376	178.426218145579	1
2	3387	178.667652920707	1
2	3392	178.767652920707	1
2	3409	180.4031988272	1
2	3412	180.5031988272	1
2	3427	180.920932079752	1
2	3438	181.27732058555	1
2	3444	181.402604060949	1
2	3459	182.132441061034	1
2	3465	182.264031808193	1
2	3475	182.506327282092	1
2	3490	182.900269683702	1
2	3503	183.35740440059	1
2	3508	183.45740440059	1
2	3511	183.55740440059	1
2	3530	184.196710776139	1
2	3541	184.759293592197	1
2	3552	186.464118325499	1
2	3563	187.092884559552	1
2	3574	187.81532423188	1
2	3587	188.092293815432	1
2	3592	188.192293815432	1
2	3595	188.292293815432	1
2	3614	189.620673729276	1
2	3623	189.916924866109	1
2	3631	190.115336942801	1
2	3646	190.852985324335	1
2	3657	191.774881211107	1
2	3668	192.25767659987	1
2	3677	192.473314863422	1
2	3690	193.655424912904	1
2	3701	193.979094264898	1
2	3712	194.454584594368	1
2	3723	195.793395685176	1
2	3729	195.901184103469	1
2	3744	196.88062231742	1
2	3755	197.373356142659	1
2	3768	198.215435449916	1
2	3771	198.315435449916	1
2	3779	198.47945936703	1
2	3796	199.227617772119	1
2	3807	199.821179909516	1
2	3815	199.944622721704	1
3	11	0.305935589651	1
3	19	0.555240613964	1
3	30	0.938537493436	1
3	41	1.31881267591	1
3	62	1.695413794696	1
3	75	1.895413794696	1
3	86	2.095413794696	1
3	91	2.295413794696	1
3	96	2.495413794696	1
3	101	2.695413794696	1
3	106	2.895413794696	1
3	120	3.368540748444	1
3	135	3.666727859708	1
3	148	3.866727859708	1
3	158	4.066727859708	1
3	168	4.266727859708	1
3	175	4.466727859708	1
3	183	4.666727859708	1
3	195	4.866727859708	1
3	205	5.066727859708	1
3	210	5.266727859708	1
3	215	5.466727859708	1
3	229	6.389590637913	1
3	237	6.647170446686	1
3	248	8.305531082799	1
3	263	9.035235824424	1
3	268	9.235235824424	1
3	279	10.948435780047	1
3	290	11.60898680368	1
3	301	12.274018020816	1
3	316	12.741742940604	1
3	321	12.941742940604	1
3	336	14.07734627502	1
3	341	14.27734627502	1
3	352	14.762371289089	1
3	363	16.418975227851	1
3	374	16.855518081127	1
3	385	17.298444780326	1
3	396	17.965098189836	1
3	410	19.543654772314	1
3	418	19.812350559935	1
3	429	20.358522320797	1
3	440	21.010604951503	1
3	451	21.468265323333	1
3	462	22.426491469566	1
3	473	22.987740413583	1
3	484	23.33244674988	1
3	495	24.128983168161	1
3	509	25.681187306096	1
3	517	25.939873554811	1
3	528	26.835446145612	1
3	539	27.824099311071	1
3	560	30.076844751569	1
3	567	30.276844751569	1
3	577	30.476844751569	1
3	586	30.676844751569	1
3	591	30.876844751569	1
3	596	31.076844751569	1
3	607	32.32911107331	1
3	618	32.70050810059	1
3	634	33.277188618984	1
3	639	33.477188618984	1
3	650	34.491104916081	1
3	661	35.917392947859	1
3	672	37.861732808134	1
3	688	40.030397215345	1
3	693	40.230397215345	1
3	709	40.752423971622	1
3	714	40.952423971622	1
3	725	41.385047230711	1
3	736	42.521748390874	1
3	747	43.391530093227	1
3	762	44.693608159652	1
3	767	44.893608159652	1
3	778	45.500894073309	1
3	794	45.978360246571	1
3	804	46.212675654574	1
3	816	46.412675654574	1
3	823	46.612675654574	1
3	828	46.812675654574	1
3	839	47.21236218028	1
3	850	47.526265126155	1
3	861	47.903421094294	1
3	872	48.398872898523	1
3	887	48.7563937498	1
3	897	48.9563937498	1
3	902	49.1563937498	1
3	913	50.414529632493	1
3	924	51.538381196403	1
3	940	53.655862078659	1
3	945	53.855862078659	1
3	956	55.23050550159	1
3	970	55.870544936559	1
3	978	56.144921219135	1
3	994	56.813614777696	1
3	999	57.013614777696	1
3	1015	58.427589134818	1
3	1025	58.637083088731	1
3	1030	58.837083088731	1
3	1041	61.043315695115	1
3	1056	61.616205547291	1
3	1061	61.816205547291	1
3	1077	62.199236968451	1
3	1085	62.399236968451	1
3	1100	62.642428076934	1
3	1110	62.842428076934	1
3	1121	63.042428076934	1
3	1126	63.242428076934	1
3	1131	63.442428076934	1
3	1150	63.774602222671	1
3	1157	63.974602222671	1
3	1162	64.174602222671	1
3	1182	64.897828117393	1
3	1195	65.097828117393	1
3	1207	65.297828117393	1
3	1214	65.497828117393	1
3	1219	65.697828117393	1
3	1229	65.897828117393	1
3	1234	66.097828117393	1
3	1244	66.297828117393	1
3	1249	66.497828117393	1
3	1260	67.582199143433	1
3	1274	68.240249804542	1
3	1282	68.480785325673	1
3	1301	69.369165612403	1
3	1306	69.569165612403	1
3	1311	69.769165612403	1
3	1322	70.390104345302	1
3	1333	71.711282769121	1
3	1352	72.067457631141	1
3	1362	72.267457631141	1
3	1367	72.467457631141	1
3	1372	72.667457631141	1
3	1388	73.664113121976	1
3	1393	73.864113121976	1
3	1409	74.683571985003	1
3	1419	74.914448156529	1
3	1432	75.114448156529	1
3	1439	75.314448156529	1
3	1447	75.514448156529	1
3	1455	75.754124857927	1
3	1469	76.473372934867	1
3	1480	76.767637601357	1
3	1493	76.979554064927	1
3	1498	77.179554064927	1
3	1516	77.549970564798	1
3	1527	77.749970564798	1
3	1532	77.949970564798	1
3	1537	78.149970564798	1
3	1548	78.78501249314	1
3	1559	79.50328634108	1
3	1573	79.904622053614	1
3	1581	80.200365322972	1
3	1592	80.603491735	1
3	1603	81.085745637734	1
3	1614	82.081265338252	1
3	1629	82.456301575983	1
3	1639	82.656301575983	1
3	1649	82.856301575983	1
3	1654	83.056301575983	1
3	1665	83.726030341371	1
3	1676	84.196204787994	1
3	1694	84.643034921457	1
3	1705	84.843034921457	1
3	1710	85.043034921457	1
3	1715	85.243034921457	1
3	1734	86.951745009717	1
3	1739	87.151745009717	1
3	1747	87.351745009717	1
3	1759	87.570090346758	1
3	1764	87.770090346758	1
3	1775	89.464500769262	1
3	1786	89.989385876906	1
3	1797	90.682748617841	1
3	1808	91.055172290349	1
3	1824	91.517120198489	1
3	1829	91.717120198489	1
3	1844	92.481333779264	1
3	1849	92.681333779264	1
3	1860	95.194798351672	1
3	1878	95.621381897241	1
3	1892	95.821381897241	1
3	1899	96.021381897241	1
3	1904	96.221381897241	1
3	1909	96.421381897241	1
3	1920	96.735193149427	1
3	1935	97.106181764087	1
3	1940	97.306181764087	1
3	1951	97.745031951846	1
3	1970	98.665667438744	1
3	1978	98.865667438744	1
3	1985	99.065667438744	1
3	1990	99.265667438744	1
3	2008	100.080998644406	1
3	2015	100.280998644406	1
3	2020	100.480998644406	1
3	2031	101.231515834032	1
3	2042	101.725070884483	1
3	2061	102.505502425154	1
3	2066	102.705502425154	1
3	2071	102.905502425154	1
3	2086	103.59433643136	1
3	2091	103.79433643136	1
3	2102	105.194447903679	1
3	2117	106.564629435212	1
3	2125	106.764629435212	1
3	2133	107.06066633657	1
3	2148	109.22742152847	1
3	2153	109.42742152847	1
3	2172	110.57432990171	1
3	2177	110.77432990171	1
3	2182	110.97432990171	1
3	2193	111.692877571025	1
3	2204	112.415968965231	1
3	2215	112.850371459994	1
3	2231	113.18451940099	1
3	2236	113.38451940099	1
3	2247	114.136678681595	1
3	2258	114.608364393295	1
3	2272	115.320822311182	1
3	2280	115.527986859308	1
3	2291	116.437380430469	1
3	2305	117.300004405496	1
3	2313	117.548905272535	1
3	2324	117.922588043632	1
3	2335	119.325190806319	1
3	2346	121.171506100842	1
3	2357	121.604142291746	1
3	2372	122.008182891085	1
3	2377	122.208182891085	1
3	2388	123.314889401659	1
3	2404	124.492981499912	1
3	2409	124.692981499912	1
3	2420	125.112798188508	1
3	2435	125.518188082523	1
3	2445	125.718188082523	1
3	2450	125.918188082523	1
3	2461	126.378352392566	1
3	2472	127.300718319952	1
3	2491	128.325899058335	1
3	2496	128.525899058335	1
3	2501	128.725899058335	1
3	2512	129.406409797693	1
3	2523	130.233346209135	1
3	2534	131.13031015497	1
3	2548	131.908806015788	1
3	2556	132.195585345775	1
3	2571	133.114723227174	1
3	2576	133.314723227174	1
3	2587	133.860529425693	1
3	2602	134.662323837926	1
3	2607	134.862323837926	1
3	2618	135.306108865383	1
3	2629	136.169333328086	1
3	2640	137.55116905486	1
3	2651	138.022402380607	1
3	2662	138.47417376327	1
3	2673	138.837705630598	1
3	2691	140.726007092063	1
3	2698	140.926007092063	1
3	2703	141.126007092063	1
3	2717	142.668813522753	1
3	2730	142.896422764471	1
3	2735	143.096422764471	1
3	2751	143.809832004905	1
3	2756	144.009832004905	1
3	2772	144.576311146047	1
3	2777	144.776311146047	1
3	2793	145.454204467017	1
3	2798	145.654204467017	1
3	2813	146.884560908463	1
3	2818	147.084560908463	1
3	2834	147.618502357325	1
3	2839	147.818502357325	1
3	2850	148.432050451474	1
3	2861	150.220772567782	1
3	2872	151.239512247248	1
3	2883	153.358281670576	1
3	2899	153.928066684734	1
3	2911	154.128066684734	1
3	2918	154.328066684734	1
3	2923	154.528066684734	1
3	2934	155.286662938942	1
3	2950	157.31656785305	1
3	2955	157.51656785305	1
3	2966	158.108571958574	1
3	2977	158.777732318205	1
3	2988	159.315308880771	1
3	3003	159.737505324753	1
3	3013	159.937505324753	1
3	3021	160.137505324753	1
3	3034	160.376796926064	1
3	3042	160.576796926064	1
3	3050	160.801051163042	1
3	3066	161.994595602735	1
3	3080	162.221132302245	1
3	3085	162.421132302245	1
3	3090	162.621132302245	1
3	3101	163.288479650024	1
3	3112	163.624405285617	1
3	3123	164.257091378434	1
3	3134	165.106387449574	1
3	3145	165.447341317603	1
3	3156	166.195247619336	1
3	3167	166.795182604442	1
3	3183	167.289862198251	1
3	3188	167.489862198251	1
3	3199	167.8622087652	1
3	3210	168.949792501207	1
3	3226	169.818962504075	1
3	3234	170.018962504075	1
3	3242	170.293532586647	1
3	3257	170.770279292641	1
3	3267	170.970279292641	1
3	3275	171.170279292641	1
3	3283	171.430922691797	1
3	3298	172.046083233752	1
3	3308	172.246083233752	1
3	3313	172.446083233752	1
3	3324	172.813531148328	1
3	3335	174.48952432754	1
3	3346	175.869539776568	1
3	3357	176.925032018682	1
3	3368	177.368046583992	1
3	3384	178.626318145579	1
3	3394	178.867752920707	1
3	3399	179.067752920707	1
3	3414	180.6032988272	1
3	3419	180.8032988272	1
3	3430	181.121032079752	1
3	3446	181.47742058555	1
3	3451	181.67742058555	1
3	3467	182.332541061034	1
3	3477	182.532541061034	1
3	3482	182.732541061034	1
3	3493	183.100369683702	1
3	3512	183.55750440059	1
3	3517	183.75750440059	1
3	3522	183.95750440059	1
3	3533	184.396810776139	1
3	3544	184.959393592197	1
3	3555	186.664218325499	1
3	3566	187.292984559552	1
3	3582	188.01542423188	1
3	3596	188.292393815432	1
3	3601	188.492393815432	1
3	3606	188.692393815432	1
3	3620	189.820773729276	1
3	3633	190.117024866109	1
3	3638	190.317024866109	1
3	3649	191.053085324335	1
3	3660	191.974981211107	1
3	3674	192.45777659987	1
3	3682	192.673414863422	1
3	3693	193.855524912904	1
3	3704	194.179194264898	1
3	3715	194.654684594368	1
3	3731	195.993495685176	1
3	3736	196.193495685176	1
3	3747	197.08072231742	1
3	3758	197.573456142659	1
3	3776	198.415535449916	1
3	3783	198.615535449916	1
3	3788	198.815535449916	1
3	3799	199.427717772119	1
4	16	0.405935589651	0.4002
4	24	0.655240613964	0.4002
4	35	1.038537493436	0.4002
4	48	1.41881267591	0.4002
4	70	1.795413794696	0.4002
4	81	1.995413794696	0.596035568795
4	88	2.195413794696	0.717015118741
4	93	2.395413794696	0.70794617262
4	98	2.595413794696	0.823641806398
4	103	2.795413794696	1.016265456688
4	108	2.995413794696	1.08062709069
4	127	3.468540748444	0.4002
4	143	3.766727859708	0.4002
4	152	3.966727859708	0.518826825913
4	162	4.166727859708	0.561992399139
4	172	4.366727859708	0.679925951264
4	177	4.566727859708	0.831633728896
4	190	4.766727859708	0.754438066852
4	200	4.966727859708	0.721303175982
4	207	5.166727859708	0.545921051734
4	212	5.366727859708	0.645571799118
4	217	5.566727859708	0.636917298517
4	234	6.489590637913	0.4002
4	239	6.747170446686	0.4002
4	250	8.405531082799	0.4002
4	265	9.135235824424	0.4002
4	270	9.335235824424	0.578464513242
4	281	11.048435780047	0.4002
4	292	11.70898680368	0.4002
4	303	12.374018020816	0.4002
4	318	12.841742940604	0.4002
4	323	13.041742940604	0.520165435335
4	338	14.17734627502	0.4002
4	343	14.37734627502	0.519795176561
4	354	14.862371289089	0.4002
4	365	16.518975227851	0.4002
4	376	16.955518081127	0.4002
4	387	17.398444780326	0.4002
4	398	18.065098189836	0.4002
4	415	19.643654772314	0.4002
4	420	19.912350559935	0.4002
4	431	20.458522320797	0.4002
4	442	21.110604951503	0.4002
4	453	21.568265323333	0.4002
4	464	22.526491469566	0.4002
4	478	23.087740413583	0.4002
4	486	23.43244674988	0.4002
4	497	24.228983168161	0.4002
4	514	25.781187306096	0.4002
4	519	26.039873554811	0.4002
4	530	26.935446145612	0.4002
4	541	27.924099311071	0.4002
4	564	30.176844751569	0.4002
4	569	30.376844751569	0.539520638993
4	581	30.576844751569	0.6372803487
4	588	30.776844751569	0.791829226152
4	593	30.976844751569	0.586901871933
4	598	31.176844751569	0.7483644828
4	612	32.42911107331	0.4002
4	620	32.80050810059	0.4002
4	636	33.377188618984	0.4002
4	641	33.577188618984	0.470923785899
4	652	34.591104916081	0.4002
4	663	36.017392947859	0.4002
4	674	37.961732808134	0.4002
4	690	40.130397215345	0.4002
4	695	40.330397215345	0.487322381773
4	711	40.852423971622	0.4002
4	716	41.052423971622	0.447000335143
4	727	41.485047230711	0.4002
4	738	42.621748390874	0.4002
4	749	43.491530093227	0.4002
4	764	44.793608159652	0.4002
4	769	44.993608159652	0.573895884001
4	780	45.600894073309	0.4002
4	799	46.078360246571	0.4002
4	809	46.312675654574	0.4002
4	820	46.512675654574	0.55761166168
4	825	46.712675654574	0.415097274226
4	833	46.912675654574	0.51915705228
4	844	47.31236218028	0.4002
4	855	47.626265126155	0.4002
4	863	48.003421094294	0.4002
4	877	48.498872898523	0.4002
4	892	48.8563937498	0.4002
4	899	49.0563937498	0.517146251534
4	904	49.2563937498	0.402594022639
4	915	50.514529632493	0.4002
4	926	51.638381196403	0.4002
4	942	53.755862078659	0.4002
4	947	53.955862078659	0.486094028913
4	958	55.33050550159	0.4002
4	975	55.970544936559	0.4002
4	980	56.244921219135	0.4002
4	996	56.913614777696	0.4002
4	1001	57.113614777696	0.412341786076
4	1020	58.527589134818	0.4002
4	1027	58.737083088731	0.4002
4	1032	58.937083088731	0.578060159942
4	1043	61.143315695115	0.4002
4	1058	61.716205547291	0.4002
4	1066	61.916205547291	0.576111701206
4	1079	62.299236968451	0.4002
4	1090	62.499236968451	0.497643090911
4	1104	62.742428076934	0.4002
4	1116	62.942428076934	0.419730630919
4	1123	63.142428076934	0.589745214864
4	1128	63.342428076934	0.505649895231
4	1136	63.542428076934	0.684015933061
4	1154	63.874602222671	0.4002
4	1159	64.074602222671	0.498029151441
4	1164	64.274602222671	0.547372377954
4	1188	64.997828117393	0.4002
4	1199	65.197828117393	0.492752772495
4	1211	65.397828117393	0.595149415191
4	1216	65.597828117393	0.71959343709
4	1224	65.797828117393	0.837446902315
4	1231	65.997828117393	0.997482419496
4	1239	66.197828117393	0.958078072904
4	1246	66.397828117393	0.602892366377
4	1251	66.597828117393	0.438454129027
4	1262	67.682199143433	0.4002
4	1279	68.340249804542	0.4002
4	1284	68.580785325673	0.4002
4	1303	69.469165612403	0.4002
4	1308	69.669165612403	0.58072919695
4	1313	69.869165612403	0.610063197285
4	1324	70.490104345302	0.4002
4	1340	71.811282769121	0.4002
4	1357	72.167457631141	0.4002
4	1364	72.367457631141	0.587477147066
4	1369	72.567457631141	0.746841466048
4	1374	72.767457631141	0.688231434074
4	1390	73.764113121976	0.4002
4	1395	73.964113121976	0.477723077776
4	1414	74.783571985003	0.4002
4	1424	75.014448156529	0.4002
4	1436	75.214448156529	0.597684139363
4	1441	75.414448156529	0.474730199621
4	1452	75.614448156529	0.539711616702
4	1457	75.854124857927	0.4002
4	1474	76.573372934867	0.4002
4	1488	76.867637601357	0.4002
4	1495	77.079554064927	0.4002
4	1503	77.279554064927	0.467581694592
4	1522	77.649970564798	0.4002
4	1529	77.849970564798	0.465910593259
4	1534	78.049970564798	0.64530469962
4	1539	78.249970564798	0.699903658048
4	1550	78.88501249314	0.4002
4	1561	79.60328634108	0.4002
4	1578	80.004622053614	0.4002
4	1583	80.300365322972	0.4002
4	1594	80.703491735	0.4002
4	1605	81.185745637734	0.4002
4	1621	82.181265338252	0.4002
4	1634	82.556301575983	0.4002
4	1644	82.756301575983	0.595701882225
4	1651	82.956301575983	0.486491305752
4	1656	83.156301575983	0.460399405194
4	1667	83.826030341371	0.4002
4	1678	84.296204787994	0.4002
4	1700	84.743034921457	0.4002
4	1707	84.943034921457	0.520481766398
4	1712	85.143034921457	0.522239718837
4	1717	85.343034921457	0.634928595635
4	1736	87.051745009717	0.4002
4	1741	87.251745009717	0.569456656849
4	1754	87.451745009717	0.629377604127
4	1761	87.670090346758	0.4002
4	1766	87.870090346758	0.518034016255
4	1777	89.564500769262	0.4002
4	1788	90.089385876906	0.4002
4	1802	90.782748617841	0.4002
4	1810	91.155172290349	0.4002
4	1826	91.617120198489	0.4002
4	1831	91.817120198489	0.488933273444
4	1846	92.581333779264	0.4002
4	1851	92.781333779264	0.536532323347
4	1862	95.294798351672	0.4002
4	1885	95.721381897241	0.4002
4	1896	95.921381897241	0.577960225489
4	1901	96.121381897241	0.590133098317
4	1906	96.321381897241	0.608356585232
4	1914	96.521381897241	0.748538765966
4	1925	96.835193149427	0.4002
4	1937	97.206181764087	0.4002
4	1942	97.406181764087	0.511306645573
4	1953	97.845031951846	0.4002
4	1972	98.765667438744	0.4002
4	1982	98.965667438744	0.578910140813
4	1987	99.165667438744	0.762228936552
4	1992	99.365667438744	0.580879264703
4	2012	100.180998644406	0.4002
4	2017	100.380998644406	0.552217667783
4	2022	100.580998644406	0.511502462911
4	2033	101.331515834032	0.4002
4	2044	101.825070884483	0.4002
4	2063	102.605502425154	0.4002
4	2068	102.805502425154	0.596178164742
4	2073	103.005502425154	0.628878208848
4	2088	103.69433643136	0.4002
4	2093	103.89433643136	0.541726772857
4	2104	105.294447903679	0.4002
4	2119	106.664629435212	0.4002
4	2130	106.864629435212	0.504943669196
4	2135	107.16066633657	0.4002
4	2150	109.32742152847	0.4002
4	2155	109.52742152847	0.521363575891
4	2174	110.67432990171	0.4002
4	2179	110.87432990171	0.534532562822
4	2184	111.07432990171	0.695242713519
4	2195	111.792877571025	0.4002
4	2206	112.515968965231	0.4002
4	2220	112.950371459994	0.4002
4	2233	113.28451940099	0.4002
4	2238	113.48451940099	0.433836114822
4	2249	114.236678681595	0.4002
4	2260	114.708364393295	0.4002
4	2277	115.420822311182	0.4002
4	2282	115.627986859308	0.4002
4	2293	116.537380430469	0.4002
4	2310	117.400004405496	0.4002
4	2318	117.648905272535	0.4002
4	2326	118.022588043632	0.4002
4	2337	119.425190806319	0.4002
4	2348	121.271506100842	0.4002
4	2359	121.704142291746	0.4002
4	2374	122.108182891085	0.4002
4	2379	122.308182891085	0.576790283686
4	2390	123.414889401659	0.4002
4	2406	124.592981499912	0.4002
4	2411	124.792981499912	0.442118161859
4	2422	125.212798188508	0.4002
4	2440	125.618188082523	0.4002
4	2447	125.818188082523	0.592336443612
4	2452	126.018188082523	0.404748648892
4	2463	126.478352392566	0.4002
4	2474	127.400718319952	0.4002
4	2493	128.425899058335	0.4002
4	2498	128.625899058335	0.558393810073
4	2503	128.825899058335	0.714722758405
4	2514	129.506409797693	0.4002
4	2525	130.333346209135	0.4002
4	2536	131.23031015497	0.4002
4	2553	132.008806015788	0.4002
4	2558	132.295585345775	0.4002
4	2573	133.214723227174	0.4002
4	2578	133.414723227174	0.579777292625
4	2589	133.960529425693	0.4002
4	2604	134.762323837926	0.4002
4	2609	134.962323837926	0.581263663635
4	2620	135.406108865383	0.4002
4	2631	136.269333328086	0.4002
4	2642	137.65116905486	0.4002
4	2653	138.122402380607	0.4002
4	2667	138.57417376327	0.4002
4	2675	138.937705630598	0.4002
4	2695	140.826007092063	0.4002
4	2700	141.026007092063	0.531818133237
4	2705	141.226007092063	0.529019440927
4	2722	142.768813522753	0.4002
4	2732	142.996422764471	0.4002
4	2737	143.196422764471	0.408723310024
4	2753	143.909832004905	0.4002
4	2758	144.109832004905	0.498423154275
4	2774	144.676311146047	0.4002
4	2779	144.876311146047	0.433046267159
4	2795	145.554204467017	0.4002
4	2800	145.754204467017	0.403920457448
4	2815	146.984560908463	0.4002
4	2820	147.184560908463	0.559846604919
4	2836	147.718502357325	0.4002
4	2841	147.918502357325	0.417053333457
4	2852	148.532050451474	0.4002
4	2863	150.320772567782	0.4002
4	2874	151.339512247248	0.4002
4	2885	153.458281670576	0.4002
4	2906	154.028066684734	0.4002
4	2915	154.228066684734	0.428871150238
4	2920	154.428066684734	0.430575276341
4	2925	154.628066684734	0.612250897665
4	2936	155.386662938942	0.4002
4	2952	157.41656785305	0.4002
4	2957	157.61656785305	0.445833624569
4	2968	158.208571958574	0.4002
4	2979	158.877732318205	0.4002
4	2990	159.415308880771	0.4002
4	3008	159.837505324753	0.4002
4	3015	160.037505324753	0.512139594237
4	3029	160.237505324753	0.448501313856
4	3036	160.476796926064	0.4002
4	3047	160.676796926064	0.491978198867
4	3052	160.901051163042	0.4002
4	3073	162.094595602735	0.4002
4	3082	162.321132302245	0.4002
4	3087	162.521132302245	0.554200509227
4	3092	162.721132302245	0.628001896255
4	3106	163.388479650024	0.4002
4	3114	163.724405285617	0.4002
4	3125	164.357091378434	0.4002
4	3139	165.206387449574	0.4002
4	3147	165.547341317603	0.4002
4	3158	166.295247619336	0.4002
4	3169	166.895182604442	0.4002
4	3185	167.389862198251	0.4002
4	3193	167.589862198251	0.417482254762
4	3201	167.9622087652	0.4002
4	3212	169.049792501207	0.4002
4	3228	169.918962504075	0.4002
4	3239	170.118962504075	0.492070851433
4	3244	170.393532586647	0.4002
4	3262	170.870279292641	0.4002
4	3269	171.070279292641	0.598744042805
4	3280	171.270279292641	0.45612746754
4	3285	171.530922691797	0.4002
4	3303	172.146083233752	0.4002
4	3310	172.346083233752	0.587807230071
4	3318	172.546083233752	0.432231608479
4	3326	172.913531148328	0.4002
4	3337	174.58952432754	0.4002
4	3348	175.969539776568	0.4002
4	3359	177.025032018682	0.4002
4	3370	177.468046583992	0.4002
4	3389	178.726318145579	0.4002
4	3396	178.967752920707	0.4002
4	3401	179.167752920707	0.585954080624
4	3416	180.7032988272	0.4002
4	3424	180.9032988272	0.50664281179
4	3435	181.221032079752	0.4002
4	3448	181.57742058555	0.4002
4	3453	181.77742058555	0.474916524601
4	3472	182.432541061034	0.4002
4	3479	182.632541061034	0.468609252841
4	3487	182.832541061034	0.426313778942
4	3495	183.200369683702	0.4002
4	3514	183.65750440059	0.4002
4	3519	183.85750440059	0.517683346835
4	3524	184.05750440059	0.69208872532
4	3535	184.496810776139	0.4002
4	3546	185.059393592197	0.4002
4	3557	186.764218325499	0.4002
4	3568	187.392984559552	0.4002
4	3589	188.11542423188	0.4002
4	3598	188.392393815432	0.4002
4	3603	188.592393815432	0.588535206414
4	3608	188.792393815432	0.707706241594
4	3625	189.920773729276	0.4002
4	3635	190.217024866109	0.4002
4	3640	190.417024866109	0.401787923308
4	3651	191.153085324335	0.4002
4	3662	192.074981211107	0.4002
4	3679	192.55777659987	0.4002
4	3684	192.773414863422	0.4002
4	3698	193.955524912904	0.4002
4	3706	194.279194264898	0.4002
4	3717	194.754684594368	0.4002
4	3733	196.093495685176	0.4002
4	3738	196.293495685176	0.492411581707
4	3749	197.18072231742	0.4002
4	3760	197.673456142659	0.4002
4	3780	198.515535449916	0.4002
4	3785	198.715535449916	0.569739085296
4	3790	198.915535449916	0.536176082886
4	3801	199.527717772119	0.4002
5	16	0.405935589651	1
5	24	0.655240613964	1
5	35	1.038537493436	1
5	48	1.41881267591	1
5	70	1.795413794696	1
5	81	1.995413794696	1
5	88	2.195413794696	1
5	93	2.395413794696	1
5	98	2.595413794696	1
5	103	2.795413794696	1
5	108	2.995413794696	1
5	127	3.468540748444	1
5	143	3.766727859708	1
5	152	3.966727859708	1
5	162	4.166727859708	1
5	172	4.366727859708	1
5	177	4.566727859708	1
5	190	4.766727859708	1
5	200	4.966727859708	1
5	207	5.166727859708	1
5	212	5.366727859708	1
5	217	5.566727859708	1
5	234	6.489590637913	1
5	239	6.747170446686	1
5	250	8.405531082799	1
5	265	9.135235824424	1
5	270	9.335235824424	1
5	281	11.048435780047	1
5	292	11.70898680368	1
5	303	12.374018020816	1
5	318	12.841742940604	1
5	323	13.041742940604	1
5	338	14.17734627502	1
5	343	14.37734627502	1
5	354	14.862371289089	1
5	365	16.518975227851	1
5	376	16.955518081127	1
5	387	17.398444780326	1
5	398	18.065098189836	1
5	415	19.643654772314	1
5	420	19.912350559935	1
5	431	20.458522320797	1
5	442	21.110604951503	1
5	453	21.568265323333	1
5	464	22.526491469566	1
5	478	23.087740413583	1
5	486	23.43244674988	1
5	497	24.228983168161	1
5	514	25.781187306096	1
5	519	26.039873554811	1
5	530	26.935446145612	1
5	541	27.924099311071	1
5	564	30.176844751569	1
5	569	30.376844751569	1
5	581	30.576844751569	1
5	588	30.776844751569	1
5	593	30.976844751569	1
5	598	31.176844751569	1
5	612	32.42911107331	1
5	620	32.80050810059	1
5	636	33.377188618984	1
5	641	33.577188618984	1
5	652	34.591104916081	1
5	663	36.017392947859	1
5	674	37.961732808134	1
5	690	40.130397215345	1
5	695	40.330397215345	1
5	711	40.852423971622	1
5	716	41.052423971622	1
5	727	41.485047230711	1
5	738	42.621748390874	1
5	749	43.491530093227	1
5	764	44.793608159652	1
5	769	44.993608159652	1
5	780	45.600894073309	1
5	799	46.078360246571	1
5	809	46.312675654574	1
5	820	46.512675654574	1
5	825	46.712675654574	1
5	833	46.912675654574	1
5	844	47.31236218028	1
5	855	47.626265126155	1
5	863	48.003421094294	1
5	877	48.498872898523	1
5	892	48.8563937498	1
5	899	49.0563937498	1
5	904	49.2563937498	1
5	915	50.514529632493	1
5	926	51.638381196403	1
5	942	53.755862078659	1
5	947	53.955862078659	1
5	958	55.33050550159	1
5	975	55.970544936559	1
5	980	56.244921219135	1
5	996	56.913614777696	1
5	1001	57.113614777696	1
5	1020	58.527589134818	1
5	1027	58.737083088731	1
5	1032	58.937083088731	1
5	1043	61.143315695115	1
5	1058	61.716205547291	1
5	1066	61.916205547291	1
5	1079	62.299236968451	1
5	1090	62.499236968451	1
5	1104	62.742428076934	1
5	1116	62.942428076934	1
5	1123	63.142428076934	1
5	1128	63.342428076934	1
5	1136	63.542428076934	1
5	1154	63.874602222671	1
5	1159	64.074602222671	1
5	1164	64.274602222671	1
5	1188	64.997828117393	1
5	1199	65.197828117393	1
5	1211	65.397828117393	1
5	1216	65.597828117393	1
5	1224	65.797828117393	1
5	1231	65.997828117393	1
5	1239	66.197828117393	1
5	1246	66.397828117393	1
5	1251	66.597828117393	1
5	1262	67.682199143433	1
5	1279	68.340249804542	1
5	1284	68.580785325673	1
5	1303	69.469165612403	1
5	1308	69.669165612403	1
5	1313	69.869165612403	1
5	1324	70.490104345302	1
5	1340	71.811282769121	1
5	1357	72.167457631141	1
5	1364	72.367457631141	1
5	1369	72.567457631141	1
5	1374	72.767457631141	1
5	1390	73.764113121976	1
5	1395	73.964113121976	1
5	1414	74.783571985003	1
5	1424	75.014448156529	1
5	1436	75.214448156529	1
5	1441	75.414448156529	1
5	1452	75.614448156529	1
5	1457	75.854124857927	1
5	1474	76.573372934867	1
5	1488	76.867637601357	1
5	1495	77.079554064927	1
5	1503	77.279554064927	1
5	1522	77.649970564798	1
5	1529	77.849970564798	1
5	1534	78.049970564798	1
5	1539	78.249970564798	1
5	1550	78.88501249314	1
5	1561	79.60328634108	1
5	1578	80.004622053614	1
5	1583	80.300365322972	1
5	1594	80.703491735	1
5	1605	81.185745637734	1
5	1621	82.181265338252	1
5	1634	82.556301575983	1
5	1644	82.756301575983	1
5	1651	82.956301575983	1
5	1656	83.156301575983	1
5	1667	83.826030341371	1
5	1678	84.296204787994	1
5	1700	84.743034921457	1
5	1707	84.943034921457	1
5	1712	85.143034921457	1
5	1717	85.343034921457	1
5	1736	87.051745009717	1
5	1741	87.251745009717	1
5	1754	87.451745009717	1
5	1761	87.670090346758	1
5	1766	87.870090346758	1
5	1777	89.564500769262	1
5	1788	90.089385876906	1
5	1802	90.782748617841	1
5	1810	91.155172290349	1
5	1826	91.617120198489	1
5	1831	91.817120198489	1
5	1846	92.581333779264	1
5	1851	92.781333779264	1
5	1862	95.294798351672	1
5	1885	95.721381897241	1
5	1896	95.921381897241	1
5	1901	96.121381897241	1
5	1906	96.321381897241	1
5	1914	96.521381897241	1
5	1925	96.835193149427	1
5	1937	97.206181764087	1
5	1942	97.406181764087	1
5	1953	97.845031951846	1
5	1972	98.765667438744	1
5	1982	98.965667438744	1
5	1987	99.165667438744	1
5	1992	99.365667438744	1
5	2012	100.180998644406	1
5	2017	100.380998644406	1
5	2022	100.580998644406	1
5	2033	101.331515834032	1
5	2044	101.825070884483	1
5	2063	102.605502425154	1
5	2068	102.805502425154	1
5	2073	103.005502425154	1
5	2088	103.69433643136	1
5	2093	103.89433643136	1
5	2104	105.294447903679	1
5	2119	106.664629435212	1
5	2130	106.864629435212	1
5	2135	107.16066633657	1
5	2150	109.32742152847	1
5	2155	109.52742152847	1
5	2174	110.67432990171	1
5	2179	110.87432990171	1
5	2184	111.07432990171	1
5	2195	111.792877571025	1
5	2206	112.515968965231	1
5	2220	112.950371459994	1
5	2233	113.28451940099	1
5	2238	113.48451940099	1
5	2249	114.236678681595	1
5	2260	114.708364393295	1
5	2277	115.420822311182	1
5	2282	115.627986859308	1
5	2293	116.537380430469	1
5	2310	117.400004405496	1
5	2318	117.648905272535	1
5	2326	118.022588043632	1
5	2337	119.425190806319	1
5	2348	121.271506100842	1
5	2359	121.704142291746	1
5	2374	122.108182891085	1
5	2379	122.308182891085	1
5	2390	123.414889401659	1
5	2406	124.592981499912	1
5	2411	124.792981499912	1
5	2422	125.212798188508	1
5	2440	125.618188082523	1
5	2447	125.818188082523	1
5	2452	126.018188082523	1
5	2463	126.478352392566	1
5	2474	127.400718319952	1
5	2493	128.425899058335	1
5	2498	128.625899058335	1
5	2503	128.825899058335	1
5	2514	129.506409797693	1
5	2525	130.333346209135	1
5	2536	131.23031015497	1
5	2553	132.008806015788	1
5	2558	132.295585345775	1
5	2573	133.214723227174	1
5	2578	133.414723227174	1
5	2589	133.960529425693	1
5	2604	134.762323837926	1
5	2609	134.962323837926	1
5	2620	135.406108865383	1
5	2631	136.269333328086	1
5	2642	137.65116905486	1
5	2653	138.122402380607	1
5	2667	138.57417376327	1
5	2675	138.937705630598	1
5	2695	140.826007092063	1
5	2700	141.026007092063	1
5	2705	141.226007092063	1
5	2722	142.768813522753	1
5	2732	142.996422764471	1
5	2737	143.196422764471	1
5	2753	143.909832004905	1
5	2758	144.109832004905	1
5	2774	144.676311146047	1
5	2779	144.876311146047	1
5	2795	145.554204467017	1
5	2800	145.754204467017	1
5	2815	146.984560908463	1
5	2820	147.184560908463	1
5	2836	147.718502357325	1
5	2841	147.918502357325	1
5	2852	148.532050451474	1
5	2863	150.320772567782	1
5	2874	151.339512247248	1
5	2885	153.458281670576	1
5	2906	154.028066684734	1
5	2915	154.228066684734	1
5	2920	154.428066684734	1
5	2925	154.628066684734	1
5	2936	155.386662938942	1
5	2952	157.41656785305	1
5	2957	157.61656785305	1
5	2968	158.208571958574	1
5	2979	158.877732318205	1
5	2990	159.415308880771	1
5	3008	159.837505324753	1
5	3015	160.037505324753	1
5	3029	160.237505324753	1
5	3036	160.476796926064	1
5	3047	160.676796926064	1
5	3052	160.901051163042	1
5	3073	162.094595602735	1
5	3082	162.321132302245	1
5	3087	162.521132302245	1
5	3092	162.721132302245	1
5	3106	163.388479650024	1
5	3114	163.724405285617	1
5	3125	164.357091378434	1
5	3139	165.206387449574	1
5	3147	165.547341317603	1
5	3158	166.295247619336	1
5	3169	166.895182604442	1
5	3185	167.389862198251	1
5	3193	167.589862198251	1
5	3201	167.9622087652	1
5	3212	169.049792501207	1
5	3228	169.918962504075	1
5	3239	170.118962504075	1
5	3244	170.393532586647	1
5	3262	170.870279292641	1
5	3269	171.070279292641	1
5	3280	171.270279292641	1
5	3285	171.530922691797	1
5	3303	172.146083233752	1
5	3310	172.346083233752	1
5	3318	172.546083233752	1
5	3326	172.913531148328	1
5	3337	174.58952432754	1
5	3348	175.969539776568	1
5	3359	177.025032018682	1
5	3370	177.468046583992	1
5	3389	178.726318145579	1
5	3396	178.967752920707	1
5	3401	179.167752920707	1
5	3416	180.7032988272	1
5	3424	180.9032988272	1
5	3435	181.221032079752	1
5	3448	181.57742058555	1
5	3453	181.77742058555	1
5	3472	182.432541061034	1
5	3479	182.632541061034	1
5	3487	182.832541061034	1
5	3495	183.200369683702	1
5	3514	183.65750440059	1
5	3519	183.85750440059	1
5	3524	184.05750440059	1
5	3535	184.496810776139	1
5	3546	185.059393592197	1
5	3557	186.764218325499	1
5	3568	187.392984559552	1
5	3589	188.11542423188	1
5	3598	188.392393815432	1
5	3603	188.592393815432	1
5	3608	188.792393815432	1
5	3625	189.920773729276	1
5	3635	190.217024866109	1
5	3640	190.417024866109	1
5	3651	191.153085324335	1
5	3662	192.074981211107	1
5	3679	192.55777659987	1
5	3684	192.773414863422	1
5	3698	193.955524912904	1
5	3706	194.279194264898	1
5	3717	194.754684594368	1
5	3733	196.093495685176	1
5	3738	196.293495685176	1
5	3749	197.18072231742	1
5	3760	197.673456142659	1
5	3780	198.515535449916	1
5	3785	198.715535449916	1
5	3790	198.915535449916	1
5	3801	199.527717772119	1

