version 3
run BaseVersion-6-20240511-20:48:36-11938
attr configname BaseVersion
attr datetime 20240511-20:48:36
attr datetimef 20240511-204836
attr experiment BaseVersion
attr inifile omnetpp.ini
attr iterationvars $genInterval=0.4
attr iterationvarsd genInterval=0.4
attr iterationvarsf genInterval=0.4-
attr measurement $genInterval=0.4
attr network Network
attr processid 11938
attr repetition 0
attr replication #0
attr resultdir results
attr runnumber 6
attr seedset 6
itervar genInterval 0.4
config network Network
config sim-time-limit 200s
config Network.nodeTx.gen.generationInterval exponential(0.4)
config Network.nodeTx.gen.packetByteSize 12500
config Network.nodeTx.queue.bufferSize 200
config Network.nodeRx.queue.bufferSize 200
config Network.queue.bufferSize 200

vector 0 Network.nodeTx.gen packetGen ETV
vector 1 Network.nodeTx.queue bufferSize ETV
vector 2 Network.queue bufferSize ETV
vector 3 Network.nodeRx.queue bufferSize ETV
vector 4 Network.nodeRx.sink Delay ETV
vector 5 Network.nodeRx.sink packetUsed ETV
0	1	0.893448103126	1
0	12	2.072042711789	1
0	18	2.233417461	1
0	21	2.327405932924	1
0	42	3.016066061121	1
0	45	3.042630803465	1
0	47	3.059667154385	1
0	54	3.244550807095	1
0	56	3.29011253847	1
0	89	4.970763783001	1
0	98	5.332362497513	1
0	103	5.374271967556	1
0	113	5.67612559335	1
0	128	6.05120654375	1
0	136	6.268275796548	1
0	150	6.570622391837	1
0	158	6.734055085235	1
0	168	6.997810634845	1
0	182	7.387505106344	1
0	195	8.085171481721	1
0	201	8.315773521834	1
0	217	8.878393520259	1
0	228	9.410937402142	1
0	234	9.608639916801	1
0	244	9.900594602178	1
0	253	10.010271349506	1
0	265	10.356186008473	1
0	271	10.423844746057	1
0	285	10.838500044591	1
0	301	11.353918510787	1
0	312	13.205059562799	1
0	323	14.187332602017	1
0	334	14.872936979291	1
0	340	15.129178718142	1
0	351	15.342407848503	1
0	367	15.796315791807	1
0	378	16.632169603195	1
0	389	17.279401468182	1
0	400	17.973763605817	1
0	406	18.218895562531	1
0	409	18.241301332666	1
0	426	18.689441690646	1
0	442	19.196685886673	1
0	445	19.260680479076	1
0	462	19.908820493004	1
0	468	20.085523985928	1
0	483	20.618863051989	1
0	492	21.002204919727	1
0	505	21.49615886774	1
0	511	21.729883515605	1
0	525	22.04131051997	1
0	536	22.384474306346	1
0	539	22.437806494926	1
0	543	22.473269593922	1
0	567	23.737958788614	1
0	573	23.839030784408	1
0	581	24.045537814931	1
0	586	24.143841881387	1
0	593	24.241665964929	1
0	616	24.940209102455	1
0	627	25.445522530906	1
0	633	25.692175836766	1
0	649	27.752647985214	1
0	658	28.06824027448	1
0	666	28.186318529676	1
0	681	28.806050503197	1
0	692	29.251105894698	1
0	703	29.789721338043	1
0	712	30.155244774353	1
0	725	30.664570457319	1
0	736	31.169963546767	1
0	747	31.809414704437	1
0	758	32.917488363115	1
0	769	33.771965545668	1
0	775	33.945393969227	1
0	790	34.634895316535	1
0	796	34.751911043534	1
0	801	34.897990553726	1
0	811	35.103972546069	1
0	831	35.65115813123	1
0	842	36.200131622721	1
0	848	36.396684144832	1
0	863	36.911728193466	1
0	869	37.165428755651	1
0	880	37.373851732618	1
0	896	37.869062682316	1
0	907	39.68706352851	1
0	913	39.868795412679	1
0	923	40.108293486305	1
0	939	41.156585845363	1
0	945	41.343825418174	1
0	960	41.870812093668	1
0	971	42.365449903257	1
0	977	42.477249279608	1
0	980	42.51167229077	1
0	996	42.967026711	1
0	1007	43.170273707694	1
0	1010	43.194844716823	1
0	1032	43.784250162144	1
0	1043	44.560228244927	1
0	1054	45.139072513158	1
0	1060	45.409351198469	1
0	1071	45.542902693143	1
0	1081	45.84712609909	1
0	1087	45.931188497129	1
0	1092	45.996976103041	1
0	1105	46.251872653239	1
0	1125	46.904918644826	1
0	1131	47.067989289736	1
0	1144	47.448558601082	1
0	1157	47.979369052637	1
0	1163	48.09402978232	1
0	1166	48.177877506787	1
0	1175	48.379366538277	1
0	1185	48.540217258881	1
0	1197	48.86867857187	1
0	1217	49.612424401932	1
0	1226	49.937046356542	1
0	1237	50.318876106972	1
0	1248	50.640188924684	1
0	1261	51.506237768208	1
0	1267	51.754464848584	1
0	1283	53.255670236856	1
0	1294	53.699931448189	1
0	1305	54.425309230288	1
0	1316	55.285869763754	1
0	1319	55.365652597661	1
0	1329	55.626995802367	1
0	1344	56.012359756529	1
0	1352	56.227569729035	1
0	1363	56.48615828454	1
0	1372	56.601972162989	1
0	1382	56.809083156551	1
0	1399	57.978478778173	1
0	1410	58.520216757866	1
0	1421	60.152154452452	1
0	1432	60.8514811157	1
0	1441	61.172536343825	1
0	1454	61.632367857209	1
0	1463	61.951661083941	1
0	1466	62.011651596397	1
0	1478	62.261033366884	1
0	1493	62.746407079284	1
0	1501	62.941175432659	1
0	1504	62.965431129843	1
0	1515	63.174797868258	1
0	1521	63.260404737306	1
0	1529	63.39467751198	1
0	1554	64.429685993405	1
0	1557	64.430027130951	1
0	1564	64.637773564858	1
0	1574	64.865870672952	1
0	1580	64.930075065055	1
0	1593	65.28412421477	1
0	1611	65.742767107144	1
0	1619	66.038679646113	1
0	1625	66.110085768732	1
0	1642	66.567343926462	1
0	1655	66.985249605811	1
0	1658	67.022183169046	1
0	1663	67.138117802583	1
0	1677	67.534748022352	1
0	1680	67.55165035504	1
0	1701	68.156335483514	1
0	1714	69.431311545886	1
0	1717	69.518903486661	1
0	1722	69.546309458498	1
0	1731	69.80930287072	1
0	1743	70.097050207617	1
0	1753	70.285891972194	1
0	1763	70.45288473701	1
0	1766	70.472427475267	1
0	1782	70.903962892667	1
0	1792	71.056044056313	1
0	1812	71.800301003091	1
0	1823	72.21928693575	1
0	1832	72.589688592413	1
0	1840	72.708195256831	1
0	1850	73.062125349313	1
0	1861	73.303636140123	1
0	1864	73.353423138875	1
0	1872	73.409313249151	1
0	1890	73.905084622763	1
0	1906	74.753081387238	1
0	1909	74.844606854044	1
0	1926	76.734725205463	1
0	1932	77.004351597586	1
0	1938	77.044434324571	1
0	1940	77.059352497988	1
0	1961	77.665987014546	1
0	1972	77.817557324154	1
0	1980	77.971000285951	1
0	1997	78.766198825795	1
0	2003	78.995129436332	1
0	2017	79.322130097259	1
0	2030	79.755885295087	1
0	2039	80.072372653855	1
0	2047	80.228198689098	1
0	2055	80.411634083981	1
0	2058	80.42156082726	1
0	2081	81.126029688684	1
0	2092	81.610283855369	1
0	2098	81.73966307863	1
0	2113	82.377098712991	1
0	2116	82.430812339834	1
0	2121	82.483194007148	1
0	2132	82.814122502305	1
0	2152	83.575362682416	1
0	2158	83.699791551646	1
0	2173	84.650157381489	1
0	2184	85.246881439101	1
0	2187	85.335101362154	1
0	2192	85.414192257171	1
0	2196	85.450643777539	1
0	2217	86.062260352588	1
0	2233	86.871519269117	1
0	2242	87.246112891731	1
0	2255	87.920506221185	1
0	2258	87.937564381296	1
0	2263	88.082459565639	1
0	2274	88.412012680978	1
0	2280	88.422409186219	1
0	2296	88.863623283992	1
0	2313	89.433701640783	1
0	2324	90.548490972016	1
0	2335	90.955805534891	1
0	2346	91.572528192519	1
0	2355	91.90496856	1
0	2368	92.460175652502	1
0	2379	93.421118005438	1
0	2385	93.696024584478	1
0	2401	94.147690271375	1
0	2404	94.165159234669	1
0	2409	94.298568949439	1
0	2430	94.977587073646	1
0	2436	95.216718790571	1
0	2439	95.222205747262	1
0	2461	97.167877688066	1
0	2470	97.487317377732	1
0	2478	97.60405095571	1
0	2488	97.938670275877	1
0	2504	98.803743659895	1
0	2507	98.851670952232	1
0	2514	99.020720037482	1
0	2517	99.046653326324	1
0	2524	99.179465994806	1
0	2540	99.521472966865	1
0	2557	100.005247826734	1
0	2568	100.271060261709	1
0	2579	100.444545917569	1
0	2587	100.588029350053	1
0	2590	100.607064694139	1
0	2592	100.623308316933	1
0	2603	100.818093758378	1
0	2619	101.220026851355	1
0	2639	101.844433410707	1
0	2644	101.897542392316	1
0	2661	102.854129679025	1
0	2664	102.858799166068	1
0	2666	102.887378143952	1
0	2671	103.016932148593	1
0	2699	104.184018669793	1
0	2705	104.327572789023	1
0	2710	104.458958434651	1
0	2716	104.538493781877	1
0	2739	105.221578977704	1
0	2742	105.249309562201	1
0	2744	105.261849030065	1
0	2763	105.866109721219	1
0	2779	106.558121787586	1
0	2785	106.762951331286	1
0	2801	107.258640963588	1
0	2807	107.371487914801	1
0	2822	108.133146294166	1
0	2828	108.429889874138	1
0	2834	108.447730554846	1
0	2841	108.565471297752	1
0	2852	108.848248709705	1
0	2872	109.612218602434	1
0	2875	109.705175584916	1
0	2885	109.969450349527	1
0	2902	110.494897534982	1
0	2911	110.885260697494	1
0	2924	111.299284798531	1
0	2935	112.745127675036	1
0	2946	113.358422264748	1
0	2952	113.533667711203	1
0	2960	113.757618865756	1
0	2970	113.85939290652	1
0	2982	114.257334051036	1
0	2998	115.797212681212	1
0	3004	115.971635110877	1
0	3017	116.325430268311	1
0	3030	117.553997113176	1
0	3041	119.153932154585	1
0	3050	119.537019121046	1
0	3063	120.922240730021	1
0	3069	121.192052899396	1
0	3085	121.680505829645	1
0	3091	121.798997366774	1
0	3094	121.806827837673	1
0	3098	121.914959390082	1
0	3114	122.29451635825	1
0	3127	122.589452888468	1
0	3134	122.704290676989	1
0	3149	123.147868452377	1
0	3155	123.20331391948	1
0	3167	123.522458015038	1
0	3177	123.704905331178	1
0	3187	123.89701473374	1
0	3192	123.986318908437	1
0	3208	124.399434131927	1
0	3224	124.981231574923	1
0	3235	125.893469488036	1
0	3246	126.981809203122	1
0	3252	127.273575020713	1
0	3258	127.284277901139	1
0	3277	128.13647890578	1
0	3283	128.254798803871	1
0	3286	128.340902914352	1
0	3295	128.464709355551	1
0	3317	129.159621075376	1
0	3320	129.221034357761	1
0	3327	129.377658282968	1
0	3347	130.588129150875	1
0	3358	131.060653363518	1
0	3364	131.174454587913	1
0	3377	131.659080016908	1
0	3385	131.835218285216	1
0	3400	132.459696954916	1
0	3403	132.479767821588	1
0	3408	132.574349193516	1
0	3412	132.683141281058	1
0	3428	133.111122712128	1
0	3448	133.968756558855	1
0	3459	134.94910545608	1
0	3470	136.283640438111	1
0	3476	136.388222685371	1
0	3489	136.815100491425	1
0	3492	136.838759838763	1
0	3499	136.979640172701	1
0	3508	137.116862424201	1
0	3511	137.14133012002	1
0	3522	137.376265899382	1
0	3547	138.175591900936	1
0	3550	138.178772922151	1
0	3554	138.246207082975	1
0	3573	138.837035273188	1
0	3582	138.962672028848	1
0	3589	139.066568437633	1
0	3602	139.384378821353	1
0	3619	139.862589780963	1
0	3625	139.978879089993	1
0	3640	140.683994943604	1
0	3651	141.428897125292	1
0	3660	141.744116461981	1
0	3668	142.023151178848	1
0	3679	142.302960857826	1
0	3690	142.568155037939	1
0	3696	142.631328333448	1
0	3715	143.57397012682	1
0	3726	144.047182057575	1
0	3737	145.034488672022	1
0	3743	145.146686996899	1
0	3748	145.257319338663	1
0	3758	145.479771113812	1
0	3761	145.48734920332	1
0	3777	145.892561731259	1
0	3795	146.33637808106	1
0	3798	146.388598467841	1
0	3805	146.514791599786	1
0	3826	147.742749510869	1
0	3829	147.748513422522	1
0	3836	147.967427176764	1
0	3839	148.008298031858	1
0	3853	148.247051383303	1
0	3863	148.46414147325	1
0	3870	148.564587818961	1
0	3873	148.615970441581	1
0	3880	148.678502578883	1
0	3886	148.771320293822	1
0	3905	149.317441130744	1
0	3925	149.864124834049	1
0	3942	150.628060541527	1
0	3948	150.871353604409	1
0	3959	151.104166173655	1
0	3962	151.152360182488	1
0	3972	151.273073186536	1
0	3976	151.370066770907	1
0	3983	151.410948184407	1
0	4011	152.476044642512	1
0	4014	152.501502723317	1
0	4016	152.504673155195	1
0	4018	152.561191938956	1
0	4034	152.971937677495	1
0	4059	154.208373278086	1
0	4070	154.622248205232	1
0	4081	155.240550302377	1
0	4092	155.696638245547	1
0	4098	155.851648056291	1
0	4111	156.196893531361	1
0	4119	156.422187265217	1
0	4135	157.0361573841	1
0	4141	157.334048112292	1
0	4157	158.024093533066	1
0	4166	158.356832448168	1
0	4179	158.773153991685	1
0	4190	159.403650143764	1
0	4193	159.482854770587	1
0	4198	159.52952821172	1
0	4214	160.047777827415	1
0	4225	160.288063790312	1
0	4234	160.422091847502	1
0	4246	160.744769890149	1
0	4262	161.481510986866	1
0	4273	162.459320428665	1
0	4282	162.797063968124	1
0	4295	163.827965015833	1
0	4298	163.863614510136	1
0	4305	164.124384980854	1
0	4325	165.091817755892	1
0	4328	165.139000962608	1
0	4335	165.387298759466	1
0	4353	165.871551056059	1
0	4366	167.01675745631	1
0	4372	167.298353588089	1
0	4375	167.314887557663	1
0	4380	167.359531565851	1
0	4385	167.405002889628	1
0	4413	168.25976514105	1
0	4426	168.82354054023	1
0	4429	168.851337263316	1
0	4431	168.868407408278	1
0	4438	169.097816283934	1
0	4452	169.338089539787	1
0	4467	169.80880575553	1
0	4484	170.486120205415	1
0	4487	170.584841173116	1
0	4497	170.802179142376	1
0	4500	170.858619000276	1
0	4506	170.942887224395	1
0	4530	171.648923954937	1
0	4543	172.390575197793	1
0	4552	172.713125512117	1
0	4555	172.758503341327	1
0	4562	172.860193065171	1
0	4566	172.996074455935	1
0	4582	173.32584931017	1
0	4588	173.423682396274	1
0	4611	174.123967256089	1
0	4617	174.373615168716	1
0	4633	175.306767863598	1
0	4639	175.460791979602	1
0	4652	175.856153531175	1
0	4665	176.815326004806	1
0	4676	177.447836871123	1
0	4687	178.063852692069	1
0	4698	178.542995101944	1
0	4709	179.032326251262	1
0	4715	179.247223707354	1
0	4718	179.307507959945	1
0	4726	179.419444195095	1
0	4742	179.797960024714	1
0	4754	180.115040910258	1
0	4770	180.877895637426	1
0	4781	181.913252434891	1
0	4792	182.942844457286	1
0	4801	183.299097324286	1
0	4814	183.733230373983	1
0	4820	183.97744950655	1
0	4829	184.097340289001	1
0	4841	184.432972113208	1
0	4850	184.562599721327	1
0	4860	184.787638718844	1
0	4875	185.191306063498	1
0	4883	185.312474835585	1
0	4898	185.828005602427	1
0	4901	185.861442581021	1
0	4906	186.007318081689	1
0	4927	187.093994799672	1
0	4938	187.547229821973	1
0	4944	187.651540846162	1
0	4952	187.934028502319	1
0	4955	187.939455048798	1
0	4978	188.646795098448	1
0	4984	188.865385119174	1
0	5000	189.325302803464	1
0	5003	189.352556016448	1
0	5020	190.316184358037	1
0	5026	190.611920439295	1
0	5032	190.663026343556	1
0	5041	190.858293003225	1
0	5061	191.590658985363	1
0	5067	191.697431638651	1
0	5082	192.882117461016	1
0	5091	193.213825360289	1
0	5102	193.554795959848	1
0	5107	193.651410324509	1
0	5109	193.653071782075	1
0	5114	193.721438841382	1
0	5116	193.735073517768	1
0	5134	194.138030261727	1
0	5144	194.350758735093	1
0	5154	194.494595404979	1
0	5164	194.739795776724	1
0	5191	195.641492800123	1
0	5197	195.901261159877	1
0	5213	196.322240627832	1
0	5224	196.779794361951	1
0	5235	197.696255013621	1
0	5246	198.258676633421	1
0	5252	198.364762854745	1
0	5267	199.052429865912	1
0	5273	199.172354445432	1
0	5278	199.342402745061	1
0	5298	199.925782339005	1
1	2	0.893448103126	1
1	13	2.072042711789	1
1	19	2.233417461	1
1	22	2.327405932924	1
1	43	3.016066061121	1
1	46	3.042630803465	1
1	48	3.059667154385	2
1	55	3.244550807095	1
1	57	3.29011253847	2
1	90	4.970763783001	1
1	99	5.332362497513	1
1	104	5.374271967556	1
1	114	5.67612559335	1
1	129	6.05120654375	1
1	137	6.268275796548	1
1	151	6.570622391837	1
1	159	6.734055085235	1
1	169	6.997810634845	1
1	183	7.387505106344	1
1	196	8.085171481721	1
1	202	8.315773521834	1
1	218	8.878393520259	1
1	229	9.410937402142	1
1	235	9.608639916801	1
1	245	9.900594602178	1
1	254	10.010271349506	1
1	266	10.356186008473	1
1	272	10.423844746057	1
1	286	10.838500044591	1
1	302	11.353918510787	1
1	313	13.205059562799	1
1	324	14.187332602017	1
1	335	14.872936979291	1
1	341	15.129178718142	1
1	352	15.342407848503	1
1	368	15.796315791807	1
1	379	16.632169603195	1
1	390	17.279401468182	1
1	401	17.973763605817	1
1	407	18.218895562531	1
1	410	18.241301332666	1
1	427	18.689441690646	1
1	443	19.196685886673	1
1	446	19.260680479076	1
1	463	19.908820493004	1
1	469	20.085523985928	1
1	484	20.618863051989	1
1	493	21.002204919727	1
1	506	21.49615886774	1
1	512	21.729883515605	1
1	526	22.04131051997	1
1	537	22.384474306346	1
1	540	22.437806494926	1
1	544	22.473269593922	2
1	568	23.737958788614	1
1	574	23.839030784408	1
1	582	24.045537814931	1
1	587	24.143841881387	1
1	594	24.241665964929	1
1	617	24.940209102455	1
1	628	25.445522530906	1
1	634	25.692175836766	1
1	650	27.752647985214	1
1	659	28.06824027448	1
1	667	28.186318529676	1
1	682	28.806050503197	1
1	693	29.251105894698	1
1	704	29.789721338043	1
1	713	30.155244774353	1
1	726	30.664570457319	1
1	737	31.169963546767	1
1	748	31.809414704437	1
1	759	32.917488363115	1
1	770	33.771965545668	1
1	776	33.945393969227	1
1	791	34.634895316535	1
1	797	34.751911043534	1
1	802	34.897990553726	1
1	812	35.103972546069	1
1	832	35.65115813123	1
1	843	36.200131622721	1
1	849	36.396684144832	1
1	864	36.911728193466	1
1	870	37.165428755651	1
1	881	37.373851732618	1
1	897	37.869062682316	1
1	908	39.68706352851	1
1	914	39.868795412679	1
1	924	40.108293486305	1
1	940	41.156585845363	1
1	946	41.343825418174	1
1	961	41.870812093668	1
1	972	42.365449903257	1
1	978	42.477249279608	1
1	981	42.51167229077	1
1	997	42.967026711	1
1	1008	43.170273707694	1
1	1011	43.194844716823	1
1	1033	43.784250162144	1
1	1044	44.560228244927	1
1	1055	45.139072513158	1
1	1061	45.409351198469	1
1	1072	45.542902693143	1
1	1082	45.84712609909	1
1	1088	45.931188497129	1
1	1093	45.996976103041	1
1	1106	46.251872653239	1
1	1126	46.904918644826	1
1	1132	47.067989289736	1
1	1145	47.448558601082	1
1	1158	47.979369052637	1
1	1164	48.09402978232	1
1	1167	48.177877506787	1
1	1176	48.379366538277	1
1	1186	48.540217258881	1
1	1198	48.86867857187	1
1	1218	49.612424401932	1
1	1227	49.937046356542	1
1	1238	50.318876106972	1
1	1249	50.640188924684	1
1	1262	51.506237768208	1
1	1268	51.754464848584	1
1	1284	53.255670236856	1
1	1295	53.699931448189	1
1	1306	54.425309230288	1
1	1317	55.285869763754	1
1	1320	55.365652597661	1
1	1330	55.626995802367	1
1	1345	56.012359756529	1
1	1353	56.227569729035	1
1	1364	56.48615828454	1
1	1373	56.601972162989	1
1	1383	56.809083156551	1
1	1400	57.978478778173	1
1	1411	58.520216757866	1
1	1422	60.152154452452	1
1	1433	60.8514811157	1
1	1442	61.172536343825	1
1	1455	61.632367857209	1
1	1464	61.951661083941	1
1	1467	62.011651596397	1
1	1479	62.261033366884	1
1	1494	62.746407079284	1
1	1502	62.941175432659	1
1	1505	62.965431129843	1
1	1516	63.174797868258	1
1	1522	63.260404737306	1
1	1530	63.39467751198	1
1	1555	64.429685993405	1
1	1558	64.430027130951	1
1	1565	64.637773564858	1
1	1575	64.865870672952	1
1	1581	64.930075065055	1
1	1594	65.28412421477	1
1	1612	65.742767107144	1
1	1620	66.038679646113	1
1	1626	66.110085768732	1
1	1643	66.567343926462	1
1	1656	66.985249605811	1
1	1659	67.022183169046	1
1	1664	67.138117802583	1
1	1678	67.534748022352	1
1	1681	67.55165035504	1
1	1702	68.156335483514	1
1	1715	69.431311545886	1
1	1718	69.518903486661	1
1	1723	69.546309458498	1
1	1732	69.80930287072	1
1	1744	70.097050207617	1
1	1754	70.285891972194	1
1	1764	70.45288473701	1
1	1767	70.472427475267	1
1	1783	70.903962892667	1
1	1793	71.056044056313	1
1	1813	71.800301003091	1
1	1824	72.21928693575	1
1	1833	72.589688592413	1
1	1841	72.708195256831	1
1	1851	73.062125349313	1
1	1862	73.303636140123	1
1	1865	73.353423138875	1
1	1873	73.409313249151	1
1	1891	73.905084622763	1
1	1907	74.753081387238	1
1	1910	74.844606854044	1
1	1927	76.734725205463	1
1	1933	77.004351597586	1
1	1939	77.044434324571	1
1	1941	77.059352497988	2
1	1962	77.665987014546	1
1	1973	77.817557324154	1
1	1981	77.971000285951	1
1	1998	78.766198825795	1
1	2004	78.995129436332	1
1	2018	79.322130097259	1
1	2031	79.755885295087	1
1	2040	80.072372653855	1
1	2048	80.228198689098	1
1	2056	80.411634083981	1
1	2059	80.42156082726	1
1	2082	81.126029688684	1
1	2093	81.610283855369	1
1	2099	81.73966307863	1
1	2114	82.377098712991	1
1	2117	82.430812339834	1
1	2122	82.483194007148	1
1	2133	82.814122502305	1
1	2153	83.575362682416	1
1	2159	83.699791551646	1
1	2174	84.650157381489	1
1	2185	85.246881439101	1
1	2188	85.335101362154	1
1	2193	85.414192257171	1
1	2197	85.450643777539	1
1	2218	86.062260352588	1
1	2234	86.871519269117	1
1	2243	87.246112891731	1
1	2256	87.920506221185	1
1	2259	87.937564381296	1
1	2264	88.082459565639	1
1	2275	88.412012680978	1
1	2281	88.422409186219	1
1	2297	88.863623283992	1
1	2314	89.433701640783	1
1	2325	90.548490972016	1
1	2336	90.955805534891	1
1	2347	91.572528192519	1
1	2356	91.90496856	1
1	2369	92.460175652502	1
1	2380	93.421118005438	1
1	2386	93.696024584478	1
1	2402	94.147690271375	1
1	2405	94.165159234669	1
1	2410	94.298568949439	1
1	2431	94.977587073646	1
1	2437	95.216718790571	1
1	2440	95.222205747262	1
1	2462	97.167877688066	1
1	2471	97.487317377732	1
1	2479	97.60405095571	1
1	2489	97.938670275877	1
1	2505	98.803743659895	1
1	2508	98.851670952232	1
1	2515	99.020720037482	1
1	2518	99.046653326324	1
1	2525	99.179465994806	1
1	2541	99.521472966865	1
1	2558	100.005247826734	1
1	2569	100.271060261709	1
1	2580	100.444545917569	1
1	2588	100.588029350053	1
1	2591	100.607064694139	1
1	2593	100.623308316933	2
1	2604	100.818093758378	1
1	2620	101.220026851355	1
1	2640	101.844433410707	1
1	2645	101.897542392316	1
1	2662	102.854129679025	1
1	2665	102.858799166068	1
1	2667	102.887378143952	2
1	2672	103.016932148593	2
1	2700	104.184018669793	1
1	2706	104.327572789023	1
1	2711	104.458958434651	1
1	2717	104.538493781877	1
1	2740	105.221578977704	1
1	2743	105.249309562201	1
1	2745	105.261849030065	2
1	2764	105.866109721219	1
1	2780	106.558121787586	1
1	2786	106.762951331286	1
1	2802	107.258640963588	1
1	2808	107.371487914801	1
1	2823	108.133146294166	1
1	2829	108.429889874138	1
1	2835	108.447730554846	1
1	2842	108.565471297752	1
1	2853	108.848248709705	1
1	2873	109.612218602434	1
1	2876	109.705175584916	1
1	2886	109.969450349527	1
1	2903	110.494897534982	1
1	2912	110.885260697494	1
1	2925	111.299284798531	1
1	2936	112.745127675036	1
1	2947	113.358422264748	1
1	2953	113.533667711203	1
1	2961	113.757618865756	1
1	2971	113.85939290652	1
1	2983	114.257334051036	1
1	2999	115.797212681212	1
1	3005	115.971635110877	1
1	3018	116.325430268311	1
1	3031	117.553997113176	1
1	3042	119.153932154585	1
1	3051	119.537019121046	1
1	3064	120.922240730021	1
1	3070	121.192052899396	1
1	3086	121.680505829645	1
1	3092	121.798997366774	1
1	3095	121.806827837673	1
1	3099	121.914959390082	1
1	3115	122.29451635825	1
1	3128	122.589452888468	1
1	3135	122.704290676989	1
1	3150	123.147868452377	1
1	3156	123.20331391948	1
1	3168	123.522458015038	1
1	3178	123.704905331178	1
1	3188	123.89701473374	1
1	3193	123.986318908437	1
1	3209	124.399434131927	1
1	3225	124.981231574923	1
1	3236	125.893469488036	1
1	3247	126.981809203122	1
1	3253	127.273575020713	1
1	3259	127.284277901139	1
1	3278	128.13647890578	1
1	3284	128.254798803871	1
1	3287	128.340902914352	1
1	3296	128.464709355551	1
1	3318	129.159621075376	1
1	3321	129.221034357761	1
1	3328	129.377658282968	1
1	3348	130.588129150875	1
1	3359	131.060653363518	1
1	3365	131.174454587913	1
1	3378	131.659080016908	1
1	3386	131.835218285216	1
1	3401	132.459696954916	1
1	3404	132.479767821588	1
1	3409	132.574349193516	1
1	3413	132.683141281058	1
1	3429	133.111122712128	1
1	3449	133.968756558855	1
1	3460	134.94910545608	1
1	3471	136.283640438111	1
1	3477	136.388222685371	1
1	3490	136.815100491425	1
1	3493	136.838759838763	1
1	3500	136.979640172701	1
1	3509	137.116862424201	1
1	3512	137.14133012002	1
1	3523	137.376265899382	1
1	3548	138.175591900936	1
1	3551	138.178772922151	1
1	3555	138.246207082975	2
1	3574	138.837035273188	1
1	3583	138.962672028848	1
1	3590	139.066568437633	1
1	3603	139.384378821353	1
1	3620	139.862589780963	1
1	3626	139.978879089993	1
1	3641	140.683994943604	1
1	3652	141.428897125292	1
1	3661	141.744116461981	1
1	3669	142.023151178848	1
1	3680	142.302960857826	1
1	3691	142.568155037939	1
1	3697	142.631328333448	1
1	3716	143.57397012682	1
1	3727	144.047182057575	1
1	3738	145.034488672022	1
1	3744	145.146686996899	1
1	3749	145.257319338663	1
1	3759	145.479771113812	1
1	3762	145.48734920332	1
1	3778	145.892561731259	1
1	3796	146.33637808106	1
1	3799	146.388598467841	1
1	3806	146.514791599786	1
1	3827	147.742749510869	1
1	3830	147.748513422522	1
1	3837	147.967427176764	1
1	3840	148.008298031858	1
1	3854	148.247051383303	1
1	3864	148.46414147325	1
1	3871	148.564587818961	1
1	3874	148.615970441581	1
1	3881	148.678502578883	1
1	3887	148.771320293822	1
1	3906	149.317441130744	1
1	3926	149.864124834049	1
1	3943	150.628060541527	1
1	3949	150.871353604409	1
1	3960	151.104166173655	1
1	3963	151.152360182488	1
1	3973	151.273073186536	1
1	3977	151.370066770907	1
1	3984	151.410948184407	1
1	4012	152.476044642512	1
1	4015	152.501502723317	1
1	4017	152.504673155195	2
1	4019	152.561191938956	3
1	4035	152.971937677495	1
1	4060	154.208373278086	1
1	4071	154.622248205232	1
1	4082	155.240550302377	1
1	4093	155.696638245547	1
1	4099	155.851648056291	1
1	4112	156.196893531361	1
1	4120	156.422187265217	1
1	4136	157.0361573841	1
1	4142	157.334048112292	1
1	4158	158.024093533066	1
1	4167	158.356832448168	1
1	4180	158.773153991685	1
1	4191	159.403650143764	1
1	4194	159.482854770587	1
1	4199	159.52952821172	1
1	4215	160.047777827415	1
1	4226	160.288063790312	1
1	4235	160.422091847502	1
1	4247	160.744769890149	1
1	4263	161.481510986866	1
1	4274	162.459320428665	1
1	4283	162.797063968124	1
1	4296	163.827965015833	1
1	4299	163.863614510136	1
1	4306	164.124384980854	1
1	4326	165.091817755892	1
1	4329	165.139000962608	1
1	4336	165.387298759466	1
1	4354	165.871551056059	1
1	4367	167.01675745631	1
1	4373	167.298353588089	1
1	4376	167.314887557663	1
1	4381	167.359531565851	2
1	4386	167.405002889628	2
1	4414	168.25976514105	1
1	4427	168.82354054023	1
1	4430	168.851337263316	1
1	4432	168.868407408278	2
1	4439	169.097816283934	1
1	4453	169.338089539787	1
1	4468	169.80880575553	1
1	4485	170.486120205415	1
1	4488	170.584841173116	1
1	4498	170.802179142376	1
1	4501	170.858619000276	1
1	4507	170.942887224395	1
1	4531	171.648923954937	1
1	4544	172.390575197793	1
1	4553	172.713125512117	1
1	4556	172.758503341327	1
1	4563	172.860193065171	1
1	4567	172.996074455935	1
1	4583	173.32584931017	1
1	4589	173.423682396274	1
1	4612	174.123967256089	1
1	4618	174.373615168716	1
1	4634	175.306767863598	1
1	4640	175.460791979602	1
1	4653	175.856153531175	1
1	4666	176.815326004806	1
1	4677	177.447836871123	1
1	4688	178.063852692069	1
1	4699	178.542995101944	1
1	4710	179.032326251262	1
1	4716	179.247223707354	1
1	4719	179.307507959945	1
1	4727	179.419444195095	1
1	4743	179.797960024714	1
1	4755	180.115040910258	1
1	4771	180.877895637426	1
1	4782	181.913252434891	1
1	4793	182.942844457286	1
1	4802	183.299097324286	1
1	4815	183.733230373983	1
1	4821	183.97744950655	1
1	4830	184.097340289001	1
1	4842	184.432972113208	1
1	4851	184.562599721327	1
1	4861	184.787638718844	1
1	4876	185.191306063498	1
1	4884	185.312474835585	1
1	4899	185.828005602427	1
1	4902	185.861442581021	1
1	4907	186.007318081689	1
1	4928	187.093994799672	1
1	4939	187.547229821973	1
1	4945	187.651540846162	1
1	4953	187.934028502319	1
1	4956	187.939455048798	1
1	4979	188.646795098448	1
1	4985	188.865385119174	1
1	5001	189.325302803464	1
1	5004	189.352556016448	1
1	5021	190.316184358037	1
1	5027	190.611920439295	1
1	5033	190.663026343556	1
1	5042	190.858293003225	1
1	5062	191.590658985363	1
1	5068	191.697431638651	1
1	5083	192.882117461016	1
1	5092	193.213825360289	1
1	5103	193.554795959848	1
1	5108	193.651410324509	1
1	5110	193.653071782075	2
1	5115	193.721438841382	2
1	5117	193.735073517768	3
1	5135	194.138030261727	1
1	5145	194.350758735093	1
1	5155	194.494595404979	1
1	5165	194.739795776724	1
1	5192	195.641492800123	1
1	5198	195.901261159877	1
1	5214	196.322240627832	1
1	5225	196.779794361951	1
1	5236	197.696255013621	1
1	5247	198.258676633421	1
1	5253	198.364762854745	1
1	5268	199.052429865912	1
1	5274	199.172354445432	1
1	5279	199.342402745061	1
1	5299	199.925782339005	1
2	5	0.993548103126	1
2	16	2.172142711789	1
2	24	2.333517461	1
2	29	2.433517461	1
2	50	3.116166061121	1
2	53	3.216166061121	1
2	60	3.316166061121	1
2	64	3.416166061121	2
2	69	3.516166061121	2
2	93	5.070863783001	1
2	106	5.432462497513	1
2	109	5.532462497513	1
2	119	5.77622559335	1
2	134	6.15130654375	1
2	143	6.368375796548	1
2	156	6.670722391837	1
2	162	6.834155085235	1
2	175	7.097910634845	1
2	188	7.487605106344	1
2	199	8.185271481721	1
2	208	8.415873521834	1
2	221	8.978493520259	1
2	232	9.511037402142	1
2	238	9.708739916801	1
2	251	10.000694602178	1
2	259	10.110371349506	1
2	274	10.456286008473	1
2	279	10.556286008473	1
2	292	10.938600044591	1
2	305	11.454018510787	1
2	316	13.305159562799	1
2	327	14.287432602017	1
2	338	14.973036979291	1
2	347	15.229278718142	1
2	358	15.442507848503	1
2	371	15.896415791807	1
2	382	16.732269603195	1
2	393	17.379501468182	1
2	404	18.073863605817	1
2	415	18.318995562531	1
2	420	18.418995562531	1
2	433	18.789541690646	1
2	448	19.296785886673	1
2	451	19.396785886673	1
2	466	20.008920493004	1
2	472	20.185623985928	1
2	487	20.718963051989	1
2	498	21.102304919727	1
2	509	21.59625886774	1
2	518	21.829983515605	1
2	531	22.14141051997	1
2	546	22.484574306346	1
2	549	22.584574306346	1
2	552	22.684574306346	1
2	571	23.838058788614	1
2	577	23.939130784408	1
2	589	24.145637814931	1
2	596	24.245637814931	1
2	600	24.345637814931	2
2	620	25.040309102455	1
2	631	25.545622530906	1
2	640	25.792275836766	1
2	653	27.852747985214	1
2	664	28.16834027448	1
2	670	28.286418529676	1
2	685	28.906150503197	1
2	696	29.351205894698	1
2	707	29.889821338043	1
2	718	30.255344774353	1
2	729	30.764670457319	1
2	740	31.270063546767	1
2	751	31.909514704437	1
2	762	33.017588363115	1
2	773	33.872065545668	1
2	779	34.045493969227	1
2	794	34.734995316535	1
2	800	34.852011043534	1
2	808	34.998090553726	1
2	818	35.204072546069	1
2	835	35.75125813123	1
2	846	36.300231622721	1
2	852	36.496784144832	1
2	867	37.011828193466	1
2	876	37.265528755651	1
2	887	37.473951732618	1
2	900	37.969162682316	1
2	911	39.78716352851	1
2	917	39.968895412679	1
2	930	40.208393486305	1
2	943	41.256685845363	1
2	949	41.443925418174	1
2	964	41.970912093668	1
2	975	42.465549903257	1
2	983	42.577349279608	1
2	988	42.677349279608	1
2	1003	43.067126711	1
2	1016	43.270373707694	1
2	1021	43.370373707694	1
2	1036	43.884350162144	1
2	1047	44.660328244927	1
2	1058	45.239172513158	1
2	1067	45.509451198469	1
2	1075	45.643002693143	1
2	1090	45.94722609909	1
2	1097	46.04722609909	1
2	1100	46.14722609909	1
2	1112	46.351972653239	1
2	1129	47.005018644826	1
2	1135	47.168089289736	1
2	1150	47.548658601082	1
2	1161	48.079469052637	1
2	1169	48.19412978232	1
2	1174	48.29412978232	1
2	1181	48.479466538277	2
2	1191	48.640317258881	2
2	1204	48.96877857187	1
2	1221	49.712524401932	1
2	1232	50.037146356542	1
2	1243	50.418976106972	1
2	1254	50.740288924684	1
2	1265	51.606337768208	1
2	1274	51.854564848584	1
2	1287	53.355770236856	1
2	1298	53.800031448189	1
2	1309	54.525409230288	1
2	1322	55.385969763754	1
2	1325	55.485969763754	1
2	1335	55.727095802367	1
2	1350	56.112459756529	1
2	1359	56.327669729035	1
2	1370	56.58625828454	1
2	1378	56.702072162989	1
2	1388	56.909183156551	1
2	1403	58.078578778173	1
2	1414	58.620316757866	1
2	1425	60.252254452452	1
2	1436	60.9515811157	1
2	1447	61.272636343825	1
2	1458	61.732467857209	1
2	1471	62.051761083941	1
2	1474	62.151761083941	1
2	1484	62.361133366884	1
2	1499	62.846507079284	1
2	1507	63.041275432659	1
2	1512	63.141275432659	1
2	1524	63.274897868258	1
2	1528	63.374897868258	2
2	1536	63.49477751198	2
2	1560	64.529785993405	1
2	1563	64.629785993405	1
2	1571	64.737873564858	1
2	1583	64.965970672952	1
2	1587	65.065970672952	2
2	1600	65.38422421477	1
2	1617	65.842867107144	1
2	1628	66.138779646113	1
2	1633	66.238779646113	1
2	1648	66.667443926462	1
2	1661	67.085349605811	1
2	1666	67.185349605811	1
2	1669	67.285349605811	1
2	1685	67.634848022352	1
2	1690	67.734848022352	1
2	1707	68.256435483514	1
2	1720	69.531411545886	1
2	1725	69.631411545886	1
2	1728	69.731411545886	1
2	1737	69.90940287072	2
2	1750	70.197150207617	1
2	1760	70.385991972194	1
2	1772	70.55298473701	1
2	1776	70.65298473701	2
2	1789	71.004062892667	1
2	1799	71.156144056313	1
2	1816	71.900401003091	1
2	1827	72.31938693575	1
2	1838	72.689788592413	1
2	1844	72.808295256831	1
2	1857	73.162225349313	1
2	1870	73.403736140123	1
2	1877	73.503736140123	1
2	1880	73.603736140123	1
2	1897	74.005184622763	1
2	1912	74.853181387238	1
2	1915	74.953181387238	1
2	1930	76.834825205463	1
2	1943	77.104451597586	1
2	1948	77.204451597586	1
2	1951	77.304451597586	1
2	1968	77.766087014546	1
2	1976	77.917657324154	1
2	1986	78.071100285951	1
2	2001	78.866298825795	1
2	2010	79.095229436332	1
2	2023	79.422230097259	1
2	2034	79.855985295087	1
2	2045	80.172472653855	1
2	2051	80.328298689098	1
2	2063	80.511734083981	1
2	2068	80.611734083981	1
2	2085	81.226129688684	1
2	2096	81.710383855369	1
2	2102	81.83976307863	1
2	2119	82.477198712991	1
2	2124	82.577198712991	1
2	2127	82.677198712991	1
2	2139	82.914222502305	1
2	2156	83.675462682416	1
2	2162	83.799891551646	1
2	2177	84.750257381489	1
2	2190	85.346981439101	1
2	2195	85.446981439101	1
2	2200	85.546981439101	1
2	2204	85.646981439101	2
2	2224	86.162360352588	1
2	2237	86.971619269117	1
2	2248	87.346212891731	1
2	2261	88.020606221185	1
2	2266	88.120606221185	1
2	2269	88.220606221185	1
2	2283	88.512112680978	1
2	2287	88.612112680978	2
2	2302	88.963723283992	1
2	2317	89.533801640783	1
2	2328	90.648590972016	1
2	2339	91.055905534891	1
2	2350	91.672628192519	1
2	2361	92.00506856	1
2	2372	92.560275652502	1
2	2383	93.521218005438	1
2	2392	93.796124584478	1
2	2407	94.247790271375	1
2	2412	94.347790271375	1
2	2415	94.447790271375	1
2	2434	95.077687073646	1
2	2445	95.316818790571	1
2	2450	95.416818790571	1
2	2465	97.267977688066	1
2	2476	97.587417377732	1
2	2482	97.70415095571	1
2	2495	98.038770275877	1
2	2510	98.903843659895	1
2	2513	99.003843659895	1
2	2523	99.120820037482	1
2	2529	99.220820037482	2
2	2534	99.320820037482	2
2	2546	99.621572966865	2
2	2564	100.105347826734	1
2	2575	100.371160261709	1
2	2583	100.544645917569	1
2	2597	100.688129350053	1
2	2602	100.788129350053	1
2	2608	100.888129350053	2
2	2613	100.988129350053	2
2	2625	101.320126851355	2
2	2647	101.944533410707	1
2	2650	102.044533410707	1
2	2669	102.954229679025	1
2	2674	103.054229679025	1
2	2677	103.154229679025	1
2	2681	103.254229679025	2
2	2703	104.284118669793	1
2	2709	104.427672789023	1
2	2719	104.559058434651	1
2	2723	104.659058434651	2
2	2747	105.321678977704	1
2	2750	105.421678977704	1
2	2753	105.521678977704	1
2	2770	105.966209721219	1
2	2783	106.658221787586	1
2	2792	106.863051331286	1
2	2805	107.358740963588	1
2	2811	107.471587914801	1
2	2826	108.233246294166	1
2	2837	108.529989874138	1
2	2844	108.629989874138	1
2	2847	108.729989874138	1
2	2859	108.948348709705	1
2	2878	109.712318602434	1
2	2881	109.812318602434	1
2	2891	110.069550349527	1
2	2906	110.594997534982	1
2	2917	110.985360697494	1
2	2928	111.399384798531	1
2	2939	112.845227675036	1
2	2950	113.458522264748	1
2	2956	113.633767711203	1
2	2966	113.857718865756	1
2	2976	113.95949290652	1
2	2989	114.357434051036	1
2	3002	115.897312681212	1
2	3008	116.071735110877	1
2	3023	116.425530268311	1
2	3034	117.654097113176	1
2	3045	119.254032154585	1
2	3056	119.637119121046	1
2	3067	121.022340730021	1
2	3076	121.292152899396	1
2	3089	121.780605829645	1
2	3097	121.899097366774	1
2	3104	121.999097366774	1
2	3108	122.099097366774	2
2	3121	122.39461635825	1
2	3133	122.689552888468	1
2	3141	122.804390676989	1
2	3158	123.247968452377	1
2	3163	123.347968452377	1
2	3173	123.622558015038	1
2	3183	123.805005331178	1
2	3195	123.99711473374	1
2	3200	124.09711473374	1
2	3215	124.499534131927	1
2	3228	125.081331574923	1
2	3239	125.993569488036	1
2	3250	127.081909203122	1
2	3261	127.373675020713	1
2	3266	127.473675020713	1
2	3281	128.23657890578	1
2	3289	128.354898803871	1
2	3294	128.454898803871	1
2	3301	128.564809355551	2
2	3323	129.259721075376	1
2	3326	129.359721075376	1
2	3334	129.477758282968	1
2	3351	130.688229150875	1
2	3362	131.160753363518	1
2	3368	131.274554587913	1
2	3383	131.759180016908	1
2	3389	131.935318285216	1
2	3406	132.559796954916	1
2	3411	132.659796954916	1
2	3416	132.759796954916	1
2	3420	132.859796954916	2
2	3435	133.211222712128	1
2	3452	134.068856558855	1
2	3463	135.04920545608	1
2	3474	136.383740438111	1
2	3480	136.488322685371	1
2	3497	136.915200491425	1
2	3502	137.015200491425	1
2	3505	137.115200491425	1
2	3516	137.216962424201	2
2	3521	137.316962424201	2
2	3528	137.476365899382	3
2	3557	138.275691900936	1
2	3560	138.375691900936	1
2	3563	138.475691900936	1
2	3580	138.937135273188	1
2	3588	139.062772028848	1
2	3596	139.166668437633	1
2	3608	139.484478821353	1
2	3623	139.962689780963	1
2	3629	140.078979089993	1
2	3644	140.784094943604	1
2	3655	141.528997125292	1
2	3666	141.844216461981	1
2	3675	142.123251178848	1
2	3686	142.403060857826	1
2	3699	142.668255037939	1
2	3704	142.768255037939	1
2	3719	143.67407012682	1
2	3730	144.147282057575	1
2	3741	145.134588672022	1
2	3747	145.246786996899	1
2	3755	145.357419338663	1
2	3767	145.579871113812	1
2	3771	145.679871113812	2
2	3784	145.992661731259	1
2	3803	146.43647808106	1
2	3808	146.53647808106	1
2	3811	146.63647808106	1
2	3832	147.842849510869	1
2	3835	147.942849510869	1
2	3845	148.067527176764	1
2	3849	148.167527176764	2
2	3859	148.347151383303	2
2	3869	148.56424147325	2
2	3879	148.664687818961	2
2	3885	148.764687818961	3
2	3892	148.864687818961	3
2	3896	148.964687818961	4
2	3911	149.417541130744	3
2	3931	149.964224834049	1
2	3946	150.728160541527	1
2	3955	150.971453604409	1
2	3968	151.204266173655	1
2	3975	151.304266173655	1
2	3980	151.404266173655	1
2	3986	151.504266173655	2
2	3991	151.604266173655	2
2	4021	152.576144642512	1
2	4024	152.676144642512	1
2	4027	152.776144642512	1
2	4031	152.876144642512	2
2	4041	153.072037677495	2
2	4063	154.308473278086	1
2	4074	154.722348205232	1
2	4085	155.340650302377	1
2	4096	155.796738245547	1
2	4102	155.951748056291	1
2	4117	156.296993531361	1
2	4126	156.522287265217	1
2	4139	157.1362573841	1
2	4148	157.434148112292	1
2	4161	158.124193533066	1
2	4172	158.456932448168	1
2	4183	158.873253991685	1
2	4196	159.503750143764	1
2	4201	159.603750143764	1
2	4204	159.703750143764	1
2	4221	160.147877827415	1
2	4232	160.388163790312	1
2	4240	160.522191847502	1
2	4253	160.844869890149	1
2	4266	161.581610986866	1
2	4277	162.559420428665	1
2	4288	162.897163968124	1
2	4301	163.928065015833	1
2	4304	164.028065015833	1
2	4312	164.224484980854	1
2	4331	165.191917755892	1
2	4334	165.291917755892	1
2	4342	165.487398759466	1
2	4359	165.971651056059	1
2	4370	167.11685745631	1
2	4383	167.398453588089	1
2	4390	167.498453588089	1
2	4393	167.598453588089	1
2	4397	167.698453588089	2
2	4419	168.35986514105	1
2	4434	168.92364054023	1
2	4437	169.02364054023	1
2	4442	169.12364054023	1
2	4446	169.22364054023	2
2	4458	169.438189539787	2
2	4473	169.90890575553	1
2	4490	170.586220205415	1
2	4493	170.686220205415	1
2	4505	170.902279142376	1
2	4512	171.002279142376	1
2	4516	171.102279142376	2
2	4536	171.749023954937	1
2	4547	172.490675197793	1
2	4560	172.813225512117	1
2	4565	172.913225512117	1
2	4570	173.013225512117	1
2	4574	173.113225512117	2
2	4591	173.42594931017	1
2	4595	173.52594931017	2
2	4615	174.224067256089	1
2	4624	174.473715168716	1
2	4637	175.406867863598	1
2	4643	175.560891979602	1
2	4658	175.956253531175	1
2	4669	176.915426004806	1
2	4680	177.547936871123	1
2	4691	178.163952692069	1
2	4702	178.643095101944	1
2	4713	179.132426251262	1
2	4724	179.347323707354	1
2	4731	179.447323707354	1
2	4734	179.547323707354	1
2	4748	179.898060024714	1
2	4761	180.215140910258	1
2	4774	180.977995637426	1
2	4785	182.013352434891	1
2	4796	183.042944457286	1
2	4807	183.399197324286	1
2	4818	183.833330373983	1
2	4827	184.07754950655	1
2	4835	184.197440289001	1
2	4848	184.533072113208	1
2	4856	184.662699721327	1
2	4866	184.887738718844	1
2	4881	185.291406063498	1
2	4887	185.412574835585	1
2	4904	185.928105602427	1
2	4909	186.028105602427	1
2	4912	186.128105602427	1
2	4931	187.194094799672	1
2	4942	187.647329821973	1
2	4948	187.751640846162	1
2	4960	188.034128502319	1
2	4965	188.134128502319	1
2	4982	188.746895098448	1
2	4991	188.965485119174	1
2	5006	189.425402803464	1
2	5009	189.525402803464	1
2	5024	190.416284358037	1
2	5035	190.712020439295	1
2	5040	190.812020439295	1
2	5048	190.958393003225	1
2	5065	191.690758985363	1
2	5071	191.797531638651	1
2	5086	192.982217461016	1
2	5097	193.313925360289	1
2	5112	193.654895959848	1
2	5119	193.754895959848	1
2	5122	193.854895959848	1
2	5126	193.954895959848	2
2	5131	194.054895959848	2
2	5140	194.238130261727	3
2	5150	194.450858735093	3
2	5160	194.594695404979	3
2	5170	194.839895776724	3
2	5195	195.741592800123	1
2	5204	196.001361159877	1
2	5217	196.422340627832	1
2	5228	196.879894361951	1
2	5239	197.796355013621	1
2	5250	198.358776633421	1
2	5256	198.464862854745	1
2	5271	199.152529865912	1
2	5277	199.272454445432	1
2	5285	199.442502745061	1
3	8	1.193648103126	1
3	26	2.372242711789	1
3	33	2.572242711789	1
3	38	2.772242711789	1
3	61	3.316266061121	1
3	70	3.516266061121	1
3	75	3.716266061121	1
3	80	3.916266061121	1
3	85	4.116266061121	1
3	96	5.270963783001	1
3	111	5.632562497513	1
3	121	5.832562497513	1
3	126	6.032562497513	1
3	140	6.35140654375	1
3	148	6.568475796548	1
3	164	6.870822391837	1
3	172	7.070822391837	1
3	180	7.298010634845	1
3	191	7.687705106344	1
3	205	8.385371481721	1
3	213	8.615973521834	1
3	224	9.178593520259	1
3	240	9.711137402142	1
3	248	9.911137402142	1
3	261	10.200794602178	1
3	269	10.400794602178	1
3	281	10.656386008473	1
3	289	10.856386008473	1
3	297	11.138700044591	1
3	308	11.654118510787	1
3	319	13.505259562799	1
3	330	14.487532602017	1
3	344	15.173136979291	1
3	355	15.429378718142	1
3	363	15.642607848503	1
3	374	16.096515791807	1
3	385	16.932369603195	1
3	396	17.579601468182	1
3	412	18.273963605817	1
3	422	18.519095562531	1
3	430	18.719095562531	1
3	438	18.989641690646	1
3	453	19.496885886673	1
3	458	19.696885886673	1
3	474	20.209020493004	1
3	479	20.409020493004	1
3	490	20.919063051989	1
3	501	21.302404919727	1
3	515	21.79635886774	1
3	523	22.030083515605	1
3	534	22.34151051997	1
3	553	22.684674306346	1
3	558	22.884674306346	1
3	563	23.084674306346	1
3	579	24.038158788614	1
3	591	24.238158788614	1
3	602	24.438158788614	1
3	607	24.638158788614	1
3	612	24.838158788614	1
3	623	25.240409102455	1
3	637	25.745722530906	1
3	645	25.992375836766	1
3	656	28.052847985214	1
3	672	28.36844027448	1
3	677	28.56844027448	1
3	688	29.106250503197	1
3	699	29.551305894698	1
3	710	30.089921338043	1
3	721	30.455444774353	1
3	732	30.964770457319	1
3	743	31.470163546767	1
3	754	32.109614704437	1
3	765	33.217688363115	1
3	781	34.072165545668	1
3	786	34.272165545668	1
3	805	34.935095316535	1
3	815	35.135095316535	1
3	822	35.335095316535	1
3	827	35.535095316535	1
3	838	35.95135813123	1
3	854	36.500331622721	1
3	859	36.700331622721	1
3	873	37.211928193466	1
3	884	37.465628755651	1
3	892	37.674051732618	1
3	903	38.169262682316	1
3	919	39.98726352851	1
3	927	40.18726352851	1
3	935	40.408493486305	1
3	951	41.456785845363	1
3	956	41.656785845363	1
3	967	42.171012093668	1
3	985	42.665649903257	1
3	992	42.865649903257	1
3	1000	43.065649903257	1
3	1013	43.267226711	1
3	1023	43.470473707694	1
3	1028	43.670473707694	1
3	1039	44.084450162144	1
3	1050	44.860428244927	1
3	1064	45.439272513158	1
3	1077	45.709551198469	1
3	1085	45.909551198469	1
3	1101	46.14732609909	1
3	1109	46.34732609909	1
3	1116	46.54732609909	1
3	1121	46.74732609909	1
3	1137	47.205118644826	1
3	1142	47.405118644826	1
3	1153	47.748758601082	1
3	1171	48.279569052637	1
3	1183	48.479569052637	1
3	1193	48.679569052637	1
3	1201	48.879569052637	1
3	1208	49.079569052637	1
3	1213	49.279569052637	1
3	1224	49.912624401932	1
3	1235	50.237246356542	1
3	1246	50.619076106972	1
3	1257	50.940388924684	1
3	1271	51.806437768208	1
3	1279	52.054664848584	1
3	1290	53.555870236856	1
3	1301	54.000131448189	1
3	1312	54.725509230288	1
3	1327	55.586069763754	1
3	1337	55.786069763754	1
3	1342	55.986069763754	1
3	1356	56.312559756529	1
3	1367	56.527769729035	1
3	1380	56.78635828454	1
3	1390	56.98635828454	1
3	1395	57.18635828454	1
3	1406	58.278678778173	1
3	1417	58.820416757866	1
3	1428	60.452354452452	1
3	1439	61.1516811157	1
3	1450	61.472736343825	1
3	1461	61.932567857209	1
3	1476	62.251861083941	1
3	1486	62.451861083941	1
3	1491	62.651861083941	1
3	1509	63.046607079284	1
3	1519	63.246607079284	1
3	1533	63.446607079284	1
3	1540	63.646607079284	1
3	1545	63.846607079284	1
3	1550	64.046607079284	1
3	1568	64.729885993405	1
3	1578	64.929885993405	1
3	1589	65.129885993405	1
3	1597	65.329885993405	1
3	1604	65.529885993405	1
3	1609	65.729885993405	1
3	1623	66.042967107144	1
3	1635	66.338879646113	1
3	1640	66.538879646113	1
3	1651	66.867543926462	1
3	1670	67.285449605811	1
3	1675	67.485449605811	1
3	1687	67.685449605811	1
3	1694	67.885449605811	1
3	1699	68.085449605811	1
3	1710	68.456535483514	1
3	1729	69.731511545886	1
3	1739	69.931511545886	1
3	1747	70.131511545886	1
3	1757	70.331511545886	1
3	1769	70.531511545886	1
3	1778	70.731511545886	1
3	1786	70.931511545886	1
3	1796	71.131511545886	1
3	1803	71.331511545886	1
3	1808	71.531511545886	1
3	1819	72.100501003091	1
3	1830	72.51948693575	1
3	1846	72.889888592413	1
3	1854	73.089888592413	1
3	1867	73.362325349313	1
3	1881	73.603836140123	1
3	1886	73.803836140123	1
3	1894	74.003836140123	1
3	1902	74.205284622763	1
3	1917	75.053281387238	1
3	1922	75.253281387238	1
3	1936	77.034925205463	1
3	1952	77.304551597586	1
3	1957	77.504551597586	1
3	1965	77.704551597586	1
3	1978	77.966187014546	1
3	1988	78.166187014546	1
3	1993	78.366187014546	1
3	2007	79.066398825795	1
3	2015	79.295329436332	1
3	2026	79.622330097259	1
3	2037	80.056085295087	1
3	2053	80.372572653855	1
3	2065	80.572572653855	1
3	2072	80.772572653855	1
3	2077	80.972572653855	1
3	2088	81.426229688684	1
3	2104	81.910483855369	1
3	2109	82.110483855369	1
3	2128	82.677298712991	1
3	2136	82.877298712991	1
3	2143	83.077298712991	1
3	2148	83.277298712991	1
3	2164	83.875562682416	1
3	2169	84.075562682416	1
3	2180	84.950357381489	1
3	2201	85.547081439101	1
3	2208	85.747081439101	1
3	2213	85.947081439101	1
3	2221	86.147081439101	1
3	2229	86.362460352588	1
3	2240	87.171719269117	1
3	2251	87.546312891731	1
3	2270	88.220706221185	1
3	2278	88.420706221185	1
3	2289	88.620706221185	1
3	2294	88.820706221185	1
3	2304	89.020706221185	1
3	2309	89.220706221185	1
3	2320	89.733901640783	1
3	2331	90.848690972016	1
3	2342	91.256005534891	1
3	2353	91.872728192519	1
3	2364	92.20516856	1
3	2375	92.760375652502	1
3	2389	93.721318005438	1
3	2397	93.996224584478	1
3	2416	94.447890271375	1
3	2421	94.647890271375	1
3	2426	94.847890271375	1
3	2442	95.277787073646	1
3	2452	95.516918790571	1
3	2457	95.716918790571	1
3	2468	97.468077688066	1
3	2484	97.787517377732	1
3	2492	97.987517377732	1
3	2500	98.238870275877	1
3	2520	99.103943659895	1
3	2531	99.303943659895	1
3	2538	99.503943659895	1
3	2548	99.703943659895	1
3	2553	99.903943659895	1
3	2561	100.103943659895	1
3	2572	100.305447826734	1
3	2585	100.571260261709	1
3	2599	100.771260261709	1
3	2610	100.971260261709	1
3	2617	101.171260261709	1
3	2627	101.371260261709	1
3	2632	101.571260261709	1
3	2637	101.771260261709	1
3	2652	102.144633410707	1
3	2657	102.344633410707	1
3	2678	103.154329679025	1
3	2685	103.354329679025	1
3	2690	103.554329679025	1
3	2695	103.754329679025	1
3	2714	104.484218669793	1
3	2725	104.684218669793	1
3	2730	104.884218669793	1
3	2735	105.084218669793	1
3	2754	105.521778977704	1
3	2759	105.721778977704	1
3	2767	105.921778977704	1
3	2775	106.166309721219	1
3	2789	106.858321787586	1
3	2797	107.063151331286	1
3	2813	107.558840963588	1
3	2818	107.758840963588	1
3	2832	108.433346294166	1
3	2848	108.730089874138	1
3	2856	108.930089874138	1
3	2863	109.130089874138	1
3	2868	109.330089874138	1
3	2883	109.912418602434	1
3	2893	110.112418602434	1
3	2898	110.312418602434	1
3	2909	110.795097534982	1
3	2920	111.185460697494	1
3	2931	111.599484798531	1
3	2942	113.045327675036	1
3	2958	113.658622264748	1
3	2968	113.858622264748	1
3	2978	114.058622264748	1
3	2986	114.258622264748	1
3	2994	114.557534051036	1
3	3010	116.097412681212	1
3	3015	116.297412681212	1
3	3026	116.625630268311	1
3	3037	117.854197113176	1
3	3048	119.454132154585	1
3	3059	119.837219121046	1
3	3073	121.222440730021	1
3	3081	121.492252899396	1
3	3101	121.980705829645	1
3	3110	122.180705829645	1
3	3118	122.380705829645	1
3	3125	122.580705829645	1
3	3138	122.780705829645	1
3	3145	122.980705829645	1
3	3153	123.180705829645	1
3	3165	123.448068452377	1
3	3175	123.648068452377	1
3	3185	123.848068452377	1
3	3197	124.048068452377	1
3	3204	124.248068452377	1
3	3212	124.448068452377	1
3	3220	124.699634131927	1
3	3231	125.281431574923	1
3	3242	126.193669488036	1
3	3256	127.282009203122	1
3	3268	127.573775020713	1
3	3273	127.773775020713	1
3	3291	128.43667890578	1
3	3303	128.63667890578	1
3	3308	128.83667890578	1
3	3313	129.03667890578	1
3	3331	129.459821075376	1
3	3338	129.659821075376	1
3	3343	129.859821075376	1
3	3354	130.888329150875	1
3	3370	131.360853363518	1
3	3375	131.560853363518	1
3	3391	131.959280016908	1
3	3396	132.159280016908	1
3	3417	132.759896954916	1
3	3424	132.959896954916	1
3	3432	133.159896954916	1
3	3439	133.359896954916	1
3	3444	133.559896954916	1
3	3455	134.268956558855	1
3	3466	135.24930545608	1
3	3482	136.583840438111	1
3	3487	136.783840438111	1
3	3506	137.115300491425	1
3	3518	137.315300491425	1
3	3530	137.515300491425	1
3	3535	137.715300491425	1
3	3540	137.915300491425	1
3	3545	138.115300491425	1
3	3564	138.475791900936	1
3	3569	138.675791900936	1
3	3577	138.875791900936	1
3	3593	139.137235273188	1
3	3600	139.337235273188	1
3	3610	139.537235273188	1
3	3615	139.737235273188	1
3	3631	140.162789780963	1
3	3636	140.362789780963	1
3	3647	140.984194943604	1
3	3658	141.729097125292	1
3	3672	142.044316461981	1
3	3683	142.323351178848	1
3	3694	142.603160857826	1
3	3706	142.868355037939	1
3	3711	143.068355037939	1
3	3722	143.87417012682	1
3	3733	144.347382057575	1
3	3752	145.334688672022	1
3	3764	145.534688672022	1
3	3773	145.734688672022	1
3	3781	145.934688672022	1
3	3788	146.134688672022	1
3	3793	146.334688672022	1
3	3812	146.63657808106	1
3	3817	146.83657808106	1
3	3822	147.03657808106	1
3	3842	148.042949510869	1
3	3851	148.242949510869	1
3	3861	148.442949510869	1
3	3876	148.642949510869	1
3	3889	148.842949510869	1
3	3898	149.042949510869	1
3	3903	149.242949510869	1
3	3913	149.442949510869	1
3	3918	149.642949510869	1
3	3923	149.842949510869	1
3	3933	150.042949510869	1
3	3938	150.242949510869	1
3	3952	150.928260541527	1
3	3965	151.171553604409	1
3	3981	151.404366173655	1
3	3992	151.604366173655	1
3	3997	151.804366173655	1
3	4002	152.004366173655	1
3	4007	152.204366173655	1
3	4028	152.776244642512	1
3	4038	152.976244642512	1
3	4045	153.176244642512	1
3	4050	153.376244642512	1
3	4055	153.576244642512	1
3	4066	154.508573278086	1
3	4077	154.922448205232	1
3	4088	155.540750302377	1
3	4104	155.996838245547	1
3	4109	156.196838245547	1
3	4123	156.497093531361	1
3	4131	156.722387265217	1
3	4145	157.3363573841	1
3	4153	157.634248112292	1
3	4164	158.324293533066	1
3	4175	158.657032448168	1
3	4186	159.073353991685	1
3	4205	159.703850143764	1
3	4210	159.903850143764	1
3	4218	160.103850143764	1
3	4229	160.347977827415	1
3	4242	160.588263790312	1
3	4250	160.788263790312	1
3	4258	161.044969890149	1
3	4269	161.781710986866	1
3	4280	162.759520428665	1
3	4291	163.097263968124	1
3	4309	164.128165015833	1
3	4316	164.328165015833	1
3	4321	164.528165015833	1
3	4339	165.392017755892	1
3	4346	165.592017755892	1
3	4351	165.792017755892	1
3	4362	166.171751056059	1
3	4378	167.31695745631	1
3	4394	167.598553588089	1
3	4401	167.798553588089	1
3	4406	167.998553588089	1
3	4411	168.198553588089	1
3	4422	168.55996514105	1
3	4443	169.12374054023	1
3	4450	169.32374054023	1
3	4460	169.52374054023	1
3	4465	169.72374054023	1
3	4475	169.92374054023	1
3	4480	170.12374054023	1
3	4495	170.786320205415	1
3	4509	170.986320205415	1
3	4518	171.186320205415	1
3	4523	171.386320205415	1
3	4528	171.586320205415	1
3	4539	171.949123954937	1
3	4550	172.690775197793	1
3	4571	173.013325512117	1
3	4578	173.213325512117	1
3	4586	173.413325512117	1
3	4597	173.613325512117	1
3	4602	173.813325512117	1
3	4607	174.013325512117	1
3	4621	174.424167256089	1
3	4629	174.673815168716	1
3	4645	175.606967863598	1
3	4650	175.806967863598	1
3	4661	176.156353531175	1
3	4672	177.115526004806	1
3	4683	177.748036871123	1
3	4694	178.364052692069	1
3	4705	178.843195101944	1
3	4721	179.332526251262	1
3	4735	179.547423707354	1
3	4740	179.747423707354	1
3	4750	179.947423707354	1
3	4758	180.147423707354	1
3	4766	180.415240910258	1
3	4777	181.178095637426	1
3	4788	182.213452434891	1
3	4799	183.243044457286	1
3	4810	183.599297324286	1
3	4824	184.033430373983	1
3	4837	184.27764950655	1
3	4845	184.47764950655	1
3	4858	184.733172113208	1
3	4868	184.933172113208	1
3	4873	185.133172113208	1
3	4889	185.491506063498	1
3	4894	185.691506063498	1
3	4913	186.128205602427	1
3	4918	186.328205602427	1
3	4923	186.528205602427	1
3	4934	187.394194799672	1
3	4950	187.847429821973	1
3	4962	188.047429821973	1
3	4969	188.247429821973	1
3	4974	188.447429821973	1
3	4988	188.946995098448	1
3	4996	189.165585119174	1
3	5011	189.625502803464	1
3	5016	189.825502803464	1
3	5030	190.616384358037	1
3	5045	190.912120439295	1
3	5052	191.112120439295	1
3	5057	191.312120439295	1
3	5073	191.890858985363	1
3	5078	192.090858985363	1
3	5089	193.182317461016	1
3	5100	193.514025360289	1
3	5123	193.854995959848	1
3	5132	194.054995959848	1
3	5142	194.254995959848	1
3	5152	194.454995959848	1
3	5162	194.654995959848	1
3	5172	194.854995959848	1
3	5177	195.054995959848	1
3	5182	195.254995959848	1
3	5187	195.454995959848	1
3	5201	195.941692800123	1
3	5209	196.201461159877	1
3	5220	196.622440627832	1
3	5231	197.079994361951	1
3	5242	197.996455013621	1
3	5258	198.558876633421	1
3	5263	198.758876633421	1
3	5282	199.352629865912	1
3	5289	199.552629865912	1
3	5294	199.752629865912	1
4	10	1.293648103126	0.4002
4	30	2.472242711789	0.4002
4	35	2.672242711789	0.438825250789
4	40	2.872242711789	0.544836778865
4	65	3.416266061121	0.4002
4	72	3.616266061121	0.573635257656
4	77	3.816266061121	0.756598906736
4	82	4.016266061121	0.771715254026
4	87	4.216266061121	0.926153522651
4	101	5.370963783001	0.4002
4	116	5.732562497513	0.4002
4	123	5.932562497513	0.558290529957
4	131	6.132562497513	0.456436904163
4	145	6.45140654375	0.4002
4	153	6.668475796548	0.4002
4	166	6.970822391837	0.4002
4	177	7.170822391837	0.436767306602
4	185	7.398010634845	0.4002
4	193	7.787705106344	0.4002
4	210	8.485371481721	0.4002
4	215	8.715973521834	0.4002
4	226	9.278593520259	0.4002
4	242	9.811137402142	0.4002
4	256	10.011137402142	0.402497485341
4	263	10.300794602178	0.4002
4	276	10.500794602178	0.490523252672
4	283	10.756386008473	0.4002
4	294	10.956386008473	0.532541262416
4	299	11.238700044591	0.4002
4	310	11.754118510787	0.4002
4	321	13.605259562799	0.4002
4	332	14.587532602017	0.4002
4	349	15.273136979291	0.4002
4	360	15.529378718142	0.4002
4	365	15.742607848503	0.4002
4	376	16.196515791807	0.4002
4	387	17.032369603195	0.4002
4	398	17.679601468182	0.4002
4	417	18.373963605817	0.4002
4	424	18.619095562531	0.4002
4	435	18.819095562531	0.577794229865
4	440	19.089641690646	0.4002
4	455	19.596885886673	0.4002
4	460	19.796885886673	0.536205407597
4	476	20.309020493004	0.4002
4	481	20.509020493004	0.423496507076
4	495	21.019063051989	0.4002
4	503	21.402404919727	0.4002
4	520	21.89635886774	0.4002
4	528	22.130083515605	0.4002
4	541	22.44151051997	0.4002
4	555	22.784674306346	0.4002
4	560	22.984674306346	0.54686781142
4	565	23.184674306346	0.711404712424
4	584	24.138158788614	0.4002
4	597	24.338158788614	0.499128004206
4	604	24.538158788614	0.492620973683
4	609	24.738158788614	0.594316907227
4	614	24.938158788614	0.696492823685
4	625	25.340409102455	0.4002
4	642	25.845722530906	0.4002
4	647	26.092375836766	0.4002
4	661	28.152847985214	0.4002
4	674	28.46844027448	0.4002
4	679	28.66844027448	0.482121744804
4	690	29.206250503197	0.4002
4	701	29.651305894698	0.4002
4	715	30.189921338043	0.4002
4	723	30.555444774353	0.4002
4	734	31.064770457319	0.4002
4	745	31.570163546767	0.4002
4	756	32.209614704437	0.4002
4	767	33.317688363115	0.4002
4	783	34.172165545668	0.4002
4	788	34.372165545668	0.426771576441
4	809	35.035095316535	0.4002
4	819	35.235095316535	0.483184273001
4	824	35.435095316535	0.537104762809
4	829	35.635095316535	0.531122770466
4	840	36.05135813123	0.4002
4	856	36.600331622721	0.4002
4	861	36.800331622721	0.403647477889
4	878	37.311928193466	0.4002
4	889	37.565628755651	0.4002
4	894	37.774051732618	0.4002
4	905	38.269262682316	0.4002
4	921	40.08726352851	0.4002
4	932	40.28726352851	0.418468115831
4	937	40.508493486305	0.4002
4	953	41.556785845363	0.4002
4	958	41.756785845363	0.412960427189
4	969	42.271012093668	0.4002
4	989	42.765649903257	0.4002
4	994	42.965649903257	0.488400623649
4	1005	43.165649903257	0.653977612487
4	1018	43.367226711	0.4002
4	1025	43.570473707694	0.4002
4	1030	43.770473707694	0.575628990871
4	1041	44.184450162144	0.4002
4	1052	44.960428244927	0.4002
4	1069	45.539272513158	0.4002
4	1079	45.809551198469	0.4002
4	1094	46.009551198469	0.466648505326
4	1103	46.24732609909	0.4002
4	1113	46.44732609909	0.516137601961
4	1118	46.64732609909	0.650349996049
4	1123	46.84732609909	0.595453445851
4	1139	47.305118644826	0.4002
4	1147	47.505118644826	0.43712935509
4	1155	47.848758601082	0.4002
4	1178	48.379569052637	0.4002
4	1188	48.579569052637	0.485539270317
4	1195	48.779569052637	0.60169154585
4	1205	48.979569052637	0.60020251436
4	1210	49.179569052637	0.639351793756
4	1215	49.379569052637	0.510890480767
4	1229	50.012624401932	0.4002
4	1240	50.337246356542	0.4002
4	1251	50.719076106972	0.4002
4	1259	51.040388924684	0.4002
4	1276	51.906437768208	0.4002
4	1281	52.154664848584	0.4002
4	1292	53.655870236856	0.4002
4	1303	54.100131448189	0.4002
4	1314	54.825509230288	0.4002
4	1332	55.686069763754	0.4002
4	1339	55.886069763754	0.520417166093
4	1347	56.086069763754	0.459073961387
4	1361	56.412559756529	0.4002
4	1375	56.627769729035	0.4002
4	1385	56.88635828454	0.4002
4	1392	57.08635828454	0.484386121551
4	1397	57.28635828454	0.477275127989
4	1408	58.378678778173	0.4002
4	1419	58.920416757866	0.4002
4	1430	60.552354452452	0.4002
4	1444	61.2516811157	0.4002
4	1452	61.572736343825	0.4002
4	1468	62.032567857209	0.4002
4	1481	62.351861083941	0.4002
4	1488	62.551861083941	0.540209487544
4	1496	62.751861083941	0.490827717057
4	1513	63.146607079284	0.4002
4	1525	63.346607079284	0.405431646625
4	1537	63.546607079284	0.581175949441
4	1542	63.746607079284	0.571809211026
4	1547	63.946607079284	0.686202341978
4	1552	64.146607079284	0.751929567304
4	1572	64.829885993405	0.4002
4	1584	65.029885993405	0.599858862454
4	1591	65.229885993405	0.592112428547
4	1601	65.429885993405	0.564015320453
4	1606	65.629885993405	0.69981092835
4	1614	65.829885993405	0.545761778635
4	1630	66.142967107144	0.4002
4	1637	66.438879646113	0.4002
4	1645	66.638879646113	0.528793877381
4	1653	66.967543926462	0.4002
4	1672	67.385449605811	0.4002
4	1682	67.585449605811	0.563266436765
4	1691	67.785449605811	0.647331803228
4	1696	67.985449605811	0.450701583459
4	1704	68.185449605811	0.633799250771
4	1712	68.556535483514	0.4002
4	1734	69.831511545886	0.4002
4	1741	70.031511545886	0.512608059225
4	1751	70.231511545886	0.685202087388
4	1761	70.431511545886	0.622208675166
4	1773	70.631511545886	0.534461338269
4	1780	70.831511545886	0.545619573692
4	1790	71.031511545886	0.578626808876
4	1800	71.231511545886	0.759084070619
4	1805	71.431511545886	0.527548653219
4	1810	71.631511545886	0.575467489573
4	1821	72.200501003091	0.4002
4	1835	72.61948693575	0.4002
4	1848	72.989888592413	0.4002
4	1859	73.189888592413	0.481693335582
4	1874	73.462325349313	0.4002
4	1883	73.703836140123	0.4002
4	1888	73.903836140123	0.550413001248
4	1899	74.103836140123	0.694522890972
4	1904	74.305284622763	0.4002
4	1919	75.153281387238	0.4002
4	1924	75.353281387238	0.508674533194
4	1945	77.134925205463	0.4002
4	1954	77.404551597586	0.4002
4	1959	77.604551597586	0.560117273015
4	1970	77.804551597586	0.745199099598
4	1983	78.066187014546	0.4002
4	1990	78.266187014546	0.448629690392
4	1995	78.466187014546	0.495186728595
4	2012	79.166398825795	0.4002
4	2020	79.395329436332	0.4002
4	2028	79.722330097259	0.4002
4	2042	80.156085295087	0.4002
4	2060	80.472572653855	0.4002
4	2069	80.672572653855	0.444373964757
4	2074	80.872572653855	0.460938569874
4	2079	81.072572653855	0.651011826595
4	2090	81.526229688684	0.4002
4	2106	82.010483855369	0.4002
4	2111	82.210483855369	0.470820776739
4	2130	82.777298712991	0.4002
4	2140	82.977298712991	0.546486373157
4	2145	83.177298712991	0.694104705843
4	2150	83.377298712991	0.563176210686
4	2166	83.975562682416	0.4002
4	2171	84.175562682416	0.47577113077
4	2182	85.050357381489	0.4002
4	2205	85.647081439101	0.4002
4	2210	85.847081439101	0.511980076947
4	2215	86.047081439101	0.63288918193
4	2226	86.247081439101	0.796437661562
4	2231	86.462460352588	0.4002
4	2245	87.271719269117	0.4002
4	2253	87.646312891731	0.4002
4	2272	88.320706221185	0.4002
4	2284	88.520706221185	0.583141839889
4	2291	88.720706221185	0.638246655546
4	2299	88.920706221185	0.508693540207
4	2306	89.120706221185	0.698297034966
4	2311	89.320706221185	0.457082937193
4	2322	89.833901640783	0.4002
4	2333	90.948690972016	0.4002
4	2344	91.356005534891	0.4002
4	2358	91.972728192519	0.4002
4	2366	92.30516856	0.4002
4	2377	92.860375652502	0.4002
4	2394	93.821318005438	0.4002
4	2399	94.096224584478	0.4002
4	2418	94.547890271375	0.4002
4	2423	94.747890271375	0.582731036706
4	2428	94.947890271375	0.649321321936
4	2447	95.377787073646	0.4002
4	2454	95.616918790571	0.4002
4	2459	95.816918790571	0.594713043309
4	2473	97.568077688066	0.4002
4	2486	97.887517377732	0.4002
4	2497	98.087517377732	0.483466422022
4	2502	98.338870275877	0.4002
4	2526	99.203943659895	0.4002
4	2535	99.403943659895	0.552272707663
4	2543	99.603943659895	0.583223622413
4	2550	99.803943659895	0.757290333571
4	2555	100.003943659895	0.824477665089
4	2566	100.203943659895	0.68247069303
4	2577	100.405447826734	0.4002
4	2594	100.671260261709	0.4002
4	2605	100.871260261709	0.42671434414
4	2614	101.071260261709	0.483230911656
4	2622	101.271260261709	0.66419556757
4	2629	101.471260261709	0.847951944776
4	2634	101.671260261709	0.853166503331
4	2642	101.871260261709	0.651233410354
4	2654	102.244633410707	0.4002
4	2659	102.444633410707	0.547091018391
4	2682	103.254329679025	0.4002
4	2687	103.454329679025	0.595530512957
4	2692	103.654329679025	0.766951535073
4	2697	103.854329679025	0.837397530432
4	2720	104.584218669793	0.4002
4	2727	104.784218669793	0.45664588077
4	2732	104.984218669793	0.525260235142
4	2737	105.184218669793	0.645724887916
4	2756	105.621778977704	0.4002
4	2761	105.821778977704	0.572469415503
4	2772	106.021778977704	0.759929947639
4	2777	106.266309721219	0.4002
4	2794	106.958321787586	0.4002
4	2799	107.163151331286	0.4002
4	2815	107.658840963588	0.4002
4	2820	107.858840963588	0.487353048787
4	2839	108.533346294166	0.4002
4	2850	108.830089874138	0.4002
4	2860	109.030089874138	0.582359319292
4	2865	109.230089874138	0.664618576386
4	2870	109.430089874138	0.581841164433
4	2888	110.012418602434	0.4002
4	2895	110.212418602434	0.507243017518
4	2900	110.412418602434	0.442968252907
4	2914	110.895097534982	0.4002
4	2922	111.285460697494	0.4002
4	2933	111.699484798531	0.4002
4	2944	113.145327675036	0.4002
4	2963	113.758622264748	0.4002
4	2973	113.958622264748	0.424954553545
4	2980	114.158622264748	0.401003398992
4	2991	114.358622264748	0.499229358228
4	2996	114.657534051036	0.4002
4	3012	116.197412681212	0.4002
4	3020	116.397412681212	0.425777570335
4	3028	116.725630268311	0.4002
4	3039	117.954197113176	0.4002
4	3053	119.554132154585	0.4002
4	3061	119.937219121046	0.4002
4	3078	121.322440730021	0.4002
4	3083	121.592252899396	0.4002
4	3105	122.080705829645	0.4002
4	3112	122.280705829645	0.481708462871
4	3122	122.480705829645	0.673877991972
4	3130	122.680705829645	0.765746439563
4	3142	122.880705829645	0.586189471395
4	3147	123.080705829645	0.491252941177
4	3160	123.280705829645	0.576415152656
4	3170	123.548068452377	0.4002
4	3180	123.748068452377	0.544754532897
4	3190	123.948068452377	0.425610437339
4	3201	124.148068452377	0.443163121199
4	3206	124.348068452377	0.451053718637
4	3217	124.548068452377	0.56174954394
4	3222	124.799634131927	0.4002
4	3233	125.381431574923	0.4002
4	3244	126.293669488036	0.4002
4	3263	127.382009203122	0.4002
4	3270	127.673775020713	0.4002
4	3275	127.873775020713	0.589497119574
4	3298	128.53667890578	0.4002
4	3305	128.73667890578	0.481880101909
4	3310	128.93667890578	0.595775991428
4	3315	129.13667890578	0.671969550229
4	3335	129.559821075376	0.4002
4	3340	129.759821075376	0.538786717615
4	3345	129.959821075376	0.582162792408
4	3356	130.988329150875	0.4002
4	3372	131.460853363518	0.4002
4	3380	131.660853363518	0.486398775605
4	3393	132.059280016908	0.4002
4	3398	132.259280016908	0.424061731692
4	3421	132.859896954916	0.4002
4	3426	133.059896954916	0.580129133328
4	3436	133.259896954916	0.6855477614
4	3441	133.459896954916	0.776755673858
4	3446	133.659896954916	0.548774242788
4	3457	134.368956558855	0.4002
4	3468	135.34930545608	0.4002
4	3484	136.683840438111	0.4002
4	3494	136.883840438111	0.49561775274
4	3513	137.215300491425	0.4002
4	3525	137.415300491425	0.576540652662
4	3532	137.615300491425	0.635660318724
4	3537	137.815300491425	0.698438067224
4	3542	138.015300491425	0.873970371405
4	3552	138.215300491425	0.839034592043
4	3566	138.575791900936	0.4002
4	3571	138.775791900936	0.597018978785
4	3585	138.975791900936	0.729584817961
4	3597	139.237235273188	0.4002
4	3605	139.437235273188	0.47456324434
4	3612	139.637235273188	0.570666835555
4	3617	139.837235273188	0.452856451835
4	3633	140.262789780963	0.4002
4	3638	140.462789780963	0.48391069097
4	3649	141.084194943604	0.4002
4	3663	141.829097125292	0.4002
4	3677	142.144316461981	0.4002
4	3688	142.423351178848	0.4002
4	3701	142.703160857826	0.4002
4	3708	142.968355037939	0.4002
4	3713	143.168355037939	0.537026704491
4	3724	143.97417012682	0.4002
4	3735	144.447382057575	0.4002
4	3756	145.434688672022	0.4002
4	3768	145.634688672022	0.488001675123
4	3775	145.834688672022	0.577369333359
4	3785	146.034688672022	0.55491755821
4	3790	146.234688672022	0.747339468702
4	3800	146.434688672022	0.542126940763
4	3814	146.73657808106	0.4002
4	3819	146.93657808106	0.547979613219
4	3824	147.13657808106	0.621786481274
4	3846	148.142949510869	0.4002
4	3856	148.342949510869	0.594436088347
4	3866	148.542949510869	0.575522334105
4	3882	148.742949510869	0.734651479011
4	3893	148.942949510869	0.695898127566
4	3900	149.142949510869	0.678808037619
4	3908	149.342949510869	0.778361691908
4	3915	149.542949510869	0.926979069288
4	3920	149.742949510869	1.064446931986
4	3928	149.942949510869	1.171629217047
4	3935	150.142949510869	0.825508380125
4	3940	150.342949510869	0.47882467682
4	3957	151.028260541527	0.4002
4	3970	151.271553604409	0.4002
4	3987	151.504366173655	0.4002
4	3994	151.704366173655	0.552005991167
4	3999	151.904366173655	0.631292987119
4	4004	152.104366173655	0.734299402748
4	4009	152.304366173655	0.893417989248
4	4032	152.876244642512	0.4002
4	4042	153.076244642512	0.574741919195
4	4047	153.276244642512	0.771571487317
4	4052	153.476244642512	0.915052703556
4	4057	153.676244642512	0.704306965017
4	4068	154.608573278086	0.4002
4	4079	155.022448205232	0.4002
4	4090	155.640750302377	0.4002
4	4106	156.096838245547	0.4002
4	4114	156.296838245547	0.445190189256
4	4128	156.597093531361	0.4002
4	4133	156.822387265217	0.4002
4	4150	157.4363573841	0.4002
4	4155	157.734248112292	0.4002
4	4169	158.424293533066	0.4002
4	4177	158.757032448168	0.4002
4	4188	159.173353991685	0.4002
4	4207	159.803850143764	0.4002
4	4212	160.003850143764	0.520995373177
4	4223	160.203850143764	0.674321932044
4	4237	160.447977827415	0.4002
4	4244	160.688263790312	0.4002
4	4255	160.888263790312	0.46617194281
4	4260	161.144969890149	0.4002
4	4271	161.881710986866	0.4002
4	4285	162.859520428665	0.4002
4	4293	163.197263968124	0.4002
4	4313	164.228165015833	0.4002
4	4318	164.428165015833	0.564550505697
4	4323	164.628165015833	0.503780034979
4	4343	165.492017755892	0.4002
4	4348	165.692017755892	0.553016793284
4	4356	165.892017755892	0.504718996426
4	4364	166.271751056059	0.4002
4	4387	167.41695745631	0.4002
4	4398	167.698553588089	0.4002
4	4403	167.898553588089	0.583666030426
4	4408	168.098553588089	0.739022022238
4	4416	168.298553588089	0.893550698461
4	4424	168.65996514105	0.4002
4	4447	169.22374054023	0.4002
4	4455	169.42374054023	0.572403276914
4	4462	169.62374054023	0.755333131952
4	4470	169.82374054023	0.725924256296
4	4477	170.02374054023	0.685651000443
4	4482	170.22374054023	0.4149347847
4	4502	170.886320205415	0.4002
4	4513	171.086320205415	0.501479032299
4	4520	171.286320205415	0.484141063039
4	4525	171.486320205415	0.627701205139
4	4533	171.686320205415	0.74343298102
4	4541	172.049123954937	0.4002
4	4557	172.790775197793	0.4002
4	4575	173.113325512117	0.4002
4	4580	173.313325512117	0.55482217079
4	4592	173.513325512117	0.653132446946
4	4599	173.713325512117	0.717251056182
4	4604	173.913325512117	0.587476201947
4	4609	174.113325512117	0.689643115843
4	4626	174.524167256089	0.4002
4	4631	174.773815168716	0.4002
4	4647	175.706967863598	0.4002
4	4655	175.906967863598	0.446175883996
4	4663	176.256353531175	0.4002
4	4674	177.215526004806	0.4002
4	4685	177.848036871123	0.4002
4	4696	178.464052692069	0.4002
4	4707	178.943195101944	0.4002
4	4728	179.432526251262	0.4002
4	4737	179.647423707354	0.4002
4	4745	179.847423707354	0.539915747409
4	4752	180.047423707354	0.627979512259
4	4763	180.247423707354	0.44946368264
4	4768	180.515240910258	0.4002
4	4779	181.278095637426	0.4002
4	4790	182.313452434891	0.4002
4	4804	183.343044457286	0.4002
4	4812	183.699297324286	0.4002
4	4832	184.133430373983	0.4002
4	4839	184.37764950655	0.4002
4	4853	184.57764950655	0.480309217549
4	4863	184.833172113208	0.4002
4	4870	185.033172113208	0.470572391881
4	4878	185.233172113208	0.445533394364
4	4891	185.591506063498	0.4002
4	4896	185.791506063498	0.479031227913
4	4915	186.228205602427	0.4002
4	4920	186.428205602427	0.566763021406
4	4925	186.628205602427	0.620887520738
4	4936	187.494194799672	0.4002
4	4957	187.947429821973	0.4002
4	4966	188.147429821973	0.495888975811
4	4971	188.347429821973	0.413401319654
4	4976	188.547429821973	0.607974773175
4	4993	189.046995098448	0.4002
4	4998	189.265585119174	0.4002
4	5013	189.725502803464	0.4002
4	5018	189.925502803464	0.572946787016
4	5037	190.716384358037	0.4002
4	5049	191.012120439295	0.4002
4	5054	191.212120439295	0.549094095739
4	5059	191.412120439295	0.55382743607
4	5075	191.990858985363	0.4002
4	5080	192.190858985363	0.493427346712
4	5094	193.282317461016	0.4002
4	5105	193.614025360289	0.4002
4	5127	193.954995959848	0.4002
4	5137	194.154995959848	0.503585635339
4	5147	194.354995959848	0.701924177773
4	5157	194.554995959848	0.833557118466
4	5167	194.754995959848	1.01992244208
4	5174	194.954995959848	0.816965698121
4	5179	195.154995959848	0.804237224755
4	5184	195.354995959848	0.860400554869
4	5189	195.554995959848	0.815200183124
4	5206	196.041692800123	0.4002
4	5211	196.301461159877	0.4002
4	5222	196.722440627832	0.4002
4	5233	197.179994361951	0.4002
4	5244	198.096455013621	0.4002
4	5260	198.658876633421	0.4002
4	5265	198.858876633421	0.494113778676
4	5286	199.452629865912	0.4002
4	5291	199.652629865912	0.48027542048
4	5296	199.852629865912	0.510227120851
5	10	1.293648103126	1
5	30	2.472242711789	1
5	35	2.672242711789	1
5	40	2.872242711789	1
5	65	3.416266061121	1
5	72	3.616266061121	1
5	77	3.816266061121	1
5	82	4.016266061121	1
5	87	4.216266061121	1
5	101	5.370963783001	1
5	116	5.732562497513	1
5	123	5.932562497513	1
5	131	6.132562497513	1
5	145	6.45140654375	1
5	153	6.668475796548	1
5	166	6.970822391837	1
5	177	7.170822391837	1
5	185	7.398010634845	1
5	193	7.787705106344	1
5	210	8.485371481721	1
5	215	8.715973521834	1
5	226	9.278593520259	1
5	242	9.811137402142	1
5	256	10.011137402142	1
5	263	10.300794602178	1
5	276	10.500794602178	1
5	283	10.756386008473	1
5	294	10.956386008473	1
5	299	11.238700044591	1
5	310	11.754118510787	1
5	321	13.605259562799	1
5	332	14.587532602017	1
5	349	15.273136979291	1
5	360	15.529378718142	1
5	365	15.742607848503	1
5	376	16.196515791807	1
5	387	17.032369603195	1
5	398	17.679601468182	1
5	417	18.373963605817	1
5	424	18.619095562531	1
5	435	18.819095562531	1
5	440	19.089641690646	1
5	455	19.596885886673	1
5	460	19.796885886673	1
5	476	20.309020493004	1
5	481	20.509020493004	1
5	495	21.019063051989	1
5	503	21.402404919727	1
5	520	21.89635886774	1
5	528	22.130083515605	1
5	541	22.44151051997	1
5	555	22.784674306346	1
5	560	22.984674306346	1
5	565	23.184674306346	1
5	584	24.138158788614	1
5	597	24.338158788614	1
5	604	24.538158788614	1
5	609	24.738158788614	1
5	614	24.938158788614	1
5	625	25.340409102455	1
5	642	25.845722530906	1
5	647	26.092375836766	1
5	661	28.152847985214	1
5	674	28.46844027448	1
5	679	28.66844027448	1
5	690	29.206250503197	1
5	701	29.651305894698	1
5	715	30.189921338043	1
5	723	30.555444774353	1
5	734	31.064770457319	1
5	745	31.570163546767	1
5	756	32.209614704437	1
5	767	33.317688363115	1
5	783	34.172165545668	1
5	788	34.372165545668	1
5	809	35.035095316535	1
5	819	35.235095316535	1
5	824	35.435095316535	1
5	829	35.635095316535	1
5	840	36.05135813123	1
5	856	36.600331622721	1
5	861	36.800331622721	1
5	878	37.311928193466	1
5	889	37.565628755651	1
5	894	37.774051732618	1
5	905	38.269262682316	1
5	921	40.08726352851	1
5	932	40.28726352851	1
5	937	40.508493486305	1
5	953	41.556785845363	1
5	958	41.756785845363	1
5	969	42.271012093668	1
5	989	42.765649903257	1
5	994	42.965649903257	1
5	1005	43.165649903257	1
5	1018	43.367226711	1
5	1025	43.570473707694	1
5	1030	43.770473707694	1
5	1041	44.184450162144	1
5	1052	44.960428244927	1
5	1069	45.539272513158	1
5	1079	45.809551198469	1
5	1094	46.009551198469	1
5	1103	46.24732609909	1
5	1113	46.44732609909	1
5	1118	46.64732609909	1
5	1123	46.84732609909	1
5	1139	47.305118644826	1
5	1147	47.505118644826	1
5	1155	47.848758601082	1
5	1178	48.379569052637	1
5	1188	48.579569052637	1
5	1195	48.779569052637	1
5	1205	48.979569052637	1
5	1210	49.179569052637	1
5	1215	49.379569052637	1
5	1229	50.012624401932	1
5	1240	50.337246356542	1
5	1251	50.719076106972	1
5	1259	51.040388924684	1
5	1276	51.906437768208	1
5	1281	52.154664848584	1
5	1292	53.655870236856	1
5	1303	54.100131448189	1
5	1314	54.825509230288	1
5	1332	55.686069763754	1
5	1339	55.886069763754	1
5	1347	56.086069763754	1
5	1361	56.412559756529	1
5	1375	56.627769729035	1
5	1385	56.88635828454	1
5	1392	57.08635828454	1
5	1397	57.28635828454	1
5	1408	58.378678778173	1
5	1419	58.920416757866	1
5	1430	60.552354452452	1
5	1444	61.2516811157	1
5	1452	61.572736343825	1
5	1468	62.032567857209	1
5	1481	62.351861083941	1
5	1488	62.551861083941	1
5	1496	62.751861083941	1
5	1513	63.146607079284	1
5	1525	63.346607079284	1
5	1537	63.546607079284	1
5	1542	63.746607079284	1
5	1547	63.946607079284	1
5	1552	64.146607079284	1
5	1572	64.829885993405	1
5	1584	65.029885993405	1
5	1591	65.229885993405	1
5	1601	65.429885993405	1
5	1606	65.629885993405	1
5	1614	65.829885993405	1
5	1630	66.142967107144	1
5	1637	66.438879646113	1
5	1645	66.638879646113	1
5	1653	66.967543926462	1
5	1672	67.385449605811	1
5	1682	67.585449605811	1
5	1691	67.785449605811	1
5	1696	67.985449605811	1
5	1704	68.185449605811	1
5	1712	68.556535483514	1
5	1734	69.831511545886	1
5	1741	70.031511545886	1
5	1751	70.231511545886	1
5	1761	70.431511545886	1
5	1773	70.631511545886	1
5	1780	70.831511545886	1
5	1790	71.031511545886	1
5	1800	71.231511545886	1
5	1805	71.431511545886	1
5	1810	71.631511545886	1
5	1821	72.200501003091	1
5	1835	72.61948693575	1
5	1848	72.989888592413	1
5	1859	73.189888592413	1
5	1874	73.462325349313	1
5	1883	73.703836140123	1
5	1888	73.903836140123	1
5	1899	74.103836140123	1
5	1904	74.305284622763	1
5	1919	75.153281387238	1
5	1924	75.353281387238	1
5	1945	77.134925205463	1
5	1954	77.404551597586	1
5	1959	77.604551597586	1
5	1970	77.804551597586	1
5	1983	78.066187014546	1
5	1990	78.266187014546	1
5	1995	78.466187014546	1
5	2012	79.166398825795	1
5	2020	79.395329436332	1
5	2028	79.722330097259	1
5	2042	80.156085295087	1
5	2060	80.472572653855	1
5	2069	80.672572653855	1
5	2074	80.872572653855	1
5	2079	81.072572653855	1
5	2090	81.526229688684	1
5	2106	82.010483855369	1
5	2111	82.210483855369	1
5	2130	82.777298712991	1
5	2140	82.977298712991	1
5	2145	83.177298712991	1
5	2150	83.377298712991	1
5	2166	83.975562682416	1
5	2171	84.175562682416	1
5	2182	85.050357381489	1
5	2205	85.647081439101	1
5	2210	85.847081439101	1
5	2215	86.047081439101	1
5	2226	86.247081439101	1
5	2231	86.462460352588	1
5	2245	87.271719269117	1
5	2253	87.646312891731	1
5	2272	88.320706221185	1
5	2284	88.520706221185	1
5	2291	88.720706221185	1
5	2299	88.920706221185	1
5	2306	89.120706221185	1
5	2311	89.320706221185	1
5	2322	89.833901640783	1
5	2333	90.948690972016	1
5	2344	91.356005534891	1
5	2358	91.972728192519	1
5	2366	92.30516856	1
5	2377	92.860375652502	1
5	2394	93.821318005438	1
5	2399	94.096224584478	1
5	2418	94.547890271375	1
5	2423	94.747890271375	1
5	2428	94.947890271375	1
5	2447	95.377787073646	1
5	2454	95.616918790571	1
5	2459	95.816918790571	1
5	2473	97.568077688066	1
5	2486	97.887517377732	1
5	2497	98.087517377732	1
5	2502	98.338870275877	1
5	2526	99.203943659895	1
5	2535	99.403943659895	1
5	2543	99.603943659895	1
5	2550	99.803943659895	1
5	2555	100.003943659895	1
5	2566	100.203943659895	1
5	2577	100.405447826734	1
5	2594	100.671260261709	1
5	2605	100.871260261709	1
5	2614	101.071260261709	1
5	2622	101.271260261709	1
5	2629	101.471260261709	1
5	2634	101.671260261709	1
5	2642	101.871260261709	1
5	2654	102.244633410707	1
5	2659	102.444633410707	1
5	2682	103.254329679025	1
5	2687	103.454329679025	1
5	2692	103.654329679025	1
5	2697	103.854329679025	1
5	2720	104.584218669793	1
5	2727	104.784218669793	1
5	2732	104.984218669793	1
5	2737	105.184218669793	1
5	2756	105.621778977704	1
5	2761	105.821778977704	1
5	2772	106.021778977704	1
5	2777	106.266309721219	1
5	2794	106.958321787586	1
5	2799	107.163151331286	1
5	2815	107.658840963588	1
5	2820	107.858840963588	1
5	2839	108.533346294166	1
5	2850	108.830089874138	1
5	2860	109.030089874138	1
5	2865	109.230089874138	1
5	2870	109.430089874138	1
5	2888	110.012418602434	1
5	2895	110.212418602434	1
5	2900	110.412418602434	1
5	2914	110.895097534982	1
5	2922	111.285460697494	1
5	2933	111.699484798531	1
5	2944	113.145327675036	1
5	2963	113.758622264748	1
5	2973	113.958622264748	1
5	2980	114.158622264748	1
5	2991	114.358622264748	1
5	2996	114.657534051036	1
5	3012	116.197412681212	1
5	3020	116.397412681212	1
5	3028	116.725630268311	1
5	3039	117.954197113176	1
5	3053	119.554132154585	1
5	3061	119.937219121046	1
5	3078	121.322440730021	1
5	3083	121.592252899396	1
5	3105	122.080705829645	1
5	3112	122.280705829645	1
5	3122	122.480705829645	1
5	3130	122.680705829645	1
5	3142	122.880705829645	1
5	3147	123.080705829645	1
5	3160	123.280705829645	1
5	3170	123.548068452377	1
5	3180	123.748068452377	1
5	3190	123.948068452377	1
5	3201	124.148068452377	1
5	3206	124.348068452377	1
5	3217	124.548068452377	1
5	3222	124.799634131927	1
5	3233	125.381431574923	1
5	3244	126.293669488036	1
5	3263	127.382009203122	1
5	3270	127.673775020713	1
5	3275	127.873775020713	1
5	3298	128.53667890578	1
5	3305	128.73667890578	1
5	3310	128.93667890578	1
5	3315	129.13667890578	1
5	3335	129.559821075376	1
5	3340	129.759821075376	1
5	3345	129.959821075376	1
5	3356	130.988329150875	1
5	3372	131.460853363518	1
5	3380	131.660853363518	1
5	3393	132.059280016908	1
5	3398	132.259280016908	1
5	3421	132.859896954916	1
5	3426	133.059896954916	1
5	3436	133.259896954916	1
5	3441	133.459896954916	1
5	3446	133.659896954916	1
5	3457	134.368956558855	1
5	3468	135.34930545608	1
5	3484	136.683840438111	1
5	3494	136.883840438111	1
5	3513	137.215300491425	1
5	3525	137.415300491425	1
5	3532	137.615300491425	1
5	3537	137.815300491425	1
5	3542	138.015300491425	1
5	3552	138.215300491425	1
5	3566	138.575791900936	1
5	3571	138.775791900936	1
5	3585	138.975791900936	1
5	3597	139.237235273188	1
5	3605	139.437235273188	1
5	3612	139.637235273188	1
5	3617	139.837235273188	1
5	3633	140.262789780963	1
5	3638	140.462789780963	1
5	3649	141.084194943604	1
5	3663	141.829097125292	1
5	3677	142.144316461981	1
5	3688	142.423351178848	1
5	3701	142.703160857826	1
5	3708	142.968355037939	1
5	3713	143.168355037939	1
5	3724	143.97417012682	1
5	3735	144.447382057575	1
5	3756	145.434688672022	1
5	3768	145.634688672022	1
5	3775	145.834688672022	1
5	3785	146.034688672022	1
5	3790	146.234688672022	1
5	3800	146.434688672022	1
5	3814	146.73657808106	1
5	3819	146.93657808106	1
5	3824	147.13657808106	1
5	3846	148.142949510869	1
5	3856	148.342949510869	1
5	3866	148.542949510869	1
5	3882	148.742949510869	1
5	3893	148.942949510869	1
5	3900	149.142949510869	1
5	3908	149.342949510869	1
5	3915	149.542949510869	1
5	3920	149.742949510869	1
5	3928	149.942949510869	1
5	3935	150.142949510869	1
5	3940	150.342949510869	1
5	3957	151.028260541527	1
5	3970	151.271553604409	1
5	3987	151.504366173655	1
5	3994	151.704366173655	1
5	3999	151.904366173655	1
5	4004	152.104366173655	1
5	4009	152.304366173655	1
5	4032	152.876244642512	1
5	4042	153.076244642512	1
5	4047	153.276244642512	1
5	4052	153.476244642512	1
5	4057	153.676244642512	1
5	4068	154.608573278086	1
5	4079	155.022448205232	1
5	4090	155.640750302377	1
5	4106	156.096838245547	1
5	4114	156.296838245547	1
5	4128	156.597093531361	1
5	4133	156.822387265217	1
5	4150	157.4363573841	1
5	4155	157.734248112292	1
5	4169	158.424293533066	1
5	4177	158.757032448168	1
5	4188	159.173353991685	1
5	4207	159.803850143764	1
5	4212	160.003850143764	1
5	4223	160.203850143764	1
5	4237	160.447977827415	1
5	4244	160.688263790312	1
5	4255	160.888263790312	1
5	4260	161.144969890149	1
5	4271	161.881710986866	1
5	4285	162.859520428665	1
5	4293	163.197263968124	1
5	4313	164.228165015833	1
5	4318	164.428165015833	1
5	4323	164.628165015833	1
5	4343	165.492017755892	1
5	4348	165.692017755892	1
5	4356	165.892017755892	1
5	4364	166.271751056059	1
5	4387	167.41695745631	1
5	4398	167.698553588089	1
5	4403	167.898553588089	1
5	4408	168.098553588089	1
5	4416	168.298553588089	1
5	4424	168.65996514105	1
5	4447	169.22374054023	1
5	4455	169.42374054023	1
5	4462	169.62374054023	1
5	4470	169.82374054023	1
5	4477	170.02374054023	1
5	4482	170.22374054023	1
5	4502	170.886320205415	1
5	4513	171.086320205415	1
5	4520	171.286320205415	1
5	4525	171.486320205415	1
5	4533	171.686320205415	1
5	4541	172.049123954937	1
5	4557	172.790775197793	1
5	4575	173.113325512117	1
5	4580	173.313325512117	1
5	4592	173.513325512117	1
5	4599	173.713325512117	1
5	4604	173.913325512117	1
5	4609	174.113325512117	1
5	4626	174.524167256089	1
5	4631	174.773815168716	1
5	4647	175.706967863598	1
5	4655	175.906967863598	1
5	4663	176.256353531175	1
5	4674	177.215526004806	1
5	4685	177.848036871123	1
5	4696	178.464052692069	1
5	4707	178.943195101944	1
5	4728	179.432526251262	1
5	4737	179.647423707354	1
5	4745	179.847423707354	1
5	4752	180.047423707354	1
5	4763	180.247423707354	1
5	4768	180.515240910258	1
5	4779	181.278095637426	1
5	4790	182.313452434891	1
5	4804	183.343044457286	1
5	4812	183.699297324286	1
5	4832	184.133430373983	1
5	4839	184.37764950655	1
5	4853	184.57764950655	1
5	4863	184.833172113208	1
5	4870	185.033172113208	1
5	4878	185.233172113208	1
5	4891	185.591506063498	1
5	4896	185.791506063498	1
5	4915	186.228205602427	1
5	4920	186.428205602427	1
5	4925	186.628205602427	1
5	4936	187.494194799672	1
5	4957	187.947429821973	1
5	4966	188.147429821973	1
5	4971	188.347429821973	1
5	4976	188.547429821973	1
5	4993	189.046995098448	1
5	4998	189.265585119174	1
5	5013	189.725502803464	1
5	5018	189.925502803464	1
5	5037	190.716384358037	1
5	5049	191.012120439295	1
5	5054	191.212120439295	1
5	5059	191.412120439295	1
5	5075	191.990858985363	1
5	5080	192.190858985363	1
5	5094	193.282317461016	1
5	5105	193.614025360289	1
5	5127	193.954995959848	1
5	5137	194.154995959848	1
5	5147	194.354995959848	1
5	5157	194.554995959848	1
5	5167	194.754995959848	1
5	5174	194.954995959848	1
5	5179	195.154995959848	1
5	5184	195.354995959848	1
5	5189	195.554995959848	1
5	5206	196.041692800123	1
5	5211	196.301461159877	1
5	5222	196.722440627832	1
5	5233	197.179994361951	1
5	5244	198.096455013621	1
5	5260	198.658876633421	1
5	5265	198.858876633421	1
5	5286	199.452629865912	1
5	5291	199.652629865912	1
5	5296	199.852629865912	1

