version 3
run FeedbackVersion-9-20240511-20:48:08-11935
attr configname FeedbackVersion
attr datetime 20240511-20:48:08
attr datetimef 20240511-204808
attr experiment FeedbackVersion
attr inifile omnetpp.ini
attr iterationvars $genInterval=0.55
attr iterationvarsd genInterval=0.55
attr iterationvarsf genInterval=0.55-
attr measurement $genInterval=0.55
attr network NetworkFV
attr processid 11935
attr repetition 0
attr replication #0
attr resultdir results
attr runnumber 9
attr seedset 9
itervar genInterval 0.55
config network NetworkFV
config sim-time-limit 200s
config NetworkFV.nodeTx.gen.generationInterval exponential(0.55)
config NetworkFV.nodeTx.gen.packetByteSize 12500
config NetworkFV.queueOne.bufferSize 200
config NetworkFV.nodeRx.queue.bufferSize 200
config NetworkFV.nodeTx.queue.bufferSize 2000000
config NetworkFV.queueZero.bufferSize 200

vector 0 NetworkFV.nodeRx.queue PacketsLost ETV
vector 1 NetworkFV.nodeRx.queue PacketsAsked ETV
vector 2 NetworkFV.queueOne bufferSize ETV
vector 3 NetworkFV.nodeTx.gen packetGen ETV
vector 4 NetworkFV.nodeTx.queue BufferSize ETV
vector 5 NetworkFV.nodeTx.queue PacketsSent ETV
vector 6 NetworkFV.queueZero bufferSize ETV
vector 7 NetworkFV.nodeRx.queue BufferSize ETV
vector 8 NetworkFV.nodeRx.sink Delay ETV
vector 9 NetworkFV.nodeRx.sink packetUsed ETV
0	1	0	1
0	12	0.2	1
0	53	1.3006	1
0	116	2.8016	1
0	120	3.1018	1
0	201	4.903	1
0	287	7.3046	1
0	288	7.6048	1
0	289	7.905	1
0	296	8.2052	1
0	308	8.8056	1
0	326	9.7062	1
0	331	10.0064	1
0	332	10.3066	1
0	333	10.6068	1
0	340	10.907	1
0	353	11.5074	1
0	366	12.1078	1
0	387	12.7082	1
0	398	12.941742940604	1
0	400	13.0084	1
0	403	13.3086	1
0	404	13.6088	1
0	413	13.909	1
0	444	15.1098	1
0	445	15.41	1
0	446	15.7102	1
0	447	16.0104	1
0	454	16.3106	1
0	483	17.2112	1
0	496	17.8116	1
0	503	18.412	1
0	504	18.7122	1
0	505	19.0124	1
0	509	19.3126	1
0	545	20.2132	1
0	558	20.8136	1
0	575	21.414	1
0	582	22.0144	1
0	589	22.3146	1
0	602	22.915	1
0	625	23.8156	1
0	632	24.1158	1
0	639	24.7162	1
0	640	25.0164	1
0	641	25.3166	1
0	648	25.6168	1
0	671	26.5174	1
0	678	26.8176	1
0	689	27.418	1
0	696	27.7182	1
0	703	28.3186	1
0	704	28.6188	1
0	705	28.919	1
0	706	29.2192	1
0	711	29.5194	1
0	715	29.8196	1
0	734	30.1198	1
0	740	30.42	1
0	756	31.0204	1
0	757	31.3206	1
0	758	31.6208	1
0	759	31.921	1
0	766	32.2212	1
0	796	33.1218	1
0	822	34.0224	1
0	829	34.3226	1
0	859	35.5234	1
0	866	35.8236	1
0	877	36.424	1
0	878	36.7242	1
0	879	37.0244	1
0	880	37.3246	1
0	884	37.6248	1
0	894	38.2252	1
0	899	38.5254	1
0	900	38.8256	1
0	901	39.1258	1
0	902	39.426	1
0	903	39.7262	1
0	915	40.0264	1
0	948	40.6268	1
0	979	41.8276	1
0	980	42.1278	1
0	987	42.428	1
0	994	43.0284	1
0	1001	43.3286	1
0	1012	43.929	1
0	1013	44.2292	1
0	1022	44.5294	1
0	1043	45.43	1
0	1075	46.3306	1
0	1170	48.7322	1
0	1193	49.6328	1
0	1194	49.933	1
0	1201	50.2332	1
0	1208	50.8336	1
0	1209	51.1338	1
0	1220	51.434	1
0	1227	52.0344	1
0	1228	52.3346	1
0	1229	52.6348	1
0	1230	52.935	1
0	1231	53.2352	1
0	1245	53.5354	1
0	1255	53.8356	1
0	1256	54.1358	1
0	1257	54.436	1
0	1258	54.7362	1
0	1265	55.0364	1
0	1279	55.6368	1
0	1307	56.5374	1
0	1339	57.7382	1
0	1340	58.0384	1
0	1350	58.3386	1
0	1375	59.2392	1
0	1376	59.5394	1
0	1377	59.8396	1
0	1382	60.1398	1
0	1383	60.44	1
0	1384	60.7402	1
0	1391	61.0404	1
0	1419	61.941	1
0	1503	63.7422	1
0	1575	65.2432	1
0	1639	67.0444	1
0	1643	67.3446	1
0	1660	67.945	1
0	1682	68.8456	1
0	1688	69.1458	1
0	1722	70.3466	1
0	1729	70.947	1
0	1730	71.2472	1
0	1741	71.5474	1
0	1790	73.0484	1
0	1791	73.3486	1
0	1803	73.6488	1
0	1819	74.2492	1
0	1826	74.5494	1
0	1894	76.3506	1
0	1918	76.951	1
0	1985	78.7522	1
0	1998	79.3526	1
0	2024	80.2532	1
0	2033	80.5534	1
0	2057	81.454	1
0	2058	81.7542	1
0	2065	82.0544	1
0	2121	83.5554	1
0	2138	84.1558	1
0	2187	85.6568	1
0	2188	85.957	1
0	2189	86.2572	1
0	2190	86.5574	1
0	2203	86.8576	1
0	2222	87.1578	1
0	2257	88.3586	1
0	2258	88.6588	1
0	2259	88.959	1
0	2263	89.2592	1
0	2279	89.8596	1
0	2289	90.46	1
0	2328	91.3606	1
0	2352	92.2612	1
0	2370	93.1618	1
0	2371	93.462	1
0	2372	93.7622	1
0	2373	94.0624	1
0	2374	94.3626	1
0	2379	94.6628	1
0	2383	94.963	1
0	2394	95.2632	1
0	2408	95.5634	1
0	2491	97.6648	1
0	2521	98.5654	1
0	2543	99.466	1
0	2544	99.7662	1
0	2555	100.0664	1
0	2610	101.5674	1
0	2621	102.1678	1
0	2634	102.468	1
0	2659	103.3686	1
0	2677	104.2692	1
0	2678	104.5694	1
0	2679	104.8696	1
0	2690	105.1698	1
0	2697	105.7702	1
0	2698	106.0704	1
0	2707	106.3706	1
0	2734	107.5714	1
0	2735	107.8716	1
0	2740	108.1718	1
0	2741	108.472	1
0	2742	108.7722	1
0	2751	109.0724	1
0	2761	109.3726	1
0	2762	109.6728	1
0	2763	109.973	1
0	2764	110.2732	1
0	2776	110.5734	1
0	2787	111.1738	1
0	2791	111.474	1
0	2821	112.3746	1
0	2881	113.8756	1
0	2897	114.476	1
0	2907	115.0764	1
0	2933	115.977	1
0	2940	116.2772	1
0	2947	116.8776	1
0	2954	117.1778	1
0	2985	118.3786	1
0	2986	118.6788	1
0	2991	118.979	1
0	2998	119.2792	1
0	3005	119.8796	1
0	3006	120.1798	1
0	3007	120.48	1
0	3008	120.7802	1
0	3019	121.0804	1
0	3032	121.3806	1
0	3056	121.981	1
0	3072	122.5814	1
0	3073	122.8816	1
0	3080	123.1818	1
0	3087	123.7822	1
0	3088	124.0824	1
0	3098	124.3826	1
0	3114	124.6828	1
0	3163	125.8836	1
0	3187	126.7842	1
0	3191	127.0844	1
0	3205	127.6848	1
0	3206	127.985	1
0	3219	128.2852	1
0	3242	129.1858	1
0	3252	129.7862	1
0	3259	130.0864	1
0	3270	130.6868	1
0	3277	130.987	1
0	3284	131.5874	1
0	3291	131.8876	1
0	3314	132.7882	1
0	3325	133.0884	1
0	3347	133.6888	1
0	3354	134.2892	1
0	3365	134.5894	1
0	3383	135.1898	1
0	3394	135.7902	1
0	3401	136.0904	1
0	3408	136.6908	1
0	3409	136.991	1
0	3413	137.2912	1
0	3429	137.8916	1
0	3458	138.7922	1
0	3469	139.3926	1
0	3470	139.6928	1
0	3471	139.993	1
0	3472	140.2932	1
0	3481	140.5934	1
0	3510	141.494	1
0	3511	141.7942	1
0	3512	142.0944	1
0	3516	142.3946	1
0	3552	143.5954	1
0	3586	144.496	1
0	3600	145.0964	1
0	3610	145.3966	1
0	3624	145.997	1
0	3625	146.2972	1
0	3629	146.5974	1
0	3659	147.498	1
0	3687	148.3986	1
0	3694	148.999	1
0	3695	149.2992	1
0	3696	149.5994	1
0	3697	149.8996	1
0	3704	150.1998	1
0	3718	150.5	1
0	3719	150.8002	1
0	3726	151.1004	1
0	3737	151.7008	1
0	3738	152.001	1
0	3739	152.3012	1
0	3740	152.6014	1
0	3741	152.9016	1
0	3748	153.2018	1
0	3762	153.502	1
0	3772	153.8022	1
0	3812	155.003	1
0	3830	155.9036	1
0	3831	156.2038	1
0	3832	156.504	1
0	3833	156.8042	1
0	3837	157.1044	1
0	3857	157.4046	1
0	3876	158.005	1
0	3889	158.6054	1
0	3906	159.2058	1
0	3982	161.3072	1
0	3983	161.6074	1
0	3990	161.9076	1
0	4040	163.1084	1
0	4062	164.009	1
0	4072	164.6094	1
0	4079	164.9096	1
0	4102	165.8102	1
0	4109	166.1104	1
0	4122	166.7108	1
0	4164	168.2118	1
0	4165	168.512	1
0	4172	168.8122	1
0	4183	169.4126	1
0	4193	169.7128	1
0	4227	170.6134	1
0	4273	171.8142	1
0	4318	173.3152	1
0	4319	173.6154	1
0	4320	173.9156	1
0	4324	174.2158	1
0	4334	174.8162	1
0	4335	175.1164	1
0	4340	175.4166	1
0	4347	175.7168	1
0	4354	176.3172	1
0	4355	176.6174	1
0	4362	176.9176	1
0	4381	177.8182	1
0	4386	178.1184	1
0	4390	178.4186	1
0	4407	178.7188	1
0	4410	179.019	1
0	4411	179.3192	1
0	4412	179.6194	1
0	4413	179.9196	1
0	4414	180.2198	1
0	4425	180.52	1
0	4430	180.8202	1
0	4441	181.1204	1
0	4460	181.4206	1
0	4471	182.021	1
0	4482	182.3212	1
0	4507	182.9216	1
0	4542	183.8222	1
0	4546	184.1224	1
0	4594	185.6234	1
0	4595	185.9236	1
0	4596	186.2238	1
0	4603	186.524	1
0	4683	188.6254	1
0	4684	188.9256	1
0	4685	189.2258	1
0	4689	189.526	1
0	4741	191.027	1
0	4748	191.6274	1
0	4759	191.9276	1
0	4790	193.1284	1
0	4791	193.4286	1
0	4798	193.7288	1
0	4823	194.6294	1
0	4834	195.2298	1
0	4835	195.53	1
0	4845	195.8302	1
0	4860	196.7308	1
0	4867	197.031	1
0	4886	197.9316	1
0	4899	198.2318	1
0	4931	199.1324	1
0	4944	199.7328	1
1	1	0	2
1	26	0.555240613964	2
1	55	1.31881267591	4
1	107	2.295413794696	6
1	182	4.368540748444	10
1	278	6.721006807974	15
1	326	9.7062	7
1	366	12.1078	2
1	389	12.741742940604	2
1	417	14.07734627502	3
1	456	16.418975227851	5
1	509	19.3126	2
1	530	19.812350559935	2
1	560	21.010604951503	4
1	616	23.33244674988	6
1	648	25.6168	3
1	680	26.835446145612	3
1	706	29.2192	1
1	728	30.076844751569	1
1	747	30.690142879636	2
1	779	32.52911107331	3
1	813	33.677188618984	5
1	868	35.917392947859	8
1	894	38.2252	4
1	915	40.0264	1
1	921	40.030397215345	1
1	930	40.230397215345	2
1	958	40.952423971622	3
1	1003	43.391530093227	4
1	1063	45.978360246571	6
1	1127	47.597778380348	10
1	1209	51.1338	5
1	1231	53.2352	1
1	1247	53.655862078659	1
1	1267	55.23050550159	2
1	1295	56.070544936559	3
1	1330	57.213614777696	5
1	1377	59.8396	2
1	1407	61.616205547291	2
1	1437	62.399236968451	4
1	1482	63.422897446015	6
1	1554	64.897828117393	9
1	1648	67.582199143433	14
1	1730	71.2472	7
1	1810	73.864113121976	7
1	1899	76.473372934867	10
1	2015	79.904622053614	16
1	2121	83.5554	8
1	2203	86.8576	2
1	2216	87.151745009717	2
1	2242	87.570090346758	4
1	2289	90.46	2
1	2310	91.055172290349	2
1	2338	91.717120198489	3
1	2374	94.3626	1
1	2388	95.194798351672	1
1	2410	95.621381897241	2
1	2436	96.213225312009	3
1	2474	97.135193149427	5
1	2534	98.865667438744	7
1	2612	101.725070884483	11
1	2679	104.8696	5
1	2735	107.8716	1
1	2753	109.22742152847	1
1	2778	110.57432990171	2
1	2804	111.892877571025	4
1	2850	113.015968965231	6
1	2924	115.527986859308	9
1	2986	118.6788	4
1	3008	120.7802	1
1	3021	121.171506100842	1
1	3037	121.604142291746	2
1	3063	122.208182891085	3
1	3098	124.3826	1
1	3106	124.492981499912	1
1	3116	124.692981499912	2
1	3146	125.518188082523	4
1	3196	127.300718319952	6
1	3259	130.0864	3
1	3296	131.908806015788	3
1	3332	133.314723227174	4
1	3385	135.306108865383	6
1	3429	137.8916	3
1	3460	138.837705630598	3
1	3501	141.126007092063	5
1	3568	144.009832004905	7
1	3629	146.5974	3
1	3666	147.618502357325	3
1	3704	150.1998	1
1	3710	150.220772567782	1
1	3728	151.239512247248	2
1	3748	153.2018	1
1	3754	153.358281670576	1
1	3774	153.928066684734	2
1	3800	154.497691408393	3
1	3837	157.1044	1
1	3851	157.31656785305	1
1	3861	157.51656785305	2
1	3891	158.777732318205	3
1	3933	159.937505324753	5
1	3998	161.994595602735	8
1	4093	165.447341317603	12
1	4172	168.8122	6
1	4242	170.970279292641	6
1	4309	172.813531148328	9
1	4335	175.1164	4
1	4381	177.8182	1
1	4401	178.626318145579	1
1	4414	180.2198	0
1	4425	180.52	0
1	4430	180.8202	1
1	4443	181.121032079752	1
1	4462	181.47742058555	2
1	4492	182.532541061034	3
1	4533	183.500369683702	5
1	4585	185.196810776139	8
1	4674	188.292393815432	13
1	4748	191.6274	6
1	4825	194.654684594368	6
1	4886	197.9316	3
1	4919	198.815535449916	3
2	2	0	1
2	28	0.555240613964	1
2	57	1.31881267591	1
2	109	2.295413794696	1
2	184	4.368540748444	1
2	280	6.721006807974	1
2	327	9.7062	1
2	367	12.1078	1
2	391	12.741742940604	1
2	419	14.07734627502	1
2	458	16.418975227851	1
2	510	19.3126	1
2	532	19.812350559935	1
2	562	21.010604951503	1
2	618	23.33244674988	1
2	649	25.6168	1
2	682	26.835446145612	1
2	707	29.2192	1
2	730	30.076844751569	1
2	749	30.690142879636	1
2	781	32.52911107331	1
2	815	33.677188618984	1
2	870	35.917392947859	1
2	895	38.2252	1
2	916	40.0264	1
2	923	40.030397215345	1
2	932	40.230397215345	1
2	960	40.952423971622	1
2	1005	43.391530093227	1
2	1065	45.978360246571	1
2	1129	47.597778380348	1
2	1210	51.1338	1
2	1232	53.2352	1
2	1249	53.655862078659	1
2	1269	55.23050550159	1
2	1297	56.070544936559	1
2	1332	57.213614777696	1
2	1378	59.8396	1
2	1409	61.616205547291	1
2	1439	62.399236968451	1
2	1484	63.422897446015	1
2	1556	64.897828117393	1
2	1650	67.582199143433	1
2	1731	71.2472	1
2	1812	73.864113121976	1
2	1901	76.473372934867	1
2	2017	79.904622053614	1
2	2122	83.5554	1
2	2204	86.8576	1
2	2218	87.151745009717	1
2	2244	87.570090346758	1
2	2290	90.46	1
2	2312	91.055172290349	1
2	2340	91.717120198489	1
2	2375	94.3626	1
2	2390	95.194798351672	1
2	2412	95.621381897241	1
2	2438	96.213225312009	1
2	2476	97.135193149427	1
2	2536	98.865667438744	1
2	2614	101.725070884483	1
2	2680	104.8696	1
2	2736	107.8716	1
2	2755	109.22742152847	1
2	2780	110.57432990171	1
2	2806	111.892877571025	1
2	2852	113.015968965231	1
2	2926	115.527986859308	1
2	2987	118.6788	1
2	3009	120.7802	1
2	3023	121.171506100842	1
2	3039	121.604142291746	1
2	3065	122.208182891085	1
2	3099	124.3826	1
2	3108	124.492981499912	1
2	3118	124.692981499912	1
2	3148	125.518188082523	1
2	3198	127.300718319952	1
2	3260	130.0864	1
2	3298	131.908806015788	1
2	3334	133.314723227174	1
2	3387	135.306108865383	1
2	3430	137.8916	1
2	3462	138.837705630598	1
2	3503	141.126007092063	1
2	3570	144.009832004905	1
2	3630	146.5974	1
2	3668	147.618502357325	1
2	3705	150.1998	1
2	3712	150.220772567782	1
2	3730	151.239512247248	1
2	3749	153.2018	1
2	3756	153.358281670576	1
2	3776	153.928066684734	1
2	3802	154.497691408393	1
2	3838	157.1044	1
2	3853	157.31656785305	1
2	3863	157.51656785305	1
2	3893	158.777732318205	1
2	3935	159.937505324753	1
2	4000	161.994595602735	1
2	4095	165.447341317603	1
2	4173	168.8122	1
2	4244	170.970279292641	1
2	4311	172.813531148328	1
2	4336	175.1164	1
2	4382	177.8182	1
2	4403	178.626318145579	1
2	4415	180.2198	1
2	4426	180.52	1
2	4431	180.8202	1
2	4445	181.121032079752	1
2	4464	181.47742058555	1
2	4494	182.532541061034	1
2	4535	183.500369683702	1
2	4587	185.196810776139	1
2	4676	188.292393815432	1
2	4749	191.6274	1
2	4827	194.654684594368	1
2	4887	197.9316	1
2	4921	198.815535449916	1
3	6	0.005735589651	1
3	13	0.255040613964	1
3	32	0.638337493436	1
3	45	1.01861267591	1
3	61	1.395213794696	1
3	64	1.399378225901	1
3	68	1.478398675955	1
3	76	1.687467622076	1
3	83	1.771771988298	1
3	85	1.779148338008	1
3	95	1.914786704006	1
3	117	3.068340748444	1
3	126	3.366527859708	1
3	134	3.447901033795	1
3	145	3.604735460569	1
3	151	3.686801908444	1
3	155	3.735094130812	1
3	167	4.012289792856	1
3	175	4.245424683726	1
3	191	4.620806807974	1
3	197	4.72115606059	1
3	207	4.929810561191	1
3	249	6.089390637913	1
3	263	6.346970446686	1
3	290	8.005331082799	1
3	303	8.735035824424	1
3	306	8.756771311182	1
3	334	10.648235780047	1
3	347	11.30878680368	1
3	360	11.973818020816	1
3	377	12.441542940604	1
3	380	12.521577505269	1
3	405	13.77714627502	1
3	408	13.857551098459	1
3	431	14.462171289089	1
3	448	16.118775227851	1
3	464	16.555318081127	1
3	477	16.998244780326	1
3	490	17.664898189836	1
3	506	19.243454772314	1
3	517	19.512150559935	1
3	539	20.058322320797	1
3	552	20.710404951503	1
3	569	21.168065323333	1
3	583	22.126291469566	1
3	596	22.687540413583	1
3	606	23.03224674988	1
3	626	23.828783168161	1
3	642	25.380987306096	1
3	653	25.639673554811	1
3	672	26.535246145612	1
3	690	27.523899311071	1
3	712	29.776644751569	1
3	716	29.837324112576	1
3	721	29.939564402869	1
3	724	29.985015525417	1
3	737	30.389942879636	1
3	741	30.428480268769	1
3	760	32.02891107331	1
3	772	32.40030810059	1
3	788	32.976988618984	1
3	794	33.106264833085	1
3	823	34.190904916081	1
3	860	35.617192947859	1
3	881	37.561532808134	1
3	904	39.730197215345	1
3	910	39.843074833572	1
3	939	40.452223971622	1
3	945	40.605423636479	1
3	966	41.084847230711	1
3	981	42.221548390874	1
3	995	43.091330093227	1
3	1014	44.393408159652	1
3	1017	44.419712275651	1
3	1037	45.200694073309	1
3	1049	45.678160246571	1
3	1056	45.912475654574	1
3	1059	45.955063992894	1
3	1072	46.297578380348	1
3	1076	46.393518602294	1
3	1098	46.91216218028	1
3	1112	47.226065126155	1
3	1133	47.603221094294	1
3	1147	48.098672898523	1
3	1158	48.4561937498	1
3	1163	48.539247498266	1
3	1174	48.853799727161	1
3	1195	50.114329632493	1
3	1214	51.238181196403	1
3	1236	53.355662078659	1
3	1242	53.469768049746	1
3	1259	54.93030550159	1
3	1276	55.570344936559	1
3	1285	55.844721219135	1
3	1304	56.513414777696	1
3	1311	56.70127299162	1
3	1341	58.127389134818	1
3	1347	58.336883088731	1
3	1351	58.359022928789	1
3	1385	60.743115695115	1
3	1397	61.316005547291	1
3	1400	61.340093846085	1
3	1416	61.899036968451	1
3	1423	62.00159387754	1
3	1433	62.342228076934	1
3	1445	62.522697446015	1
3	1449	62.55268286207	1
3	1461	62.836778181703	1
3	1464	62.858412143873	1
3	1489	63.474402222671	1
3	1497	63.57657307123	1
3	1501	63.727229844717	1
3	1535	64.597628117393	1
3	1544	64.705075344898	1
3	1547	64.802678702202	1
3	1550	64.878234680303	1
3	1561	64.960381215078	1
3	1566	65.000345697897	1
3	1573	65.239750044489	1
3	1600	65.794935751016	1
3	1615	66.159373988366	1
3	1640	67.281999143433	1
3	1657	67.940049804542	1
3	1664	68.180585325673	1
3	1683	69.068965612403	1
3	1686	69.088436415453	1
3	1692	69.259102415118	1
3	1716	70.089904345302	1
3	1735	71.411082769121	1
3	1745	71.767257631141	1
3	1748	71.779980484075	1
3	1752	71.820616165093	1
3	1765	72.079226197067	1
3	1792	73.363913121976	1
3	1798	73.4863900442	1
3	1820	74.383371985003	1
3	1827	74.614248156529	1
3	1830	74.616764017166	1
3	1846	74.939717956908	1
3	1853	75.074736539827	1
3	1870	75.453924857927	1
3	1888	76.173172934867	1
3	1895	76.467437601357	1
3	1908	76.679354064927	1
3	1914	76.811972370335	1
3	1929	77.249770564798	1
3	1940	77.384059971539	1
3	1943	77.404665865178	1
3	1949	77.55006690675	1
3	1979	78.48481249314	1
3	1992	79.20308634108	1
3	2004	79.604422053614	1
3	2011	79.900165322972	1
3	2025	80.303291735	1
3	2039	80.785545637734	1
3	2059	81.781065338252	1
3	2069	82.156101575983	1
3	2072	82.160599693758	1
3	2085	82.469810270231	1
3	2096	82.695902170789	1
3	2115	83.425830341371	1
3	2132	83.896004787994	1
3	2144	84.342834921457	1
3	2147	84.422553155059	1
3	2155	84.62079520262	1
3	2161	84.708106325822	1
3	2191	86.651545009717	1
3	2194	86.682288352868	1
3	2199	86.82236740559	1
3	2225	87.269890346758	1
3	2231	87.352056330503	1
3	2260	89.164300769262	1
3	2273	89.689185876906	1
3	2286	90.382548617841	1
3	2300	90.754972290349	1
3	2319	91.216920198489	1
3	2325	91.328186925045	1
3	2347	92.181133779264	1
3	2350	92.244801455917	1
3	2380	94.894598351672	1
3	2397	95.321181897241	1
3	2400	95.343421671752	1
3	2405	95.531248798924	1
3	2416	95.713025312009	1
3	2421	95.772843131275	1
3	2444	96.434993149427	1
3	2459	96.805981764087	1
3	2464	96.894875118514	1
3	2483	97.444831951846	1
3	2511	98.365467438744	1
3	2514	98.386757297931	1
3	2516	98.403438502192	1
3	2529	98.784788174041	1
3	2545	99.780798644406	1
3	2548	99.828780976623	1
3	2556	100.069496181495	1
3	2589	100.931315834032	1
3	2604	101.424870884483	1
3	2622	102.205302425154	1
3	2625	102.209324260412	1
3	2630	102.376624216306	1
3	2654	103.29413643136	1
3	2657	103.352609658503	1
3	2684	104.894247903679	1
3	2699	106.264429435212	1
3	2702	106.359685766016	1
3	2716	106.76046633657	1
3	2743	108.92722152847	1
3	2746	109.006057952579	1
3	2765	110.27412990171	1
3	2768	110.339797338888	1
3	2773	110.379087188191	1
3	2788	111.392677571025	1
3	2813	112.115768965231	1
3	2829	112.550171459994	1
3	2843	112.88431940099	1
3	2856	113.050683286168	1
3	2878	113.836478681595	1
3	2891	114.308164393295	1
3	2904	115.020622311182	1
3	2911	115.227786859308	1
3	2934	116.137180430469	1
3	2948	116.999804405496	1
3	2955	117.248705272535	1
3	2970	117.622388043632	1
3	2992	119.024990806319	1
3	3013	120.871306100842	1
3	3029	121.303942291746	1
3	3046	121.707982891085	1
3	3049	121.731392607399	1
3	3074	123.014689401659	1
3	3089	124.192781499912	1
3	3095	124.350863338053	1
3	3124	124.812598188508	1
3	3136	125.217988082523	1
3	3139	125.225851638911	1
3	3153	125.613439433631	1
3	3169	126.078152392566	1
3	3188	127.000518319952	1
3	3207	128.025699058335	1
3	3210	128.067505248262	1
3	3212	128.11117629993	1
3	3239	129.106209797693	1
3	3253	129.933146209135	1
3	3271	130.83011015497	1
3	3285	131.608606015788	1
3	3292	131.895385345775	1
3	3315	132.814523227174	1
3	3318	132.834945934549	1
3	3341	133.560329425693	1
3	3355	134.362123837926	1
3	3358	134.381060174291	1
3	3377	135.005908865383	1
3	3395	135.869133328086	1
3	3410	137.25096905486	1
3	3423	137.722202380607	1
3	3439	138.17397376327	1
3	3450	138.537505630598	1
3	3473	140.425807092063	1
3	3476	140.494188958826	1
3	3484	140.696987651136	1
3	3513	142.368613522753	1
3	3520	142.596222764471	1
3	3532	142.787699454447	1
3	3549	143.509632004905	1
3	3556	143.61140885063	1
3	3577	144.276111146047	1
3	3583	144.443264878888	1
3	3601	145.154004467017	1
3	3607	145.350284009569	1
3	3626	146.584360908463	1
3	3634	146.624714303544	1
3	3653	147.318302357325	1
3	3660	147.501449023868	1
3	3681	148.131850451474	1
3	3698	149.920572567782	1
3	3720	150.939312247248	1
3	3742	153.058081670576	1
3	3763	153.627866684734	1
3	3769	153.799195534496	1
3	3780	153.997491408393	1
3	3783	154.015815787069	1
3	3809	154.986462938942	1
3	3834	157.01636785305	1
3	3845	157.170734228481	1
3	3870	157.808371958574	1
3	3883	158.477532318205	1
3	3900	159.015108880771	1
3	3912	159.437305324753	1
3	3916	159.525365730516	1
3	3926	159.789004010897	1
3	3941	160.076596926064	1
3	3948	160.184818727197	1
3	3960	160.500851163042	1
3	3984	161.694395602735	1
3	3991	161.920932302245	1
3	3994	161.966931793018	1
3	4004	162.09313040599	1
3	4034	162.988279650024	1
3	4044	163.324205285617	1
3	4059	163.956891378434	1
3	4073	164.806187449574	1
3	4083	165.147141317603	1
3	4103	165.895047619336	1
3	4116	166.494982604442	1
3	4128	166.989662198251	1
3	4135	167.172379943489	1
3	4149	167.5620087652	1
3	4166	168.649592501207	1
3	4184	169.518762504075	1
3	4190	169.626891652642	1
3	4201	169.993332586647	1
3	4219	170.470079292641	1
3	4222	170.471535249836	1
3	4233	170.814151825101	1
3	4250	171.130722691797	1
3	4268	171.745883233752	1
3	4271	171.758276003681	1
3	4282	172.113851625273	1
3	4299	172.513331148328	1
3	4321	174.18932432754	1
3	4341	175.569339776568	1
3	4356	176.624832018682	1
3	4368	177.067846583992	1
3	4387	178.326118145579	1
3	4394	178.567552920707	1
3	4397	178.581798840083	1
3	4419	180.3030988272	1
3	4422	180.39665601541	1
3	4435	180.820832079752	1
3	4449	181.17722058555	1
3	4457	181.302504060949	1
3	4472	182.032341061034	1
3	4478	182.163931808193	1
3	4486	182.406227282092	1
3	4501	182.800169683702	1
3	4518	183.25730440059	1
3	4524	183.339821053755	1
3	4527	183.36541567527	1
3	4543	184.096610776139	1
3	4567	184.659193592197	1
3	4597	186.364018325499	1
3	4623	186.992784559552	1
3	4648	187.71522423188	1
3	4657	187.992193815432	1
3	4660	188.003858609018	1
3	4666	188.084687573838	1
3	4686	189.520573729276	1
3	4695	189.816824866109	1
3	4707	190.015236942801	1
3	4735	190.752885324335	1
3	4753	191.674781211107	1
3	4765	192.15757659987	1
3	4772	192.373214863422	1
3	4792	193.555324912904	1
3	4802	193.878994264898	1
3	4817	194.354484594368	1
3	4836	195.693295685176	1
3	4842	195.801084103469	1
3	4861	196.78052231742	1
3	4873	197.273256142659	1
3	4891	198.115335449916	1
3	4894	198.14579636462	1
3	4902	198.37935936703	1
3	4928	199.127517772119	1
3	4941	199.721079909516	1
3	4948	199.844522721704	1
3	4951	199.944430365898	1
4	7	0.005735589651	1
4	14	0.255040613964	1
4	33	0.638337493436	1
4	46	1.01861267591	1
4	62	1.395213794696	1
4	65	1.399378225901	1
4	69	1.478398675955	2
4	77	1.687467622076	1
4	84	1.771771988298	1
4	86	1.779148338008	2
4	96	1.914786704006	3
4	118	3.068340748444	4
4	127	3.366527859708	2
4	135	3.447901033795	2
4	146	3.604735460569	1
4	152	3.686801908444	2
4	156	3.735094130812	3
4	168	4.012289792856	4
4	176	4.245424683726	5
4	192	4.620806807974	6
4	198	4.72115606059	5
4	208	4.929810561191	4
4	250	6.089390637913	1
4	264	6.346970446686	1
4	291	8.005331082799	1
4	304	8.735035824424	1
4	307	8.756771311182	1
4	335	10.648235780047	1
4	348	11.30878680368	1
4	361	11.973818020816	1
4	378	12.441542940604	1
4	381	12.521577505269	1
4	406	13.77714627502	1
4	409	13.857551098459	1
4	432	14.462171289089	1
4	449	16.118775227851	1
4	465	16.555318081127	1
4	478	16.998244780326	1
4	491	17.664898189836	1
4	507	19.243454772314	1
4	518	19.512150559935	1
4	540	20.058322320797	1
4	553	20.710404951503	1
4	570	21.168065323333	1
4	584	22.126291469566	1
4	597	22.687540413583	1
4	607	23.03224674988	1
4	627	23.828783168161	1
4	643	25.380987306096	1
4	654	25.639673554811	1
4	673	26.535246145612	1
4	691	27.523899311071	1
4	713	29.776644751569	1
4	717	29.837324112576	1
4	722	29.939564402869	2
4	725	29.985015525417	3
4	738	30.389942879636	4
4	742	30.428480268769	4
4	761	32.02891107331	5
4	773	32.40030810059	4
4	789	32.976988618984	5
4	795	33.106264833085	4
4	824	34.190904916081	4
4	861	35.617192947859	1
4	882	37.561532808134	1
4	905	39.730197215345	1
4	911	39.843074833572	1
4	940	40.452223971622	1
4	946	40.605423636479	1
4	967	41.084847230711	1
4	982	42.221548390874	1
4	996	43.091330093227	1
4	1015	44.393408159652	1
4	1018	44.419712275651	1
4	1038	45.200694073309	1
4	1050	45.678160246571	1
4	1057	45.912475654574	1
4	1060	45.955063992894	2
4	1073	46.297578380348	3
4	1077	46.393518602294	3
4	1099	46.91216218028	1
4	1113	47.226065126155	1
4	1134	47.603221094294	1
4	1148	48.098672898523	1
4	1159	48.4561937498	1
4	1164	48.539247498266	1
4	1175	48.853799727161	1
4	1196	50.114329632493	1
4	1215	51.238181196403	1
4	1237	53.355662078659	1
4	1243	53.469768049746	1
4	1260	54.93030550159	2
4	1277	55.570344936559	2
4	1286	55.844721219135	1
4	1305	56.513414777696	2
4	1312	56.70127299162	1
4	1342	58.127389134818	1
4	1348	58.336883088731	1
4	1352	58.359022928789	1
4	1386	60.743115695115	1
4	1398	61.316005547291	1
4	1401	61.340093846085	1
4	1417	61.899036968451	2
4	1424	62.00159387754	1
4	1434	62.342228076934	2
4	1446	62.522697446015	3
4	1450	62.55268286207	3
4	1462	62.836778181703	1
4	1465	62.858412143873	2
4	1490	63.474402222671	3
4	1498	63.57657307123	2
4	1502	63.727229844717	2
4	1536	64.597628117393	1
4	1545	64.705075344898	1
4	1548	64.802678702202	2
4	1551	64.878234680303	3
4	1562	64.960381215078	4
4	1567	65.000345697897	4
4	1574	65.239750044489	3
4	1601	65.794935751016	1
4	1616	66.159373988366	1
4	1641	67.281999143433	1
4	1658	67.940049804542	1
4	1665	68.180585325673	1
4	1684	69.068965612403	1
4	1687	69.088436415453	1
4	1693	69.259102415118	1
4	1717	70.089904345302	1
4	1736	71.411082769121	1
4	1746	71.767257631141	1
4	1749	71.779980484075	1
4	1753	71.820616165093	2
4	1766	72.079226197067	1
4	1793	73.363913121976	1
4	1799	73.4863900442	1
4	1821	74.383371985003	1
4	1828	74.614248156529	1
4	1831	74.616764017166	1
4	1847	74.939717956908	1
4	1854	75.074736539827	1
4	1871	75.453924857927	1
4	1889	76.173172934867	1
4	1896	76.467437601357	1
4	1909	76.679354064927	2
4	1915	76.811972370335	1
4	1930	77.249770564798	1
4	1941	77.384059971539	1
4	1944	77.404665865178	1
4	1950	77.55006690675	1
4	1980	78.48481249314	1
4	1993	79.20308634108	1
4	2005	79.604422053614	1
4	2012	79.900165322972	1
4	2026	80.303291735	2
4	2040	80.785545637734	1
4	2060	81.781065338252	1
4	2070	82.156101575983	1
4	2073	82.160599693758	1
4	2086	82.469810270231	1
4	2097	82.695902170789	1
4	2116	83.425830341371	1
4	2133	83.896004787994	1
4	2145	84.342834921457	1
4	2148	84.422553155059	1
4	2156	84.62079520262	1
4	2162	84.708106325822	1
4	2192	86.651545009717	1
4	2195	86.682288352868	1
4	2200	86.82236740559	1
4	2226	87.269890346758	1
4	2232	87.352056330503	1
4	2261	89.164300769262	1
4	2274	89.689185876906	1
4	2287	90.382548617841	1
4	2301	90.754972290349	1
4	2320	91.216920198489	1
4	2326	91.328186925045	1
4	2348	92.181133779264	1
4	2351	92.244801455917	1
4	2381	94.894598351672	1
4	2398	95.321181897241	1
4	2401	95.343421671752	1
4	2406	95.531248798924	2
4	2417	95.713025312009	3
4	2422	95.772843131275	3
4	2445	96.434993149427	3
4	2460	96.805981764087	1
4	2465	96.894875118514	2
4	2484	97.444831951846	3
4	2512	98.365467438744	1
4	2515	98.386757297931	1
4	2517	98.403438502192	2
4	2530	98.784788174041	2
4	2546	99.780798644406	3
4	2549	99.828780976623	3
4	2557	100.069496181495	2
4	2590	100.931315834032	1
4	2605	101.424870884483	1
4	2623	102.205302425154	1
4	2626	102.209324260412	1
4	2631	102.376624216306	1
4	2655	103.29413643136	1
4	2658	103.352609658503	1
4	2685	104.894247903679	1
4	2700	106.264429435212	1
4	2703	106.359685766016	1
4	2717	106.76046633657	1
4	2744	108.92722152847	1
4	2747	109.006057952579	1
4	2766	110.27412990171	2
4	2769	110.339797338888	2
4	2774	110.379087188191	3
4	2789	111.392677571025	4
4	2814	112.115768965231	3
4	2830	112.550171459994	1
4	2844	112.88431940099	1
4	2857	113.050683286168	2
4	2879	113.836478681595	1
4	2892	114.308164393295	1
4	2905	115.020622311182	1
4	2912	115.227786859308	1
4	2935	116.137180430469	1
4	2949	116.999804405496	1
4	2956	117.248705272535	1
4	2971	117.622388043632	1
4	2993	119.024990806319	1
4	3014	120.871306100842	1
4	3030	121.303942291746	1
4	3047	121.707982891085	1
4	3050	121.731392607399	1
4	3075	123.014689401659	1
4	3090	124.192781499912	1
4	3096	124.350863338053	1
4	3125	124.812598188508	1
4	3137	125.217988082523	1
4	3140	125.225851638911	1
4	3154	125.613439433631	2
4	3170	126.078152392566	1
4	3189	127.000518319952	1
4	3208	128.025699058335	1
4	3211	128.067505248262	1
4	3213	128.11117629993	2
4	3240	129.106209797693	1
4	3254	129.933146209135	1
4	3272	130.83011015497	1
4	3286	131.608606015788	1
4	3293	131.895385345775	1
4	3316	132.814523227174	1
4	3319	132.834945934549	1
4	3342	133.560329425693	1
4	3356	134.362123837926	1
4	3359	134.381060174291	1
4	3378	135.005908865383	1
4	3396	135.869133328086	1
4	3411	137.25096905486	1
4	3424	137.722202380607	1
4	3440	138.17397376327	1
4	3451	138.537505630598	1
4	3474	140.425807092063	1
4	3477	140.494188958826	1
4	3485	140.696987651136	1
4	3514	142.368613522753	1
4	3521	142.596222764471	1
4	3533	142.787699454447	1
4	3550	143.509632004905	1
4	3557	143.61140885063	1
4	3578	144.276111146047	1
4	3584	144.443264878888	1
4	3602	145.154004467017	1
4	3608	145.350284009569	1
4	3627	146.584360908463	1
4	3635	146.624714303544	1
4	3654	147.318302357325	1
4	3661	147.501449023868	1
4	3682	148.131850451474	1
4	3699	149.920572567782	1
4	3721	150.939312247248	1
4	3743	153.058081670576	1
4	3764	153.627866684734	1
4	3770	153.799195534496	1
4	3781	153.997491408393	2
4	3784	154.015815787069	2
4	3810	154.986462938942	2
4	3835	157.01636785305	1
4	3846	157.170734228481	1
4	3871	157.808371958574	1
4	3884	158.477532318205	1
4	3901	159.015108880771	1
4	3913	159.437305324753	1
4	3917	159.525365730516	1
4	3927	159.789004010897	1
4	3942	160.076596926064	2
4	3949	160.184818727197	1
4	3961	160.500851163042	1
4	3985	161.694395602735	1
4	3992	161.920932302245	1
4	3995	161.966931793018	2
4	4005	162.09313040599	3
4	4035	162.988279650024	1
4	4045	163.324205285617	1
4	4060	163.956891378434	1
4	4074	164.806187449574	1
4	4084	165.147141317603	1
4	4104	165.895047619336	1
4	4117	166.494982604442	1
4	4129	166.989662198251	1
4	4136	167.172379943489	1
4	4150	167.5620087652	1
4	4167	168.649592501207	1
4	4185	169.518762504075	1
4	4191	169.626891652642	1
4	4202	169.993332586647	1
4	4220	170.470079292641	1
4	4223	170.471535249836	1
4	4234	170.814151825101	1
4	4251	171.130722691797	1
4	4269	171.745883233752	1
4	4272	171.758276003681	1
4	4283	172.113851625273	1
4	4300	172.513331148328	1
4	4322	174.18932432754	1
4	4342	175.569339776568	1
4	4357	176.624832018682	1
4	4369	177.067846583992	1
4	4388	178.326118145579	1
4	4395	178.567552920707	1
4	4398	178.581798840083	2
4	4420	180.3030988272	3
4	4423	180.39665601541	4
4	4436	180.820832079752	5
4	4450	181.17722058555	5
4	4458	181.302504060949	5
4	4473	182.032341061034	6
4	4479	182.163931808193	5
4	4487	182.406227282092	6
4	4502	182.800169683702	7
4	4519	183.25730440059	5
4	4525	183.339821053755	6
4	4528	183.36541567527	7
4	4544	184.096610776139	8
4	4568	184.659193592197	4
4	4598	186.364018325499	5
4	4624	186.992784559552	1
4	4649	187.71522423188	1
4	4658	187.992193815432	1
4	4661	188.003858609018	1
4	4667	188.084687573838	2
4	4687	189.520573729276	3
4	4696	189.816824866109	1
4	4708	190.015236942801	1
4	4736	190.752885324335	1
4	4754	191.674781211107	1
4	4766	192.15757659987	1
4	4773	192.373214863422	1
4	4793	193.555324912904	1
4	4803	193.878994264898	1
4	4818	194.354484594368	1
4	4837	195.693295685176	1
4	4843	195.801084103469	1
4	4862	196.78052231742	1
4	4874	197.273256142659	1
4	4892	198.115335449916	1
4	4895	198.14579636462	1
4	4903	198.37935936703	1
4	4929	199.127517772119	1
4	4942	199.721079909516	1
4	4949	199.844522721704	1
4	4952	199.944430365898	1
5	8	0.005735589651	1
5	15	0.255040613964	2
5	34	0.638337493436	3
5	47	1.01861267591	4
5	63	1.395213794696	5
5	70	1.495213794696	6
5	73	1.595213794696	7
5	78	1.695213794696	8
5	119	3.068340748444	9
5	121	3.168340748444	10
5	124	3.268340748444	11
5	128	3.368340748444	12
5	136	3.468340748444	13
5	140	3.568340748444	14
5	193	4.620806807974	15
5	194	4.720806807974	16
5	199	4.820806807974	17
5	202	4.920806807974	18
5	209	5.020806807974	19
5	213	5.120806807974	20
5	219	5.220806807974	21
5	223	5.320806807974	22
5	251	6.089390637913	23
5	265	6.346970446686	24
5	292	8.005331082799	25
5	305	8.735035824424	26
5	309	8.835035824424	27
5	336	10.648235780047	28
5	349	11.30878680368	29
5	362	11.973818020816	30
5	379	12.441542940604	31
5	382	12.541542940604	32
5	407	13.77714627502	33
5	410	13.87714627502	34
5	433	14.462171289089	35
5	450	16.118775227851	36
5	466	16.555318081127	37
5	479	16.998244780326	38
5	492	17.664898189836	39
5	508	19.243454772314	40
5	519	19.512150559935	41
5	541	20.058322320797	42
5	554	20.710404951503	43
5	571	21.168065323333	44
5	585	22.126291469566	45
5	598	22.687540413583	46
5	608	23.03224674988	47
5	628	23.828783168161	48
5	644	25.380987306096	49
5	655	25.639673554811	50
5	674	26.535246145612	51
5	692	27.523899311071	52
5	714	29.776644751569	53
5	739	30.389942879636	54
5	762	32.02891107331	55
5	763	32.12891107331	56
5	790	32.976988618984	57
5	791	33.076988618984	58
5	797	33.176988618984	59
5	825	34.190904916081	60
5	826	34.290904916081	61
5	830	34.390904916081	62
5	832	34.490904916081	63
5	862	35.617192947859	64
5	883	37.561532808134	65
5	906	39.730197215345	66
5	912	39.843074833572	67
5	941	40.452223971622	68
5	947	40.605423636479	69
5	968	41.084847230711	70
5	983	42.221548390874	71
5	997	43.091330093227	72
5	1016	44.393408159652	73
5	1019	44.493408159652	74
5	1039	45.200694073309	75
5	1051	45.678160246571	76
5	1074	46.297578380348	77
5	1078	46.397578380348	78
5	1081	46.497578380348	79
5	1083	46.597578380348	80
5	1100	46.91216218028	81
5	1114	47.226065126155	82
5	1135	47.603221094294	83
5	1149	48.098672898523	84
5	1160	48.4561937498	85
5	1165	48.5561937498	86
5	1176	48.853799727161	87
5	1197	50.114329632493	88
5	1216	51.238181196403	89
5	1238	53.355662078659	90
5	1261	54.93030550159	91
5	1278	55.570344936559	92
5	1280	55.670344936559	93
5	1306	56.513414777696	94
5	1308	56.613414777696	95
5	1313	56.713414777696	96
5	1343	58.127389134818	97
5	1349	58.336883088731	98
5	1356	58.436883088731	99
5	1387	60.743115695115	100
5	1399	61.316005547291	101
5	1418	61.899036968451	102
5	1420	61.999036968451	103
5	1447	62.522697446015	104
5	1451	62.622697446015	105
5	1454	62.722697446015	106
5	1456	62.822697446015	107
5	1491	63.474402222671	108
5	1494	63.574402222671	109
5	1499	63.674402222671	110
5	1504	63.774402222671	111
5	1509	63.874402222671	112
5	1537	64.597628117393	113
5	1563	64.960381215078	114
5	1568	65.060381215078	115
5	1571	65.160381215078	116
5	1576	65.260381215078	117
5	1581	65.360381215078	118
5	1585	65.460381215078	119
5	1602	65.794935751016	120
5	1617	66.159373988366	121
5	1642	67.281999143433	122
5	1659	67.940049804542	123
5	1666	68.180585325673	124
5	1685	69.068965612403	125
5	1689	69.168965612403	126
5	1694	69.268965612403	127
5	1718	70.089904345302	128
5	1737	71.411082769121	129
5	1747	71.767257631141	130
5	1755	71.867257631141	131
5	1758	71.967257631141	132
5	1767	72.079226197067	133
5	1794	73.363913121976	134
5	1800	73.4863900442	135
5	1822	74.383371985003	136
5	1829	74.614248156529	137
5	1835	74.714248156529	138
5	1848	74.939717956908	139
5	1855	75.074736539827	140
5	1872	75.453924857927	141
5	1890	76.173172934867	142
5	1910	76.679354064927	143
5	1911	76.779354064927	144
5	1916	76.879354064927	145
5	1931	77.249770564798	146
5	1942	77.384059971539	147
5	1947	77.484059971539	148
5	1955	77.584059971539	149
5	1981	78.48481249314	150
5	1994	79.20308634108	151
5	2006	79.604422053614	152
5	2027	80.303291735	153
5	2028	80.403291735	154
5	2041	80.785545637734	155
5	2061	81.781065338252	156
5	2071	82.156101575983	157
5	2076	82.256101575983	158
5	2087	82.469810270231	159
5	2098	82.695902170789	160
5	2117	83.425830341371	161
5	2134	83.896004787994	162
5	2146	84.342834921457	163
5	2149	84.442834921457	164
5	2157	84.62079520262	165
5	2163	84.72079520262	166
5	2193	86.651545009717	167
5	2196	86.751545009717	168
5	2201	86.851545009717	169
5	2227	87.269890346758	170
5	2233	87.369890346758	171
5	2262	89.164300769262	172
5	2275	89.689185876906	173
5	2288	90.382548617841	174
5	2302	90.754972290349	175
5	2321	91.216920198489	176
5	2327	91.328186925045	177
5	2349	92.181133779264	178
5	2353	92.281133779264	179
5	2382	94.894598351672	180
5	2399	95.321181897241	181
5	2418	95.713025312009	182
5	2423	95.813025312009	183
5	2446	96.434993149427	184
5	2448	96.534993149427	185
5	2451	96.634993149427	186
5	2485	97.444831951846	187
5	2486	97.544831951846	188
5	2489	97.644831951846	189
5	2513	98.365467438744	190
5	2518	98.465467438744	191
5	2547	99.780798644406	192
5	2550	99.880798644406	193
5	2553	99.980798644406	194
5	2558	100.080798644406	195
5	2563	100.180798644406	196
5	2591	100.931315834032	197
5	2606	101.424870884483	198
5	2624	102.205302425154	199
5	2627	102.305302425154	200
5	2632	102.405302425154	201
5	2656	103.29413643136	202
5	2660	103.39413643136	203
5	2686	104.894247903679	204
5	2701	106.264429435212	205
5	2704	106.364429435212	206
5	2718	106.76046633657	207
5	2745	108.92722152847	208
5	2767	110.27412990171	209
5	2790	111.392677571025	210
5	2792	111.492677571025	211
5	2815	112.115768965231	212
5	2816	112.215768965231	213
5	2819	112.315768965231	214
5	2831	112.550171459994	215
5	2858	113.050683286168	216
5	2861	113.150683286168	217
5	2880	113.836478681595	218
5	2893	114.308164393295	219
5	2906	115.020622311182	220
5	2913	115.227786859308	221
5	2936	116.137180430469	222
5	2950	116.999804405496	223
5	2957	117.248705272535	224
5	2972	117.622388043632	225
5	2994	119.024990806319	226
5	3015	120.871306100842	227
5	3031	121.303942291746	228
5	3048	121.707982891085	229
5	3051	121.807982891085	230
5	3076	123.014689401659	231
5	3091	124.192781499912	232
5	3097	124.350863338053	233
5	3126	124.812598188508	234
5	3138	125.217988082523	235
5	3155	125.613439433631	236
5	3158	125.713439433631	237
5	3171	126.078152392566	238
5	3190	127.000518319952	239
5	3209	128.025699058335	240
5	3214	128.125699058335	241
5	3217	128.225699058335	242
5	3241	129.106209797693	243
5	3255	129.933146209135	244
5	3273	130.83011015497	245
5	3287	131.608606015788	246
5	3294	131.895385345775	247
5	3317	132.814523227174	248
5	3320	132.914523227174	249
5	3343	133.560329425693	250
5	3357	134.362123837926	251
5	3360	134.462123837926	252
5	3379	135.005908865383	253
5	3397	135.869133328086	254
5	3412	137.25096905486	255
5	3425	137.722202380607	256
5	3441	138.17397376327	257
5	3452	138.537505630598	258
5	3475	140.425807092063	259
5	3478	140.525807092063	260
5	3486	140.696987651136	261
5	3515	142.368613522753	262
5	3522	142.596222764471	263
5	3534	142.787699454447	264
5	3551	143.509632004905	265
5	3558	143.61140885063	266
5	3579	144.276111146047	267
5	3585	144.443264878888	268
5	3603	145.154004467017	269
5	3609	145.350284009569	270
5	3628	146.584360908463	271
5	3636	146.684360908463	272
5	3655	147.318302357325	273
5	3662	147.501449023868	274
5	3683	148.131850451474	275
5	3700	149.920572567782	276
5	3722	150.939312247248	277
5	3744	153.058081670576	278
5	3765	153.627866684734	279
5	3782	153.997491408393	280
5	3787	154.097491408393	281
5	3811	154.986462938942	282
5	3813	155.086462938942	283
5	3836	157.01636785305	284
5	3847	157.170734228481	285
5	3872	157.808371958574	286
5	3885	158.477532318205	287
5	3902	159.015108880771	288
5	3914	159.437305324753	289
5	3918	159.537305324753	290
5	3943	160.076596926064	291
5	3945	160.176596926064	292
5	3950	160.276596926064	293
5	3962	160.500851163042	294
5	3986	161.694395602735	295
5	4006	162.09313040599	296
5	4009	162.19313040599	297
5	4013	162.29313040599	298
5	4036	162.988279650024	299
5	4046	163.324205285617	300
5	4061	163.956891378434	301
5	4075	164.806187449574	302
5	4085	165.147141317603	303
5	4105	165.895047619336	304
5	4118	166.494982604442	305
5	4130	166.989662198251	306
5	4137	167.172379943489	307
5	4151	167.5620087652	308
5	4168	168.649592501207	309
5	4186	169.518762504075	310
5	4192	169.626891652642	311
5	4203	169.993332586647	312
5	4221	170.470079292641	313
5	4224	170.570079292641	314
5	4235	170.814151825101	315
5	4252	171.130722691797	316
5	4270	171.745883233752	317
5	4274	171.845883233752	318
5	4284	172.113851625273	319
5	4301	172.513331148328	320
5	4323	174.18932432754	321
5	4343	175.569339776568	322
5	4358	176.624832018682	323
5	4370	177.067846583992	324
5	4389	178.326118145579	325
5	4437	180.820832079752	326
5	4451	181.17722058555	327
5	4474	182.032341061034	328
5	4475	182.132341061034	329
5	4503	182.800169683702	330
5	4504	182.900169683702	331
5	4508	183.000169683702	332
5	4545	184.096610776139	333
5	4547	184.196610776139	334
5	4550	184.296610776139	335
5	4552	184.396610776139	336
5	4558	184.496610776139	337
5	4599	186.364018325499	338
5	4600	186.464018325499	339
5	4604	186.564018325499	340
5	4606	186.664018325499	341
5	4611	186.764018325499	342
5	4625	186.992784559552	343
5	4650	187.71522423188	344
5	4659	187.992193815432	345
5	4688	189.520573729276	346
5	4690	189.620573729276	347
5	4693	189.720573729276	348
5	4697	189.820573729276	349
5	4709	190.015236942801	350
5	4737	190.752885324335	351
5	4755	191.674781211107	352
5	4767	192.15757659987	353
5	4774	192.373214863422	354
5	4794	193.555324912904	355
5	4804	193.878994264898	356
5	4819	194.354484594368	357
5	4838	195.693295685176	358
5	4844	195.801084103469	359
5	4863	196.78052231742	360
5	4875	197.273256142659	361
5	4893	198.115335449916	362
5	4896	198.215335449916	363
5	4904	198.37935936703	364
5	4930	199.127517772119	365
5	4943	199.721079909516	366
5	4950	199.844522721704	367
6	10	0.105835589651	1
6	20	0.355140613964	1
6	39	0.738437493436	1
6	51	1.11871267591	1
6	71	1.495313794696	1
6	74	1.595313794696	1
6	80	1.695313794696	1
6	88	1.795313794696	2
6	122	3.168440748444	1
6	125	3.268440748444	1
6	130	3.368440748444	1
6	137	3.468440748444	2
6	142	3.568440748444	2
6	148	3.668440748444	3
6	195	4.720906807974	1
6	200	4.820906807974	1
6	204	4.920906807974	1
6	210	5.020906807974	2
6	215	5.120906807974	2
6	220	5.220906807974	3
6	225	5.320906807974	3
6	229	5.420906807974	4
6	257	6.189490637913	1
6	270	6.447070446686	1
6	294	8.105431082799	1
6	310	8.835135824424	1
6	313	8.935135824424	1
6	338	10.748335780047	1
6	351	11.40888680368	1
6	364	12.073918020816	1
6	383	12.541642940604	1
6	386	12.641642940604	1
6	411	13.87724627502	1
6	415	13.97724627502	1
6	436	14.562271289089	1
6	452	16.218875227851	1
6	469	16.655418081127	1
6	481	17.098344780326	1
6	494	17.764998189836	1
6	515	19.343554772314	1
6	524	19.612250559935	1
6	543	20.158422320797	1
6	556	20.810504951503	1
6	573	21.268165323333	1
6	587	22.226391469566	1
6	600	22.787640413583	1
6	612	23.13234674988	1
6	630	23.928883168161	1
6	646	25.481087306096	1
6	660	25.739773554811	1
6	676	26.635346145612	1
6	694	27.623999311071	1
6	719	29.876744751569	1
6	744	30.490042879636	1
6	764	32.12901107331	1
6	768	32.22901107331	1
6	792	33.077088618984	1
6	798	33.177088618984	1
6	801	33.277088618984	1
6	827	34.291004916081	1
6	831	34.391004916081	1
6	834	34.491004916081	1
6	838	34.591004916081	2
6	864	35.717292947859	1
6	886	37.661632808134	1
6	908	39.830297215345	1
6	914	39.943174833572	1
6	943	40.552323971622	1
6	950	40.705523636479	1
6	970	41.184947230711	1
6	985	42.321648390874	1
6	999	43.191430093227	1
6	1020	44.493508159652	1
6	1024	44.593508159652	1
6	1041	45.300794073309	1
6	1054	45.778260246571	1
6	1079	46.397678380348	1
6	1082	46.497678380348	1
6	1085	46.597678380348	1
6	1090	46.697678380348	2
6	1106	47.01226218028	1
6	1119	47.326165126155	1
6	1139	47.703321094294	1
6	1152	48.198772898523	1
6	1166	48.5562937498	1
6	1169	48.6562937498	1
6	1180	48.953899727161	1
6	1199	50.214429632493	1
6	1218	51.338281196403	1
6	1240	53.455762078659	1
6	1263	55.03040550159	1
6	1281	55.670444936559	1
6	1284	55.770444936559	1
6	1309	56.613514777696	1
6	1314	56.713514777696	1
6	1317	56.813514777696	1
6	1345	58.227489134818	1
6	1357	58.436983088731	1
6	1362	58.536983088731	1
6	1389	60.843215695115	1
6	1404	61.416105547291	1
6	1421	61.999136968451	1
6	1426	62.099136968451	1
6	1452	62.622797446015	1
6	1455	62.722797446015	1
6	1458	62.822797446015	1
6	1467	62.922797446015	2
6	1495	63.574502222671	1
6	1500	63.674502222671	1
6	1506	63.774502222671	1
6	1510	63.874502222671	2
6	1515	63.974502222671	2
6	1542	64.697728117393	1
6	1569	65.060481215078	1
6	1572	65.160481215078	1
6	1578	65.260481215078	1
6	1582	65.360481215078	2
6	1587	65.460481215078	2
6	1592	65.560481215078	3
6	1608	65.895035751016	2
6	1621	66.259473988366	2
6	1645	67.382099143433	1
6	1662	68.040149804542	1
6	1672	68.280685325673	1
6	1690	69.169065612403	1
6	1695	69.269065612403	1
6	1698	69.369065612403	1
6	1720	70.190004345302	1
6	1739	71.511182769121	1
6	1756	71.867357631141	1
6	1759	71.967357631141	1
6	1762	72.067357631141	1
6	1772	72.179326197067	2
6	1796	73.464013121976	1
6	1802	73.5864900442	1
6	1824	74.483471985003	1
6	1836	74.714348156529	1
6	1841	74.814348156529	1
6	1852	75.039817956908	1
6	1861	75.174836539827	1
6	1877	75.554024857927	1
6	1892	76.273272934867	1
6	1912	76.779454064927	1
6	1917	76.879454064927	1
6	1921	76.979454064927	1
6	1936	77.349870564798	1
6	1948	77.484159971539	1
6	1956	77.584159971539	1
6	1960	77.684159971539	2
6	1983	78.58491249314	1
6	1996	79.30318634108	1
6	2009	79.704522053614	1
6	2029	80.403391735	1
6	2032	80.503391735	1
6	2047	80.885645637734	1
6	2063	81.881165338252	1
6	2077	82.256201575983	1
6	2081	82.356201575983	1
6	2091	82.569910270231	1
6	2102	82.796002170789	1
6	2119	83.525930341371	1
6	2136	83.996104787994	1
6	2150	84.442934921457	1
6	2154	84.542934921457	1
6	2164	84.72089520262	1
6	2169	84.82089520262	2
6	2197	86.751645009717	1
6	2202	86.851645009717	1
6	2210	86.951645009717	1
6	2234	87.369990346758	1
6	2240	87.469990346758	1
6	2265	89.264400769262	1
6	2277	89.789285876906	1
6	2295	90.482648617841	1
6	2307	90.855072290349	1
6	2323	91.317020198489	1
6	2330	91.428286925045	1
6	2354	92.281233779264	1
6	2357	92.381233779264	1
6	2385	94.994698351672	1
6	2403	95.421281897241	1
6	2424	95.813125312009	1
6	2428	95.913125312009	1
6	2449	96.535093149427	1
6	2452	96.635093149427	1
6	2455	96.735093149427	1
6	2487	97.544931951846	1
6	2490	97.644931951846	1
6	2494	97.744931951846	1
6	2519	98.465567438744	1
6	2523	98.565567438744	1
6	2551	99.880898644406	1
6	2554	99.980898644406	1
6	2560	100.080898644406	1
6	2564	100.180898644406	2
6	2569	100.280898644406	2
6	2596	101.031415834032	1
6	2608	101.524970884483	1
6	2628	102.305402425154	1
6	2633	102.405402425154	1
6	2637	102.505402425154	1
6	2661	103.39423643136	1
6	2664	103.49423643136	1
6	2688	104.994347903679	1
6	2705	106.364529435212	1
6	2709	106.464529435212	1
6	2723	106.86056633657	1
6	2749	109.02732152847	1
6	2771	110.37422990171	1
6	2793	111.492777571025	1
6	2796	111.592777571025	1
6	2817	112.215868965231	1
6	2820	112.315868965231	1
6	2824	112.415868965231	1
6	2836	112.650271459994	1
6	2862	113.150783286168	1
6	2865	113.250783286168	1
6	2883	113.936578681595	1
6	2895	114.408264393295	1
6	2909	115.120722311182	1
6	2918	115.327886859308	1
6	2938	116.237280430469	1
6	2952	117.099904405496	1
6	2962	117.348805272535	1
6	2976	117.722488043632	1
6	2996	119.125090806319	1
6	3017	120.971406100842	1
6	3034	121.404042291746	1
6	3052	121.808082891085	1
6	3055	121.908082891085	1
6	3078	123.114789401659	1
6	3093	124.292881499912	1
6	3104	124.450963338053	1
6	3128	124.912698188508	1
6	3143	125.318088082523	1
6	3159	125.713539433631	1
6	3162	125.813539433631	1
6	3176	126.178252392566	1
6	3193	127.100618319952	1
6	3215	128.125799058335	1
6	3218	128.225799058335	1
6	3222	128.325799058335	1
6	3244	129.206309797693	1
6	3257	130.033246209135	1
6	3275	130.93021015497	1
6	3289	131.708706015788	1
6	3303	131.995485345775	1
6	3321	132.914623227174	1
6	3324	133.014623227174	1
6	3345	133.660429425693	1
6	3361	134.462223837926	1
6	3364	134.562223837926	1
6	3381	135.106008865383	1
6	3399	135.969233328086	1
6	3415	137.35106905486	1
6	3427	137.822302380607	1
6	3444	138.27407376327	1
6	3456	138.637605630598	1
6	3479	140.525907092063	1
6	3483	140.625907092063	1
6	3491	140.797087651136	1
6	3518	142.468713522753	1
6	3528	142.696322764471	1
6	3536	142.887799454447	1
6	3554	143.609732004905	1
6	3560	143.71150885063	1
6	3581	144.376211146047	1
6	3588	144.543364878888	1
6	3605	145.254104467017	1
6	3612	145.450384009569	1
6	3637	146.684460908463	1
6	3640	146.784460908463	1
6	3657	147.418402357325	1
6	3664	147.601549023868	1
6	3685	148.231950451474	1
6	3702	150.020672567782	1
6	3724	151.039412247248	1
6	3746	153.158181670576	1
6	3767	153.727966684734	1
6	3788	154.097591408393	1
6	3792	154.197591408393	1
6	3814	155.086562938942	1
6	3817	155.186562938942	1
6	3843	157.11646785305	1
6	3849	157.270834228481	1
6	3874	157.908471958574	1
6	3887	158.577632318205	1
6	3904	159.115208880771	1
6	3919	159.537405324753	1
6	3922	159.637405324753	1
6	3946	160.176696926064	1
6	3951	160.276696926064	1
6	3954	160.376696926064	1
6	3967	160.600951163042	1
6	3988	161.794495602735	1
6	4010	162.19323040599	1
6	4014	162.29323040599	1
6	4017	162.39323040599	1
6	4038	163.088379650024	1
6	4051	163.424305285617	1
6	4064	164.056991378434	1
6	4077	164.906287449574	1
6	4090	165.247241317603	1
6	4107	165.995147619336	1
6	4120	166.595082604442	1
6	4133	167.089762198251	1
6	4139	167.272479943489	1
6	4156	167.6621087652	1
6	4170	168.749692501207	1
6	4188	169.618862504075	1
6	4195	169.726991652642	1
6	4209	170.093432586647	1
6	4225	170.570179292641	1
6	4229	170.670179292641	1
6	4240	170.914251825101	1
6	4258	171.230822691797	1
6	4275	171.845983233752	1
6	4278	171.945983233752	1
6	4289	172.213951625273	1
6	4305	172.613431148328	1
6	4326	174.28942432754	1
6	4345	175.669439776568	1
6	4360	176.724932018682	1
6	4372	177.167946583992	1
6	4392	178.426218145579	1
6	4439	180.920932079752	1
6	4455	181.27732058555	1
6	4476	182.132441061034	1
6	4481	182.232441061034	1
6	4505	182.900269683702	1
6	4509	183.000269683702	1
6	4512	183.100269683702	1
6	4548	184.196710776139	1
6	4551	184.296710776139	1
6	4554	184.396710776139	1
6	4559	184.496710776139	2
6	4564	184.596710776139	2
6	4601	186.464118325499	1
6	4605	186.564118325499	1
6	4608	186.664118325499	1
6	4612	186.764118325499	2
6	4618	186.864118325499	2
6	4630	187.092884559552	2
6	4655	187.81532423188	1
6	4669	188.092293815432	1
6	4691	189.620673729276	1
6	4694	189.720673729276	1
6	4699	189.820673729276	1
6	4704	189.920673729276	2
6	4714	190.115336942801	2
6	4739	190.852985324335	1
6	4757	191.774881211107	1
6	4770	192.25767659987	1
6	4779	192.473314863422	1
6	4796	193.655424912904	1
6	4808	193.979094264898	1
6	4821	194.454584594368	1
6	4840	195.793395685176	1
6	4847	195.901184103469	1
6	4865	196.88062231742	1
6	4878	197.373356142659	1
6	4897	198.215435449916	1
6	4901	198.315435449916	1
6	4909	198.47945936703	1
6	4933	199.227617772119	1
6	4946	199.821179909516	1
6	4954	199.944622721704	1
7	17	0.305935589651	1
7	26	0.555240613964	1
7	42	0.938537493436	1
7	55	1.31881267591	1
7	81	1.695413794696	1
7	92	1.895413794696	1
7	101	2.095413794696	1
7	107	2.295413794696	1
7	131	3.368540748444	1
7	143	3.568540748444	1
7	159	3.768540748444	1
7	164	3.968540748444	1
7	173	4.168540748444	1
7	182	4.368540748444	1
7	205	4.921006807974	1
7	216	5.121006807974	1
7	226	5.321006807974	1
7	234	5.521006807974	1
7	239	5.721006807974	1
7	245	5.921006807974	1
7	254	6.121006807974	1
7	261	6.321006807974	1
7	272	6.521006807974	1
7	278	6.721006807974	1
7	298	8.305531082799	1
7	315	9.035235824424	1
7	321	9.235235824424	1
7	342	10.948435780047	1
7	355	11.60898680368	1
7	372	12.274018020816	1
7	389	12.741742940604	1
7	398	12.941742940604	1
7	417	14.07734627502	1
7	427	14.27734627502	1
7	439	14.762371289089	1
7	456	16.418975227851	1
7	472	16.855518081127	1
7	485	17.298444780326	1
7	498	17.965098189836	1
7	521	19.543654772314	1
7	530	19.812350559935	1
7	547	20.358522320797	1
7	560	21.010604951503	1
7	577	21.468265323333	1
7	591	22.426491469566	1
7	604	22.987740413583	1
7	616	23.33244674988	1
7	634	24.128983168161	1
7	657	25.681187306096	1
7	666	25.939873554811	1
7	680	26.835446145612	1
7	698	27.824099311071	1
7	728	30.076844751569	1
7	747	30.690142879636	1
7	770	32.32911107331	1
7	779	32.52911107331	1
7	802	33.277188618984	1
7	808	33.477188618984	1
7	813	33.677188618984	1
7	835	34.491104916081	1
7	843	34.691104916081	1
7	848	34.891104916081	1
7	854	35.091104916081	1
7	868	35.917392947859	1
7	889	37.861732808134	1
7	921	40.030397215345	1
7	930	40.230397215345	1
7	952	40.752423971622	1
7	958	40.952423971622	1
7	974	41.385047230711	1
7	989	42.521748390874	1
7	1003	43.391530093227	1
7	1026	44.693608159652	1
7	1032	44.893608159652	1
7	1045	45.500894073309	1
7	1063	45.978360246571	1
7	1086	46.597778380348	1
7	1094	46.797778380348	1
7	1103	46.997778380348	1
7	1110	47.197778380348	1
7	1121	47.397778380348	1
7	1127	47.597778380348	1
7	1143	47.903421094294	1
7	1155	48.398872898523	1
7	1172	48.7563937498	1
7	1182	48.9563937498	1
7	1188	49.1563937498	1
7	1203	50.414529632493	1
7	1222	51.538381196403	1
7	1247	53.655862078659	1
7	1267	55.23050550159	1
7	1289	55.870544936559	1
7	1295	56.070544936559	1
7	1318	56.813614777696	1
7	1324	57.013614777696	1
7	1330	57.213614777696	1
7	1354	58.427589134818	1
7	1364	58.637083088731	1
7	1370	58.837083088731	1
7	1393	61.043315695115	1
7	1407	61.616205547291	1
7	1428	62.199236968451	1
7	1437	62.399236968451	1
7	1459	62.822897446015	1
7	1471	63.022897446015	1
7	1477	63.222897446015	1
7	1482	63.422897446015	1
7	1507	63.774602222671	1
7	1516	63.974602222671	1
7	1522	64.174602222671	1
7	1528	64.374602222671	1
7	1533	64.574602222671	1
7	1554	64.897828117393	1
7	1579	65.260581215078	1
7	1588	65.460581215078	1
7	1596	65.660581215078	1
7	1605	65.860581215078	1
7	1612	66.060581215078	1
7	1623	66.260581215078	1
7	1629	66.460581215078	1
7	1634	66.660581215078	1
7	1648	67.582199143433	1
7	1668	68.240249804542	1
7	1677	68.480785325673	1
7	1699	69.369165612403	1
7	1705	69.569165612403	1
7	1711	69.769165612403	1
7	1724	70.390104345302	1
7	1743	71.711282769121	1
7	1763	72.067457631141	1
7	1774	72.267457631141	1
7	1780	72.467457631141	1
7	1785	72.667457631141	1
7	1805	73.664113121976	1
7	1810	73.864113121976	1
7	1833	74.683571985003	1
7	1844	74.914448156529	1
7	1857	75.114448156529	1
7	1865	75.314448156529	1
7	1874	75.514448156529	1
7	1883	75.754124857927	1
7	1899	76.473372934867	1
7	1922	76.979554064927	1
7	1927	77.179554064927	1
7	1938	77.379554064927	1
7	1953	77.579554064927	1
7	1962	77.779554064927	1
7	1968	77.979554064927	1
7	1974	78.179554064927	1
7	1987	78.78501249314	1
7	2000	79.50328634108	1
7	2015	79.904622053614	1
7	2035	80.603491735	1
7	2043	80.803491735	1
7	2052	81.085745637734	1
7	2067	82.081265338252	1
7	2083	82.456301575983	1
7	2094	82.656301575983	1
7	2104	82.856301575983	1
7	2110	83.056301575983	1
7	2127	83.726030341371	1
7	2140	84.196204787994	1
7	2159	84.643034921457	1
7	2171	84.843034921457	1
7	2176	85.043034921457	1
7	2182	85.243034921457	1
7	2211	86.951745009717	1
7	2216	87.151745009717	1
7	2229	87.351745009717	1
7	2242	87.570090346758	1
7	2252	87.770090346758	1
7	2268	89.464500769262	1
7	2281	89.989385876906	1
7	2298	90.682748617841	1
7	2310	91.055172290349	1
7	2332	91.517120198489	1
7	2338	91.717120198489	1
7	2359	92.481333779264	1
7	2365	92.681333779264	1
7	2388	95.194798351672	1
7	2410	95.621381897241	1
7	2430	96.013225312009	1
7	2436	96.213225312009	1
7	2456	96.735193149427	1
7	2468	96.935193149427	1
7	2474	97.135193149427	1
7	2495	97.745031951846	1
7	2500	97.945031951846	1
7	2506	98.145031951846	1
7	2525	98.665667438744	1
7	2534	98.865667438744	1
7	2561	100.080998644406	1
7	2570	100.280998644406	1
7	2576	100.480998644406	1
7	2582	100.680998644406	1
7	2587	100.880998644406	1
7	2599	101.231515834032	1
7	2612	101.725070884483	1
7	2638	102.505502425154	1
7	2643	102.705502425154	1
7	2649	102.905502425154	1
7	2666	103.59433643136	1
7	2672	103.79433643136	1
7	2692	105.194447903679	1
7	2711	106.564629435212	1
7	2720	106.764629435212	1
7	2729	107.06066633657	1
7	2753	109.22742152847	1
7	2778	110.57432990171	1
7	2798	111.692877571025	1
7	2804	111.892877571025	1
7	2825	112.415968965231	1
7	2833	112.615968965231	1
7	2841	112.815968965231	1
7	2850	113.015968965231	1
7	2868	113.350883286168	1
7	2873	113.550883286168	1
7	2886	114.136678681595	1
7	2899	114.608364393295	1
7	2915	115.320822311182	1
7	2924	115.527986859308	1
7	2942	116.437380430469	1
7	2959	117.300004405496	1
7	2968	117.548905272535	1
7	2980	117.922588043632	1
7	3000	119.325190806319	1
7	3021	121.171506100842	1
7	3037	121.604142291746	1
7	3058	122.008182891085	1
7	3063	122.208182891085	1
7	3082	123.314889401659	1
7	3106	124.492981499912	1
7	3116	124.692981499912	1
7	3132	125.112798188508	1
7	3146	125.518188082523	1
7	3165	125.913639433631	1
7	3173	126.113639433631	1
7	3182	126.378352392566	1
7	3196	127.300718319952	1
7	3223	128.325899058335	1
7	3228	128.525899058335	1
7	3234	128.725899058335	1
7	3247	129.406409797693	1
7	3265	130.233346209135	1
7	3279	131.13031015497	1
7	3296	131.908806015788	1
7	3309	132.195585345775	1
7	3327	133.114723227174	1
7	3332	133.314723227174	1
7	3349	133.860529425693	1
7	3367	134.662323837926	1
7	3372	134.862323837926	1
7	3385	135.306108865383	1
7	3403	136.169333328086	1
7	3418	137.55116905486	1
7	3435	138.022402380607	1
7	3447	138.47417376327	1
7	3460	138.837705630598	1
7	3488	140.726007092063	1
7	3496	140.926007092063	1
7	3501	141.126007092063	1
7	3524	142.668813522753	1
7	3538	142.896422764471	1
7	3544	143.096422764471	1
7	3562	143.809832004905	1
7	3568	144.009832004905	1
7	3590	144.576311146047	1
7	3595	144.776311146047	1
7	3614	145.454204467017	1
7	3619	145.654204467017	1
7	3642	146.884560908463	1
7	3648	147.084560908463	1
7	3666	147.618502357325	1
7	3676	147.818502357325	1
7	3689	148.432050451474	1
7	3710	150.220772567782	1
7	3728	151.239512247248	1
7	3754	153.358281670576	1
7	3774	153.928066684734	1
7	3794	154.297691408393	1
7	3800	154.497691408393	1
7	3819	155.286662938942	1
7	3825	155.486662938942	1
7	3851	157.31656785305	1
7	3861	157.51656785305	1
7	3878	158.108571958574	1
7	3891	158.777732318205	1
7	3908	159.315308880771	1
7	3924	159.737505324753	1
7	3933	159.937505324753	1
7	3955	160.376796926064	1
7	3964	160.576796926064	1
7	3972	160.776796926064	1
7	3977	160.976796926064	1
7	3998	161.994595602735	1
7	4018	162.39333040599	1
7	4024	162.59333040599	1
7	4029	162.79333040599	1
7	4042	163.288479650024	1
7	4054	163.624405285617	1
7	4067	164.257091378434	1
7	4081	165.106387449574	1
7	4093	165.447341317603	1
7	4111	166.195247619336	1
7	4124	166.795182604442	1
7	4141	167.289862198251	1
7	4147	167.489862198251	1
7	4159	167.8622087652	1
7	4178	168.949792501207	1
7	4197	169.818962504075	1
7	4206	170.018962504075	1
7	4214	170.293532586647	1
7	4231	170.770279292641	1
7	4242	170.970279292641	1
7	4254	171.170279292641	1
7	4263	171.430922691797	1
7	4280	172.046083233752	1
7	4291	172.246083233752	1
7	4297	172.446083233752	1
7	4309	172.813531148328	1
7	4329	174.48952432754	1
7	4349	175.869539776568	1
7	4364	176.925032018682	1
7	4376	177.368046583992	1
7	4401	178.626318145579	1
7	4443	181.121032079752	1
7	4462	181.47742058555	1
7	4484	182.332541061034	1
7	4492	182.532541061034	1
7	4513	183.100369683702	1
7	4522	183.300369683702	1
7	4533	183.500369683702	1
7	4555	184.396810776139	1
7	4565	184.596810776139	1
7	4574	184.796810776139	1
7	4579	184.996810776139	1
7	4585	185.196810776139	1
7	4609	186.664218325499	1
7	4619	186.864218325499	1
7	4627	187.064218325499	1
7	4635	187.264218325499	1
7	4641	187.464218325499	1
7	4646	187.664218325499	1
7	4663	188.01542423188	1
7	4674	188.292393815432	1
7	4700	189.820773729276	1
7	4711	190.020773729276	1
7	4719	190.220773729276	1
7	4724	190.420773729276	1
7	4730	190.620773729276	1
7	4743	191.053085324335	1
7	4761	191.974981211107	1
7	4776	192.45777659987	1
7	4785	192.673414863422	1
7	4800	193.855524912904	1
7	4812	194.179194264898	1
7	4825	194.654684594368	1
7	4849	195.993495685176	1
7	4855	196.193495685176	1
7	4869	197.08072231742	1
7	4881	197.573456142659	1
7	4906	198.415535449916	1
7	4914	198.615535449916	1
7	4919	198.815535449916	1
7	4936	199.427717772119	1
8	23	0.405935589651	0.4002
8	35	0.655240613964	0.4002
8	48	1.038537493436	0.4002
8	66	1.41881267591	0.4002
8	89	1.795413794696	0.4002
8	98	1.995413794696	0.596035568795
8	103	2.195413794696	0.717015118741
8	113	2.395413794696	0.70794617262
8	138	3.468540748444	1.696768760146
8	149	3.668540748444	1.889392410436
8	161	3.868540748444	1.953754044438
8	170	4.068540748444	1.0002
8	178	4.268540748444	0.902012888736
8	188	4.468540748444	1.020639714649
8	211	5.021006807974	1.416271347405
8	221	5.221006807974	1.53420489953
8	230	5.421006807974	1.685912677162
8	236	5.621006807974	1.608717015118
8	242	5.821006807974	1.575582124248
8	247	6.021006807974	1.4002
8	258	6.221006807974	1.499850747384
8	267	6.421006807974	1.491196246783
8	274	6.621006807974	0.531616170061
8	284	6.821006807974	0.474036361288
8	300	8.405531082799	0.4002
8	318	9.135235824424	0.4002
8	323	9.335235824424	0.578464513242
8	344	11.048435780047	0.4002
8	357	11.70898680368	0.4002
8	374	12.374018020816	0.4002
8	395	12.841742940604	0.4002
8	401	13.041742940604	0.520165435335
8	423	14.17734627502	0.4002
8	429	14.37734627502	0.519795176561
8	442	14.862371289089	0.4002
8	462	16.518975227851	0.4002
8	475	16.955518081127	0.4002
8	487	17.398444780326	0.4002
8	500	18.065098189836	0.4002
8	527	19.643654772314	0.4002
8	536	19.912350559935	0.4002
8	549	20.458522320797	0.4002
8	566	21.110604951503	0.4002
8	579	21.568265323333	0.4002
8	593	22.526491469566	0.4002
8	609	23.087740413583	0.4002
8	622	23.43244674988	0.4002
8	636	24.228983168161	0.4002
8	662	25.781187306096	0.4002
8	668	26.039873554811	0.4002
8	686	26.935446145612	0.4002
8	700	27.924099311071	0.4002
8	735	30.176844751569	0.4002
8	754	30.790142879636	0.95281876706
8	775	32.42911107331	2.489546670441
8	785	32.62911107331	2.644095547893
8	804	33.377188618984	2.987245739348
8	810	33.577188618984	3.148708350215
8	820	33.777188618984	1.748277545674
8	839	34.591104916081	2.190796815491
8	845	34.791104916081	1.814116297097
8	851	34.991104916081	1.884840082996
8	856	35.191104916081	1.0002
8	874	36.017392947859	0.4002
8	892	37.961732808134	0.4002
8	927	40.130397215345	0.4002
8	937	40.330397215345	0.487322381773
8	954	40.852423971622	0.4002
8	964	41.052423971622	0.447000335143
8	976	41.485047230711	0.4002
8	991	42.621748390874	0.4002
8	1009	43.491530093227	0.4002
8	1028	44.793608159652	0.4002
8	1034	44.993608159652	0.573895884001
8	1047	45.600894073309	0.4002
8	1070	46.078360246571	0.4002
8	1091	46.697778380348	0.785302725774
8	1096	46.897778380348	0.942714387454
8	1107	47.097778380348	0.8002
8	1116	47.297778380348	0.904259778054
8	1123	47.497778380348	0.585616200068
8	1136	47.697778380348	0.471713254193
8	1145	48.003421094294	0.4002
8	1161	48.498872898523	0.4002
8	1177	48.8563937498	0.4002
8	1185	49.0563937498	0.517146251534
8	1190	49.2563937498	0.402594022639
8	1205	50.514529632493	0.4002
8	1224	51.638381196403	0.4002
8	1253	53.755862078659	0.4002
8	1273	55.33050550159	1.860737451844
8	1292	55.970544936559	1.040239434969
8	1301	56.170544936559	0.6002
8	1321	56.913614777696	1.068893558561
8	1326	57.113614777696	0.6002
8	1336	57.313614777696	0.612341786076
8	1359	58.527589134818	0.4002
8	1367	58.737083088731	0.4002
8	1372	58.937083088731	0.578060159942
8	1395	61.143315695115	0.4002
8	1414	61.716205547291	0.4002
8	1431	62.299236968451	0.959143122366
8	1443	62.499236968451	0.6002
8	1468	62.922897446015	0.921303568475
8	1473	63.122897446015	0.780669369081
8	1479	63.322897446015	0.8002
8	1492	63.522897446015	0.970214583945
8	1511	63.874602222671	1.037824040968
8	1519	64.074602222671	1.216190078798
8	1524	64.274602222671	0.8002
8	1530	64.474602222671	0.898029151441
8	1539	64.674602222671	0.947372377954
8	1564	64.997828117393	0.4002
8	1583	65.360581215078	0.65550587018
8	1593	65.560581215078	0.757902512876
8	1598	65.760581215078	0.882346534775
8	1609	65.960581215078	1.0002
8	1618	66.160581215078	1.160235517181
8	1625	66.360581215078	1.120831170589
8	1631	66.560581215078	0.765645464062
8	1637	66.760581215078	0.601207226712
8	1655	67.682199143433	0.4002
8	1674	68.340249804542	0.4002
8	1680	68.580785325673	0.4002
8	1702	69.469165612403	0.4002
8	1707	69.669165612403	0.58072919695
8	1713	69.869165612403	0.610063197285
8	1726	70.490104345302	0.4002
8	1750	71.811282769121	0.4002
8	1769	72.167457631141	0.4002
8	1776	72.367457631141	0.587477147066
8	1782	72.567457631141	0.746841466048
8	1788	72.767457631141	0.688231434074
8	1807	73.764113121976	0.4002
8	1817	73.964113121976	0.477723077776
8	1838	74.783571985003	0.4002
8	1849	75.014448156529	0.4002
8	1862	75.214448156529	0.597684139363
8	1867	75.414448156529	0.474730199621
8	1879	75.614448156529	0.539711616702
8	1885	75.854124857927	0.4002
8	1905	76.573372934867	0.4002
8	1924	77.079554064927	0.61211646357
8	1933	77.279554064927	0.6002
8	1945	77.479554064927	0.667581694592
8	1957	77.679554064927	0.429783500129
8	1965	77.879554064927	0.495494093388
8	1970	78.079554064927	0.674888199749
8	1976	78.279554064927	0.729487158177
8	1989	78.88501249314	0.4002
8	2002	79.60328634108	0.4002
8	2022	80.004622053614	0.4002
8	2037	80.703491735	0.803326412028
8	2049	80.903491735	0.6002
8	2055	81.185745637734	0.4002
8	2074	82.181265338252	0.4002
8	2088	82.556301575983	0.4002
8	2099	82.756301575983	0.595701882225
8	2107	82.956301575983	0.486491305752
8	2112	83.156301575983	0.460399405194
8	2129	83.826030341371	0.4002
8	2142	84.296204787994	0.4002
8	2165	84.743034921457	0.4002
8	2173	84.943034921457	0.520481766398
8	2179	85.143034921457	0.522239718837
8	2184	85.343034921457	0.634928595635
8	2213	87.051745009717	0.4002
8	2223	87.251745009717	0.569456656849
8	2236	87.451745009717	0.629377604127
8	2248	87.670090346758	0.4002
8	2254	87.870090346758	0.518034016255
8	2271	89.564500769262	0.4002
8	2283	90.089385876906	0.4002
8	2304	90.782748617841	0.4002
8	2317	91.155172290349	0.4002
8	2334	91.617120198489	0.4002
8	2344	91.817120198489	0.488933273444
8	2362	92.581333779264	0.4002
8	2367	92.781333779264	0.536532323347
8	2395	95.294798351672	0.4002
8	2419	95.721381897241	0.4002
8	2432	96.113225312009	0.769803640257
8	2442	96.313225312009	0.781976513085
8	2462	96.835193149427	1.122167837418
8	2470	97.035193149427	1.262350018152
8	2480	97.235193149427	0.8002
8	2497	97.845031951846	1.039050187759
8	2503	98.045031951846	1.150156833332
8	2508	98.245031951846	0.8002
8	2527	98.765667438744	0.4002
8	2540	98.965667438744	0.578910140813
8	2565	100.180998644406	1.777560142214
8	2573	100.380998644406	1.596210470365
8	2578	100.580998644406	0.8002
8	2584	100.780998644406	0.952217667783
8	2593	100.980998644406	0.911502462911
8	2602	101.331515834032	0.4002
8	2618	101.825070884483	0.4002
8	2640	102.605502425154	0.4002
8	2646	102.805502425154	0.596178164742
8	2651	103.005502425154	0.628878208848
8	2669	103.69433643136	0.4002
8	2674	103.89433643136	0.541726772857
8	2694	105.294447903679	0.4002
8	2713	106.664629435212	0.4002
8	2725	106.864629435212	0.504943669196
8	2731	107.16066633657	0.4002
8	2759	109.32742152847	0.4002
8	2784	110.67432990171	1.668271949131
8	2801	111.792877571025	1.518747669315
8	2810	111.992877571025	1.653080232137
8	2827	112.515968965231	2.13688177704
8	2838	112.715968965231	1.323291394206
8	2846	112.915968965231	0.8002
8	2859	113.115968965231	0.565797505237
8	2870	113.450883286168	0.566563885178
8	2876	113.650883286168	0.6002
8	2889	114.236678681595	0.4002
8	2901	114.708364393295	0.4002
8	2921	115.420822311182	0.4002
8	2930	115.627986859308	0.4002
8	2944	116.537380430469	0.4002
8	2964	117.400004405496	0.4002
8	2973	117.648905272535	0.4002
8	2982	118.022588043632	0.4002
8	3002	119.425190806319	0.4002
8	3027	121.271506100842	0.4002
8	3044	121.704142291746	0.4002
8	3060	122.108182891085	0.4002
8	3070	122.308182891085	0.576790283686
8	3084	123.414889401659	0.4002
8	3112	124.592981499912	0.4002
8	3122	124.792981499912	0.442118161859
8	3134	125.212798188508	0.4002
8	3156	125.618188082523	0.4002
8	3167	126.013639433631	0.78778779472
8	3179	126.213639433631	0.6002
8	3184	126.478352392566	0.4002
8	3203	127.400718319952	0.4002
8	3225	128.425899058335	0.4002
8	3231	128.625899058335	0.558393810073
8	3236	128.825899058335	0.714722758405
8	3250	129.506409797693	0.4002
8	3267	130.333346209135	0.4002
8	3281	131.23031015497	0.4002
8	3305	132.008806015788	0.4002
8	3311	132.295585345775	0.4002
8	3329	133.214723227174	0.4002
8	3339	133.414723227174	0.579777292625
8	3351	133.960529425693	0.4002
8	3369	134.762323837926	0.4002
8	3375	134.962323837926	0.581263663635
8	3391	135.406108865383	0.4002
8	3405	136.269333328086	0.4002
8	3421	137.65116905486	0.4002
8	3437	138.122402380607	0.4002
8	3453	138.57417376327	0.4002
8	3466	138.937705630598	0.4002
8	3492	140.826007092063	0.4002
8	3498	141.026007092063	0.531818133237
8	3508	141.226007092063	0.529019440927
8	3530	142.768813522753	0.4002
8	3541	142.996422764471	0.4002
8	3546	143.196422764471	0.408723310024
8	3565	143.909832004905	0.4002
8	3574	144.109832004905	0.498423154275
8	3592	144.676311146047	0.4002
8	3598	144.876311146047	0.433046267159
8	3616	145.554204467017	0.4002
8	3622	145.754204467017	0.403920457448
8	3645	146.984560908463	0.4002
8	3650	147.184560908463	0.559846604919
8	3672	147.718502357325	0.4002
8	3678	147.918502357325	0.417053333457
8	3691	148.532050451474	0.4002
8	3716	150.320772567782	0.4002
8	3734	151.339512247248	0.4002
8	3760	153.458281670576	0.4002
8	3785	154.028066684734	0.4002
8	3796	154.397691408393	0.598495873897
8	3806	154.597691408393	0.6002
8	3822	155.386662938942	1.370847151873
8	3827	155.586662938942	0.6002
8	3858	157.41656785305	0.4002
8	3867	157.61656785305	0.445833624569
8	3880	158.208571958574	0.4002
8	3897	158.877732318205	0.4002
8	3910	159.415308880771	0.4002
8	3930	159.837505324753	0.4002
8	3939	160.037505324753	0.512139594237
8	3958	160.476796926064	0.687792915167
8	3968	160.676796926064	0.6002
8	3974	160.876796926064	0.691978198867
8	3980	161.076796926064	0.575945763022
8	4007	162.094595602735	0.4002
8	4020	162.49333040599	0.572398103745
8	4026	162.69333040599	0.726398612972
8	4032	162.89333040599	0.8002
8	4047	163.388479650024	0.4002
8	4057	163.724405285617	0.4002
8	4070	164.357091378434	0.4002
8	4086	165.206387449574	0.4002
8	4100	165.547341317603	0.4002
8	4113	166.295247619336	0.4002
8	4126	166.895182604442	0.4002
8	4144	167.389862198251	0.4002
8	4152	167.589862198251	0.417482254762
8	4162	167.9622087652	0.4002
8	4180	169.049792501207	0.4002
8	4199	169.918962504075	0.4002
8	4211	170.118962504075	0.492070851433
8	4217	170.393532586647	0.4002
8	4236	170.870279292641	0.4002
8	4248	171.070279292641	0.598744042805
8	4260	171.270279292641	0.45612746754
8	4266	171.530922691797	0.4002
8	4286	172.146083233752	0.4002
8	4293	172.346083233752	0.587807230071
8	4302	172.546083233752	0.432231608479
8	4315	172.913531148328	0.4002
8	4332	174.58952432754	0.4002
8	4351	175.969539776568	0.4002
8	4366	177.025032018682	0.4002
8	4378	177.468046583992	0.4002
8	4408	178.726318145579	0.4002
8	4452	181.221032079752	2.653479159045
8	4468	181.57742058555	2.995621745467
8	4489	182.432541061034	2.129442233834
8	4499	182.632541061034	2.235885045624
8	4515	183.200369683702	2.37953760395
8	4530	183.400369683702	2.223149098152
8	4540	183.600369683702	2.297865622753
8	4560	184.496810776139	2.464469715105
8	4570	184.696810776139	2.532878967946
8	4576	184.896810776139	2.490583494047
8	4582	185.096810776139	2.296641092437
8	4591	185.296810776139	2.039506375549
8	4613	186.764218325499	3.424397271744
8	4621	186.964218325499	3.598802650229
8	4632	187.164218325499	3.06760754936
8	4637	187.364218325499	2.705024733302
8	4643	187.564218325499	1.2002
8	4652	187.764218325499	0.771433765947
8	4671	188.11542423188	0.4002
8	4681	188.392393815432	0.4002
8	4705	189.920773729276	1.916915120258
8	4715	190.120773729276	2.036086155438
8	4721	190.320773729276	0.8002
8	4727	190.520773729276	0.703948863167
8	4732	190.720773729276	0.705536786475
8	4745	191.153085324335	0.4002
8	4763	192.074981211107	0.4002
8	4782	192.55777659987	0.4002
8	4787	192.773414863422	0.4002
8	4805	193.955524912904	0.4002
8	4814	194.279194264898	0.4002
8	4831	194.754684594368	0.4002
8	4851	196.093495685176	0.4002
8	4857	196.293495685176	0.492411581707
8	4871	197.18072231742	0.4002
8	4884	197.673456142659	0.4002
8	4910	198.515535449916	0.4002
8	4916	198.715535449916	0.569739085296
8	4926	198.915535449916	0.536176082886
8	4939	199.527717772119	0.4002
9	23	0.405935589651	1
9	35	0.655240613964	1
9	48	1.038537493436	1
9	66	1.41881267591	1
9	89	1.795413794696	1
9	98	1.995413794696	1
9	103	2.195413794696	1
9	113	2.395413794696	1
9	138	3.468540748444	1
9	149	3.668540748444	1
9	161	3.868540748444	1
9	170	4.068540748444	1
9	178	4.268540748444	1
9	188	4.468540748444	1
9	211	5.021006807974	1
9	221	5.221006807974	1
9	230	5.421006807974	1
9	236	5.621006807974	1
9	242	5.821006807974	1
9	247	6.021006807974	1
9	258	6.221006807974	1
9	267	6.421006807974	1
9	274	6.621006807974	1
9	284	6.821006807974	1
9	300	8.405531082799	1
9	318	9.135235824424	1
9	323	9.335235824424	1
9	344	11.048435780047	1
9	357	11.70898680368	1
9	374	12.374018020816	1
9	395	12.841742940604	1
9	401	13.041742940604	1
9	423	14.17734627502	1
9	429	14.37734627502	1
9	442	14.862371289089	1
9	462	16.518975227851	1
9	475	16.955518081127	1
9	487	17.398444780326	1
9	500	18.065098189836	1
9	527	19.643654772314	1
9	536	19.912350559935	1
9	549	20.458522320797	1
9	566	21.110604951503	1
9	579	21.568265323333	1
9	593	22.526491469566	1
9	609	23.087740413583	1
9	622	23.43244674988	1
9	636	24.228983168161	1
9	662	25.781187306096	1
9	668	26.039873554811	1
9	686	26.935446145612	1
9	700	27.924099311071	1
9	735	30.176844751569	1
9	754	30.790142879636	1
9	775	32.42911107331	1
9	785	32.62911107331	1
9	804	33.377188618984	1
9	810	33.577188618984	1
9	820	33.777188618984	1
9	839	34.591104916081	1
9	845	34.791104916081	1
9	851	34.991104916081	1
9	856	35.191104916081	1
9	874	36.017392947859	1
9	892	37.961732808134	1
9	927	40.130397215345	1
9	937	40.330397215345	1
9	954	40.852423971622	1
9	964	41.052423971622	1
9	976	41.485047230711	1
9	991	42.621748390874	1
9	1009	43.491530093227	1
9	1028	44.793608159652	1
9	1034	44.993608159652	1
9	1047	45.600894073309	1
9	1070	46.078360246571	1
9	1091	46.697778380348	1
9	1096	46.897778380348	1
9	1107	47.097778380348	1
9	1116	47.297778380348	1
9	1123	47.497778380348	1
9	1136	47.697778380348	1
9	1145	48.003421094294	1
9	1161	48.498872898523	1
9	1177	48.8563937498	1
9	1185	49.0563937498	1
9	1190	49.2563937498	1
9	1205	50.514529632493	1
9	1224	51.638381196403	1
9	1253	53.755862078659	1
9	1273	55.33050550159	1
9	1292	55.970544936559	1
9	1301	56.170544936559	1
9	1321	56.913614777696	1
9	1326	57.113614777696	1
9	1336	57.313614777696	1
9	1359	58.527589134818	1
9	1367	58.737083088731	1
9	1372	58.937083088731	1
9	1395	61.143315695115	1
9	1414	61.716205547291	1
9	1431	62.299236968451	1
9	1443	62.499236968451	1
9	1468	62.922897446015	1
9	1473	63.122897446015	1
9	1479	63.322897446015	1
9	1492	63.522897446015	1
9	1511	63.874602222671	1
9	1519	64.074602222671	1
9	1524	64.274602222671	1
9	1530	64.474602222671	1
9	1539	64.674602222671	1
9	1564	64.997828117393	1
9	1583	65.360581215078	1
9	1593	65.560581215078	1
9	1598	65.760581215078	1
9	1609	65.960581215078	1
9	1618	66.160581215078	1
9	1625	66.360581215078	1
9	1631	66.560581215078	1
9	1637	66.760581215078	1
9	1655	67.682199143433	1
9	1674	68.340249804542	1
9	1680	68.580785325673	1
9	1702	69.469165612403	1
9	1707	69.669165612403	1
9	1713	69.869165612403	1
9	1726	70.490104345302	1
9	1750	71.811282769121	1
9	1769	72.167457631141	1
9	1776	72.367457631141	1
9	1782	72.567457631141	1
9	1788	72.767457631141	1
9	1807	73.764113121976	1
9	1817	73.964113121976	1
9	1838	74.783571985003	1
9	1849	75.014448156529	1
9	1862	75.214448156529	1
9	1867	75.414448156529	1
9	1879	75.614448156529	1
9	1885	75.854124857927	1
9	1905	76.573372934867	1
9	1924	77.079554064927	1
9	1933	77.279554064927	1
9	1945	77.479554064927	1
9	1957	77.679554064927	1
9	1965	77.879554064927	1
9	1970	78.079554064927	1
9	1976	78.279554064927	1
9	1989	78.88501249314	1
9	2002	79.60328634108	1
9	2022	80.004622053614	1
9	2037	80.703491735	1
9	2049	80.903491735	1
9	2055	81.185745637734	1
9	2074	82.181265338252	1
9	2088	82.556301575983	1
9	2099	82.756301575983	1
9	2107	82.956301575983	1
9	2112	83.156301575983	1
9	2129	83.826030341371	1
9	2142	84.296204787994	1
9	2165	84.743034921457	1
9	2173	84.943034921457	1
9	2179	85.143034921457	1
9	2184	85.343034921457	1
9	2213	87.051745009717	1
9	2223	87.251745009717	1
9	2236	87.451745009717	1
9	2248	87.670090346758	1
9	2254	87.870090346758	1
9	2271	89.564500769262	1
9	2283	90.089385876906	1
9	2304	90.782748617841	1
9	2317	91.155172290349	1
9	2334	91.617120198489	1
9	2344	91.817120198489	1
9	2362	92.581333779264	1
9	2367	92.781333779264	1
9	2395	95.294798351672	1
9	2419	95.721381897241	1
9	2432	96.113225312009	1
9	2442	96.313225312009	1
9	2462	96.835193149427	1
9	2470	97.035193149427	1
9	2480	97.235193149427	1
9	2497	97.845031951846	1
9	2503	98.045031951846	1
9	2508	98.245031951846	1
9	2527	98.765667438744	1
9	2540	98.965667438744	1
9	2565	100.180998644406	1
9	2573	100.380998644406	1
9	2578	100.580998644406	1
9	2584	100.780998644406	1
9	2593	100.980998644406	1
9	2602	101.331515834032	1
9	2618	101.825070884483	1
9	2640	102.605502425154	1
9	2646	102.805502425154	1
9	2651	103.005502425154	1
9	2669	103.69433643136	1
9	2674	103.89433643136	1
9	2694	105.294447903679	1
9	2713	106.664629435212	1
9	2725	106.864629435212	1
9	2731	107.16066633657	1
9	2759	109.32742152847	1
9	2784	110.67432990171	1
9	2801	111.792877571025	1
9	2810	111.992877571025	1
9	2827	112.515968965231	1
9	2838	112.715968965231	1
9	2846	112.915968965231	1
9	2859	113.115968965231	1
9	2870	113.450883286168	1
9	2876	113.650883286168	1
9	2889	114.236678681595	1
9	2901	114.708364393295	1
9	2921	115.420822311182	1
9	2930	115.627986859308	1
9	2944	116.537380430469	1
9	2964	117.400004405496	1
9	2973	117.648905272535	1
9	2982	118.022588043632	1
9	3002	119.425190806319	1
9	3027	121.271506100842	1
9	3044	121.704142291746	1
9	3060	122.108182891085	1
9	3070	122.308182891085	1
9	3084	123.414889401659	1
9	3112	124.592981499912	1
9	3122	124.792981499912	1
9	3134	125.212798188508	1
9	3156	125.618188082523	1
9	3167	126.013639433631	1
9	3179	126.213639433631	1
9	3184	126.478352392566	1
9	3203	127.400718319952	1
9	3225	128.425899058335	1
9	3231	128.625899058335	1
9	3236	128.825899058335	1
9	3250	129.506409797693	1
9	3267	130.333346209135	1
9	3281	131.23031015497	1
9	3305	132.008806015788	1
9	3311	132.295585345775	1
9	3329	133.214723227174	1
9	3339	133.414723227174	1
9	3351	133.960529425693	1
9	3369	134.762323837926	1
9	3375	134.962323837926	1
9	3391	135.406108865383	1
9	3405	136.269333328086	1
9	3421	137.65116905486	1
9	3437	138.122402380607	1
9	3453	138.57417376327	1
9	3466	138.937705630598	1
9	3492	140.826007092063	1
9	3498	141.026007092063	1
9	3508	141.226007092063	1
9	3530	142.768813522753	1
9	3541	142.996422764471	1
9	3546	143.196422764471	1
9	3565	143.909832004905	1
9	3574	144.109832004905	1
9	3592	144.676311146047	1
9	3598	144.876311146047	1
9	3616	145.554204467017	1
9	3622	145.754204467017	1
9	3645	146.984560908463	1
9	3650	147.184560908463	1
9	3672	147.718502357325	1
9	3678	147.918502357325	1
9	3691	148.532050451474	1
9	3716	150.320772567782	1
9	3734	151.339512247248	1
9	3760	153.458281670576	1
9	3785	154.028066684734	1
9	3796	154.397691408393	1
9	3806	154.597691408393	1
9	3822	155.386662938942	1
9	3827	155.586662938942	1
9	3858	157.41656785305	1
9	3867	157.61656785305	1
9	3880	158.208571958574	1
9	3897	158.877732318205	1
9	3910	159.415308880771	1
9	3930	159.837505324753	1
9	3939	160.037505324753	1
9	3958	160.476796926064	1
9	3968	160.676796926064	1
9	3974	160.876796926064	1
9	3980	161.076796926064	1
9	4007	162.094595602735	1
9	4020	162.49333040599	1
9	4026	162.69333040599	1
9	4032	162.89333040599	1
9	4047	163.388479650024	1
9	4057	163.724405285617	1
9	4070	164.357091378434	1
9	4086	165.206387449574	1
9	4100	165.547341317603	1
9	4113	166.295247619336	1
9	4126	166.895182604442	1
9	4144	167.389862198251	1
9	4152	167.589862198251	1
9	4162	167.9622087652	1
9	4180	169.049792501207	1
9	4199	169.918962504075	1
9	4211	170.118962504075	1
9	4217	170.393532586647	1
9	4236	170.870279292641	1
9	4248	171.070279292641	1
9	4260	171.270279292641	1
9	4266	171.530922691797	1
9	4286	172.146083233752	1
9	4293	172.346083233752	1
9	4302	172.546083233752	1
9	4315	172.913531148328	1
9	4332	174.58952432754	1
9	4351	175.969539776568	1
9	4366	177.025032018682	1
9	4378	177.468046583992	1
9	4408	178.726318145579	1
9	4452	181.221032079752	1
9	4468	181.57742058555	1
9	4489	182.432541061034	1
9	4499	182.632541061034	1
9	4515	183.200369683702	1
9	4530	183.400369683702	1
9	4540	183.600369683702	1
9	4560	184.496810776139	1
9	4570	184.696810776139	1
9	4576	184.896810776139	1
9	4582	185.096810776139	1
9	4591	185.296810776139	1
9	4613	186.764218325499	1
9	4621	186.964218325499	1
9	4632	187.164218325499	1
9	4637	187.364218325499	1
9	4643	187.564218325499	1
9	4652	187.764218325499	1
9	4671	188.11542423188	1
9	4681	188.392393815432	1
9	4705	189.920773729276	1
9	4715	190.120773729276	1
9	4721	190.320773729276	1
9	4727	190.520773729276	1
9	4732	190.720773729276	1
9	4745	191.153085324335	1
9	4763	192.074981211107	1
9	4782	192.55777659987	1
9	4787	192.773414863422	1
9	4805	193.955524912904	1
9	4814	194.279194264898	1
9	4831	194.754684594368	1
9	4851	196.093495685176	1
9	4857	196.293495685176	1
9	4871	197.18072231742	1
9	4884	197.673456142659	1
9	4910	198.515535449916	1
9	4916	198.715535449916	1
9	4926	198.915535449916	1
9	4939	199.527717772119	1

