version 3
run FeedbackVersion-12-20240511-20:48:08-11935
attr configname FeedbackVersion
attr datetime 20240511-20:48:08
attr datetimef 20240511-204808
attr experiment FeedbackVersion
attr inifile omnetpp.ini
attr iterationvars $genInterval=0.7
attr iterationvarsd genInterval=0.7
attr iterationvarsf genInterval=0.7-
attr measurement $genInterval=0.7
attr network NetworkFV
attr processid 11935
attr repetition 0
attr replication #0
attr resultdir results
attr runnumber 12
attr seedset 12
itervar genInterval 0.7
config network NetworkFV
config sim-time-limit 200s
config NetworkFV.nodeTx.gen.generationInterval exponential(0.7)
config NetworkFV.nodeTx.gen.packetByteSize 12500
config NetworkFV.queueOne.bufferSize 200
config NetworkFV.nodeRx.queue.bufferSize 200
config NetworkFV.nodeTx.queue.bufferSize 2000000
config NetworkFV.queueZero.bufferSize 200

vector 0 NetworkFV.nodeRx.queue PacketsLost ETV
vector 1 NetworkFV.nodeRx.queue PacketsAsked ETV
vector 2 NetworkFV.queueOne bufferSize ETV
vector 3 NetworkFV.nodeTx.gen packetGen ETV
vector 4 NetworkFV.nodeTx.queue BufferSize ETV
vector 5 NetworkFV.nodeTx.queue PacketsSent ETV
vector 6 NetworkFV.queueZero bufferSize ETV
vector 7 NetworkFV.nodeRx.queue BufferSize ETV
vector 8 NetworkFV.nodeRx.sink Delay ETV
vector 9 NetworkFV.nodeRx.sink packetUsed ETV
0	1	0	1
0	9	0.2	1
0	13	0.4	1
0	36	1.2004	1
0	40	1.5006	1
0	50	2.101	1
0	51	2.4012	1
0	52	2.7014	1
0	56	3.0016	1
0	79	3.3018	1
0	116	4.5026	1
0	125	4.8028	1
0	154	5.7034	1
0	155	6.0036	1
0	156	6.3038	1
0	157	6.604	1
0	168	6.9042	1
0	180	7.5046	1
0	185	7.8048	1
0	186	8.105	1
0	190	8.4052	1
0	220	9.3058	1
0	221	9.606	1
0	222	9.9062	1
0	223	10.2064	1
0	224	10.5066	1
0	225	10.8068	1
0	236	11.107	1
0	246	11.4072	1
0	247	11.7074	1
0	257	12.0076	1
0	270	12.3078	1
0	287	12.9082	1
0	288	13.2084	1
0	297	13.5086	1
0	321	14.109	1
0	353	15.3098	1
0	354	15.61	1
0	355	15.9102	1
0	356	16.2104	1
0	357	16.5106	1
0	361	16.8108	1
0	375	17.4112	1
0	376	17.7114	1
0	377	18.0116	1
0	378	18.3118	1
0	379	18.612	1
0	386	18.9122	1
0	400	19.2124	1
0	407	19.5126	1
0	417	19.8128	1
0	418	20.113	1
0	419	20.4132	1
0	426	20.7134	1
0	437	21.3138	1
0	438	21.614	1
0	439	21.9142	1
0	440	22.2144	1
0	453	22.5146	1
0	477	23.115	1
0	506	24.0156	1
0	507	24.3158	1
0	508	24.616	1
0	509	24.9162	1
0	510	25.2164	1
0	519	25.5166	1
0	539	25.8168	1
0	551	26.4172	1
0	558	26.7174	1
0	569	27.3178	1
0	573	27.618	1
0	583	28.2184	1
0	584	28.5186	1
0	585	28.8188	1
0	586	29.119	1
0	591	29.4192	1
0	592	29.7194	1
0	602	30.0196	1
0	617	30.3198	1
0	626	30.62	1
0	633	31.2204	1
0	640	31.5206	1
0	659	32.121	1
0	674	33.0216	1
0	684	33.3218	1
0	695	33.9222	1
0	696	34.2224	1
0	697	34.5226	1
0	698	34.8228	1
0	699	35.123	1
0	710	35.4232	1
0	736	35.7234	1
0	765	36.624	1
0	775	37.2244	1
0	782	37.5246	1
0	799	38.125	1
0	829	39.3258	1
0	830	39.626	1
0	837	39.9262	1
0	850	40.5266	1
0	892	41.7274	1
0	916	42.628	1
0	946	43.5286	1
0	947	43.8288	1
0	948	44.129	1
0	955	44.4292	1
0	984	45.63	1
0	985	45.9302	1
0	990	46.2304	1
0	991	46.5306	1
0	992	46.8308	1
0	993	47.131	1
0	1000	47.4312	1
0	1024	48.3318	1
0	1038	48.632	1
0	1039	48.9322	1
0	1040	49.2324	1
0	1041	49.5326	1
0	1042	49.8328	1
0	1043	50.133	1
0	1048	50.4332	1
0	1053	50.7334	1
0	1058	51.0336	1
0	1065	51.3338	1
0	1076	51.9342	1
0	1077	52.2344	1
0	1078	52.5346	1
0	1079	52.8348	1
0	1080	53.135	1
0	1090	53.4352	1
0	1106	53.7354	1
0	1116	54.0356	1
0	1117	54.3358	1
0	1126	54.636	1
0	1137	55.2364	1
0	1138	55.5366	1
0	1145	55.8368	1
0	1210	57.638	1
0	1223	58.2384	1
0	1242	59.139	1
0	1243	59.4392	1
0	1250	59.7394	1
0	1257	60.3398	1
0	1262	60.64	1
0	1263	60.9402	1
0	1264	61.2404	1
0	1265	61.5406	1
0	1266	61.8408	1
0	1267	62.141	1
0	1272	62.4412	1
0	1277	62.7414	1
0	1282	63.0416	1
0	1286	63.3418	1
0	1300	63.9422	1
0	1301	64.2424	1
0	1302	64.5426	1
0	1303	64.8428	1
0	1307	65.143	1
0	1335	66.0436	1
0	1336	66.3438	1
0	1337	66.644	1
0	1338	66.9442	1
0	1339	67.2444	1
0	1340	67.5446	1
0	1348	67.8448	1
0	1362	68.145	1
0	1368	68.4452	1
0	1382	69.0456	1
0	1386	69.3458	1
0	1411	70.2464	1
0	1412	70.5466	1
0	1413	70.8468	1
0	1414	71.147	1
0	1415	71.4472	1
0	1422	71.7474	1
0	1445	72.0476	1
0	1460	72.266981436415	1
0	1465	72.3478	1
0	1491	73.2484	1
0	1492	73.5486	1
0	1493	73.8488	1
0	1494	74.149	1
0	1501	74.4492	1
0	1529	75.3498	1
0	1573	76.5506	1
0	1582	76.8508	1
0	1594	77.4512	1
0	1595	77.7514	1
0	1602	78.0516	1
0	1615	78.652	1
0	1626	79.2524	1
0	1637	79.5526	1
0	1746	82.5546	1
0	1747	82.8548	1
0	1751	83.155	1
0	1767	83.7554	1
0	1807	84.656	1
0	1834	85.8568	1
0	1835	86.157	1
0	1845	86.4572	1
0	1873	87.3578	1
0	1899	88.2584	1
0	1900	88.5586	1
0	1901	88.8588	1
0	1902	89.159	1
0	1909	89.4592	1
0	1919	90.0596	1
0	1936	90.66	1
0	1952	91.2604	1
0	1962	91.8608	1
0	1978	92.4612	1
0	1991	93.0616	1
0	2026	94.2624	1
0	2027	94.5626	1
0	2028	94.8628	1
0	2032	95.163	1
0	2045	95.7634	1
0	2058	96.3638	1
0	2072	96.9642	1
0	2079	97.2644	1
0	2092	97.8648	1
0	2158	99.666	1
0	2165	100.2664	1
0	2166	100.5666	1
0	2167	100.8668	1
0	2174	101.167	1
0	2190	101.7674	1
0	2209	102.0676	1
0	2212	102.3678	1
0	2213	102.668	1
0	2214	102.9682	1
0	2221	103.2684	1
0	2228	103.8688	1
0	2233	104.169	1
0	2234	104.4692	1
0	2235	104.7694	1
0	2239	105.0696	1
0	2250	105.3698	1
0	2253	105.67	1
0	2254	105.9702	1
0	2263	106.2704	1
0	2318	107.7714	1
0	2337	108.672	1
0	2338	108.9722	1
0	2339	109.2724	1
0	2340	109.5726	1
0	2347	109.8728	1
0	2354	110.4732	1
0	2369	110.7734	1
0	2382	111.0736	1
0	2390	111.3738	1
0	2412	112.2744	1
0	2413	112.5746	1
0	2420	112.8748	1
0	2433	113.4752	1
0	2440	114.0756	1
0	2441	114.3758	1
0	2446	114.676	1
0	2447	114.9762	1
0	2448	115.2764	1
0	2455	115.5766	1
0	2471	115.8768	1
0	2497	116.7774	1
0	2511	117.3778	1
0	2518	117.678	1
0	2537	118.5786	1
0	2538	118.8788	1
0	2539	119.179	1
0	2540	119.4792	1
0	2551	119.7794	1
0	2567	120.0796	1
0	2581	120.68	1
0	2618	121.5806	1
0	2647	122.4812	1
0	2664	123.0816	1
0	2665	123.3818	1
0	2666	123.682	1
0	2667	123.9822	1
0	2668	124.2824	1
0	2669	124.5826	1
0	2680	124.8828	1
0	2712	125.7834	1
0	2721	126.0836	1
0	2745	126.9842	1
0	2746	127.2844	1
0	2747	127.5846	1
0	2748	127.8848	1
0	2755	128.185	1
0	2762	128.7854	1
0	2767	129.0856	1
0	2768	129.3858	1
0	2775	129.686	1
0	2782	130.2864	1
0	2783	130.5866	1
0	2784	130.8868	1
0	2795	131.187	1
0	2800	131.4872	1
0	2805	131.7874	1
0	2816	132.0876	1
0	2826	132.3878	1
0	2827	132.688	1
0	2834	132.9882	1
0	2845	133.5886	1
0	2846	133.8888	1
0	2847	134.189	1
0	2851	134.4892	1
0	2879	135.3898	1
0	2913	136.5906	1
0	2914	136.8908	1
0	2925	137.191	1
0	2970	138.692	1
0	2971	138.9922	1
0	2972	139.2924	1
0	2977	139.5926	1
0	2984	139.8928	1
0	3003	140.7934	1
0	3004	141.0936	1
0	3005	141.3938	1
0	3012	141.694	1
0	3026	141.9942	1
0	3030	142.2944	1
0	3041	142.5946	1
0	3050	142.8948	1
0	3064	143.4952	1
0	3097	144.3958	1
0	3134	145.2964	1
0	3149	146.197	1
0	3150	146.4972	1
0	3157	146.7974	1
0	3164	147.3978	1
0	3165	147.698	1
0	3176	147.9982	1
0	3186	148.5986	1
0	3200	149.199	1
0	3201	149.4992	1
0	3202	149.7994	1
0	3203	150.0996	1
0	3210	150.3998	1
0	3244	151.3004	1
0	3270	152.201	1
0	3277	152.5012	1
0	3336	154.3024	1
0	3337	154.6026	1
0	3338	154.9028	1
0	3349	155.203	1
0	3377	156.1036	1
0	3415	157.3044	1
0	3446	158.5052	1
0	3453	158.8054	1
0	3476	159.706	1
0	3483	160.0062	1
0	3490	160.6066	1
0	3494	160.9068	1
0	3507	161.5072	1
0	3578	163.3084	1
0	3592	163.9088	1
0	3593	164.209	1
0	3600	164.5092	1
0	3663	166.3104	1
0	3664	166.6106	1
0	3665	166.9108	1
0	3670	167.211	1
0	3674	167.5112	1
0	3720	168.712	1
0	3731	169.3124	1
0	3732	169.6126	1
0	3733	169.9128	1
0	3737	170.213	1
0	3776	171.4138	1
0	3789	172.0142	1
0	3803	172.6146	1
0	3838	173.5152	1
0	3865	174.4158	1
0	3869	174.716	1
0	3978	177.1176	1
0	4006	178.0182	1
0	4007	178.3184	1
0	4008	178.6186	1
0	4012	178.9188	1
0	4041	179.8194	1
0	4051	180.4198	1
0	4052	180.72	1
0	4053	181.0202	1
0	4054	181.3204	1
0	4055	181.6206	1
0	4060	181.9208	1
0	4064	182.221	1
0	4080	182.8214	1
0	4087	183.4218	1
0	4088	183.722	1
0	4092	184.0222	1
0	4121	184.9228	1
0	4122	185.223	1
0	4123	185.5232	1
0	4124	185.8234	1
0	4131	186.1236	1
0	4138	186.724	1
0	4143	187.0242	1
0	4150	187.3244	1
0	4163	187.6246	1
0	4164	187.9248	1
0	4174	188.225	1
0	4184	188.5252	1
0	4185	188.8254	1
0	4195	189.1256	1
0	4206	189.726	1
0	4207	190.0262	1
0	4208	190.3264	1
0	4209	190.6266	1
0	4213	190.9268	1
0	4238	191.8274	1
0	4245	192.1276	1
0	4274	193.0282	1
0	4283	193.3284	1
0	4330	194.8294	1
0	4331	195.1296	1
0	4338	195.4298	1
0	4357	196.3304	1
0	4364	196.6306	1
0	4371	197.231	1
0	4379	197.5312	1
0	4389	198.1316	1
0	4396	198.4318	1
0	4416	199.0322	1
0	4432	199.6326	1
0	4438	199.9328	1
1	1	0	2
1	27	0.831093549754	2
1	56	3.0016	1
1	70	3.220813832121	1
1	85	3.434730270298	2
1	107	4.032117625234	3
1	145	5.332256524653	5
1	180	7.5046	2
1	211	8.887872439362	2
1	225	10.8068	1
1	238	11.173722096546	1
1	259	12.079844024451	1
1	278	12.509733573313	2
1	304	13.732321366815	4
1	344	14.784452220954	6
1	361	16.8108	3
1	386	18.9122	1
1	392	19.0843019966	1
1	409	19.544113456782	1
1	428	20.884981140058	2
1	460	22.790573425872	3
1	497	23.655123212531	5
1	519	25.5166	2
1	533	25.793976444625	2
1	560	26.8661310797	4
1	586	29.119	2
1	611	30.303801894636	2
1	642	31.665087327582	3
1	686	33.390558918404	4
1	710	35.4232	2
1	727	35.69972458751	2
1	748	36.09972458751	3
1	784	37.651660729551	5
1	855	40.621749982066	7
1	937	43.185361293147	11
1	985	45.9302	5
1	1024	48.3318	1
1	1030	48.436556424037	1
1	1043	50.133	0
1	1048	50.4332	0
1	1053	50.7334	1
1	1067	51.453280092093	2
1	1090	53.4352	1
1	1098	53.554695843836	1
1	1108	53.754695843836	1
1	1128	54.708659923959	2
1	1155	56.219535718755	3
1	1195	57.320231299442	5
1	1257	60.3398	2
1	1267	62.141	0
1	1272	62.4412	0
1	1277	62.7414	1
1	1291	63.573686262818	2
1	1326	65.603314510376	3
1	1340	67.5446	1
1	1356	68.059288359013	1
1	1373	68.693612837997	2
1	1402	69.830034371883	3
1	1422	71.7474	1
1	1432	71.866981436415	1
1	1447	72.066981436415	2
1	1471	72.466981436415	3
1	1503	74.57040311746	5
1	1564	76.200912615242	8
1	1615	78.652	4
1	1661	80.145577080867	4
1	1707	81.198736193865	6
1	1787	84.133178403551	9
1	1890	87.883363712521	14
1	1919	90.0596	7
1	2008	93.602145931851	7
1	2058	96.3638	3
1	2099	97.990059964643	3
1	2131	98.786677068932	5
1	2190	101.7674	2
1	2203	102.013256222036	2
1	2228	103.8688	1
1	2244	105.320707378681	1
1	2265	106.32419472738	2
1	2289	106.905484385065	3
1	2328	108.087088058026	4
1	2354	110.4732	2
1	2376	111.038209517564	2
1	2403	111.845297503885	3
1	2441	114.3758	1
1	2457	115.614524054479	1
1	2473	115.915368482051	2
1	2502	117.051502041055	3
1	2540	119.4792	1
1	2553	119.86613548092	1
1	2569	120.253817304666	2
1	2601	121.264069784222	4
1	2655	122.550369701495	6
1	2669	124.5826	3
1	2703	125.453277613662	3
1	2736	126.556768525729	4
1	2762	128.7854	2
1	2784	130.8868	0
1	2795	131.187	0
1	2800	131.4872	1
1	2818	132.237745692388	1
1	2836	133.139766155047	2
1	2864	134.952300563491	4
1	2904	136.169444381013	6
1	2972	139.2924	3
1	3012	141.694	1
1	3018	141.885816275084	1
1	3035	142.519807485798	1
1	3052	143.041807615191	2
1	3080	143.902383660761	3
1	3117	144.931709661724	5
1	3165	147.698	2
1	3191	148.80684474878	2
1	3227	150.898033242239	3
1	3261	151.818140465321	5
1	3327	153.800550722402	8
1	3415	157.3044	4
1	3458	158.83075045079	4
1	3522	161.751791840287	6
1	3583	163.601465480134	10
1	3665	166.9108	5
1	3722	168.719348475426	5
1	3789	172.0142	2
1	3815	172.821575950027	2
1	3840	173.565536455788	3
1	3877	175.0012176573	5
1	3938	176.086505043784	8
1	4029	179.447758353654	12
1	4055	181.6206	6
1	4092	184.0222	2
1	4112	184.470465712964	2
1	4138	186.724	1
1	4155	187.516195950799	1
1	4176	188.242924132123	1
1	4197	189.230492390601	2
1	4229	191.332294575076	3
1	4265	192.646732433169	5
1	4321	194.508730211289	8
1	4371	197.231	4
1	4423	199.261653315727	4
2	2	0	1
2	29	0.831093549754	1
2	57	3.0016	1
2	72	3.220813832121	1
2	87	3.434730270298	1
2	109	4.032117625234	1
2	147	5.332256524653	1
2	181	7.5046	1
2	213	8.887872439362	1
2	226	10.8068	1
2	240	11.173722096546	1
2	261	12.079844024451	1
2	280	12.509733573313	1
2	306	13.732321366815	1
2	346	14.784452220954	1
2	362	16.8108	1
2	387	18.9122	1
2	394	19.0843019966	1
2	411	19.544113456782	1
2	430	20.884981140058	1
2	462	22.790573425872	1
2	499	23.655123212531	1
2	520	25.5166	1
2	535	25.793976444625	1
2	562	26.8661310797	1
2	587	29.119	1
2	613	30.303801894636	1
2	644	31.665087327582	1
2	688	33.390558918404	1
2	711	35.4232	1
2	729	35.69972458751	1
2	750	36.09972458751	1
2	786	37.651660729551	1
2	857	40.621749982066	1
2	939	43.185361293147	1
2	986	45.9302	1
2	1025	48.3318	1
2	1032	48.436556424037	1
2	1044	50.133	1
2	1049	50.4332	1
2	1054	50.7334	1
2	1069	51.453280092093	1
2	1091	53.4352	1
2	1100	53.554695843836	1
2	1110	53.754695843836	1
2	1130	54.708659923959	1
2	1157	56.219535718755	1
2	1197	57.320231299442	1
2	1258	60.3398	1
2	1268	62.141	1
2	1273	62.4412	1
2	1278	62.7414	1
2	1293	63.573686262818	1
2	1328	65.603314510376	1
2	1341	67.5446	1
2	1358	68.059288359013	1
2	1375	68.693612837997	1
2	1404	69.830034371883	1
2	1423	71.7474	1
2	1434	71.866981436415	1
2	1449	72.066981436415	1
2	1473	72.466981436415	1
2	1505	74.57040311746	1
2	1566	76.200912615242	1
2	1616	78.652	1
2	1663	80.145577080867	1
2	1709	81.198736193865	1
2	1789	84.133178403551	1
2	1892	87.883363712521	1
2	1920	90.0596	1
2	2010	93.602145931851	1
2	2059	96.3638	1
2	2101	97.990059964643	1
2	2133	98.786677068932	1
2	2191	101.7674	1
2	2205	102.013256222036	1
2	2229	103.8688	1
2	2246	105.320707378681	1
2	2267	106.32419472738	1
2	2291	106.905484385065	1
2	2330	108.087088058026	1
2	2355	110.4732	1
2	2378	111.038209517564	1
2	2405	111.845297503885	1
2	2442	114.3758	1
2	2459	115.614524054479	1
2	2475	115.915368482051	1
2	2504	117.051502041055	1
2	2541	119.4792	1
2	2555	119.86613548092	1
2	2571	120.253817304666	1
2	2603	121.264069784222	1
2	2657	122.550369701495	1
2	2670	124.5826	1
2	2705	125.453277613662	1
2	2738	126.556768525729	1
2	2763	128.7854	1
2	2785	130.8868	1
2	2796	131.187	1
2	2801	131.4872	1
2	2820	132.237745692388	1
2	2838	133.139766155047	1
2	2866	134.952300563491	1
2	2906	136.169444381013	1
2	2973	139.2924	1
2	3013	141.694	1
2	3020	141.885816275084	1
2	3037	142.519807485798	1
2	3054	143.041807615191	1
2	3082	143.902383660761	1
2	3119	144.931709661724	1
2	3166	147.698	1
2	3193	148.80684474878	1
2	3229	150.898033242239	1
2	3263	151.818140465321	1
2	3329	153.800550722402	1
2	3416	157.3044	1
2	3460	158.83075045079	1
2	3524	161.751791840287	1
2	3585	163.601465480134	1
2	3666	166.9108	1
2	3724	168.719348475426	1
2	3790	172.0142	1
2	3817	172.821575950027	1
2	3842	173.565536455788	1
2	3879	175.0012176573	1
2	3940	176.086505043784	1
2	4031	179.447758353654	1
2	4056	181.6206	1
2	4093	184.0222	1
2	4114	184.470465712964	1
2	4139	186.724	1
2	4157	187.516195950799	1
2	4178	188.242924132123	1
2	4199	189.230492390601	1
2	4231	191.332294575076	1
2	4267	192.646732433169	1
2	4323	194.508730211289	1
2	4372	197.231	1
2	4425	199.261653315727	1
3	6	0.117199895458	1
3	19	0.530893549754	1
3	37	1.473978900669	1
3	53	2.920613832121	1
3	64	3.134530270298	1
3	67	3.197810240629	1
3	97	3.731917625234	1
3	117	4.632056524653	1
3	120	4.642334079284	1
3	131	4.944397373242	1
3	158	6.701528759736	1
3	161	6.725716806711	1
3	187	8.342548339209	1
3	194	8.587672439362	1
3	197	8.611467322608	1
3	202	8.671757835436	1
3	230	10.873522096546	1
3	248	11.779644024451	1
3	254	11.882952244049	1
3	267	12.209533573313	1
3	274	12.443218355563	1
3	289	13.232121366815	1
3	313	13.884252220954	1
3	358	16.763599619049	1
3	380	18.7841019966	1
3	401	19.243913456782	1
3	420	20.584781140058	1
3	441	22.290373425872	1
3	444	22.291956682386	1
3	449	22.439354546887	1
3	469	22.954923212531	1
3	475	23.067019873484	1
3	493	23.629152110879	1
3	511	25.293776444625	1
3	529	25.758801489837	1
3	552	26.5659310797	1
3	570	27.589048498201	1
3	593	29.803601894636	1
3	599	29.926246815544	1
3	618	30.352476564743	1
3	634	31.364887327582	1
3	651	31.94458890321	1
3	654	31.959309464783	1
3	675	33.090358918404	1
3	681	33.192047062056	1
3	700	35.19952458751	1
3	703	35.286049566807	1
3	715	35.462993770127	1
3	733	35.722634449706	1
3	762	36.572308716305	1
3	776	37.351460729551	1
3	793	37.836586883444	1
3	805	38.282627802587	1
3	812	38.441160301623	1
3	831	39.626774527304	1
3	844	40.321549982066	1
3	851	40.560885924991	1
3	861	40.669969688128	1
3	884	41.594654678438	1
3	887	41.632738179878	1
3	907	42.481664870922	1
3	913	42.607361760606	1
3	924	42.885161293147	1
3	949	44.293286699865	1
3	956	44.578493545393	1
3	962	44.605196532526	1
3	994	47.278745908157	1
3	1001	47.450555575298	1
3	1018	48.136356424037	1
3	1059	51.153080092093	1
3	1081	53.254495843836	1
3	1087	53.387327687329	1
3	1118	54.408459923959	1
3	1121	54.499220197388	1
3	1139	55.719335718755	1
3	1161	56.271269819395	1
3	1173	56.636637966515	1
3	1185	57.020031299442	1
3	1204	57.440184431964	1
3	1217	58.096190803745	1
3	1227	58.454506021876	1
3	1244	59.545050289312	1
3	1283	63.273486262818	1
3	1304	65.103114510376	1
3	1311	65.239953891612	1
3	1320	65.458887048268	1
3	1345	67.759088359013	1
3	1352	68.013008078122	1
3	1365	68.393412837997	1
3	1383	69.329834371883	1
3	1396	69.716051443376	1
3	1416	71.566781436415	1
3	1440	72.002205556605	1
3	1443	72.016756395505	1
3	1462	72.344330316533	1
3	1495	74.27020311746	1
3	1511	74.708710204509	1
3	1524	75.300712615242	1
3	1527	75.325773709263	1
3	1533	75.441451285919	1
3	1537	75.503076928407	1
3	1549	75.717552011514	1
3	1574	76.640651172678	1
3	1596	77.831686116566	1
3	1609	78.539491803322	1
3	1627	79.445377080867	1
3	1630	79.465190311924	1
3	1632	79.475413638097	1
3	1640	79.725256179063	1
3	1657	80.13514006074	1
3	1670	80.309828513834	1
3	1693	80.898536193865	1
3	1698	80.938150248217	1
3	1719	81.424329481769	1
3	1733	81.942857837193	1
3	1748	83.086431751903	1
3	1759	83.463372978766	1
3	1771	83.832978403551	1
3	1776	83.867572438846	1
3	1778	83.902438439938	1
3	1801	84.497142804921	1
3	1819	85.090081972998	1
3	1836	86.229106290534	1
3	1842	86.443756765714	1
3	1846	86.528168997344	1
3	1870	87.356007980889	1
3	1877	87.583163712521	1
3	1903	89.267471912815	1
3	1916	89.985898368341	1
3	1933	90.582223070152	1
3	1946	91.05733146368	1
3	1959	91.765772701834	1
3	1972	92.260214942173	1
3	1985	92.86874613474	1
3	1997	93.301945931851	1
3	2004	93.565537508548	1
3	2029	95.141483190534	1
3	2042	95.664565415012	1
3	2055	96.316153620158	1
3	2073	97.042559377763	1
3	2086	97.689859964643	1
3	2093	97.8757474911	1
3	2111	98.286477068932	1
3	2116	98.330635469677	1
3	2137	98.788446979777	1
3	2152	99.415720186445	1
3	2168	100.951002297244	1
3	2181	101.513056222036	1
3	2187	101.676734431498	1
3	2215	102.995518628899	1
3	2236	105.020507378681	1
3	2255	106.02399472738	1
3	2258	106.077410956877	1
3	2271	106.405284385065	1
3	2297	107.038255684103	1
3	2310	107.586888058026	1
3	2313	107.609040664771	1
3	2341	109.771934062783	1
3	2359	110.538009517564	1
3	2362	110.635007012486	1
3	2385	111.345097503885	1
3	2388	111.35779514603	1
3	2414	112.746509759112	1
3	2427	113.32556431347	1
3	2449	115.314324054479	1
3	2463	115.615168482051	1
3	2481	116.028110819298	1
3	2494	116.751302041055	1
3	2512	117.527276013389	1
3	2519	117.758967559172	1
3	2545	119.56593548092	1
3	2559	119.953617304666	1
3	2578	120.629864898496	1
3	2588	120.963869784222	1
3	2597	121.236500378074	1
3	2608	121.333495032915	1
3	2619	121.602919887359	1
3	2641	122.250169701495	1
3	2648	122.491350564744	1
3	2651	122.543660533749	1
3	2674	124.753077613662	1
3	2688	125.067526359798	1
3	2699	125.43209044588	1
3	2713	125.856568525729	1
3	2749	127.906950797452	1
3	2769	129.537970784843	1
3	2789	130.900341669203	1
3	2792	131.120134812604	1
3	2806	131.937545692388	1
3	2809	132.00450166724	1
3	2811	132.006807033963	1
3	2828	132.839566155047	1
3	2848	134.452100563491	1
3	2873	135.269244381013	1
3	2915	137.036073059519	1
3	2918	137.070194702327	1
3	2920	137.074343523577	1
3	2933	137.342879305875	1
3	2957	138.063748160409	1
3	2978	139.788086394139	1
3	2988	140.128626507497	1
3	3006	141.585616275084	1
3	3027	142.219607485798	1
3	3044	142.741607615191	1
3	3061	143.402183660761	1
3	3068	143.590772247083	1
3	3089	144.231509661724	1
3	3092	144.330519191663	1
3	3103	144.592584710208	1
3	3126	145.146982264793	1
3	3129	145.197686669576	1
3	3151	146.64612331045	1
3	3170	147.775304386368	1
3	3183	148.50664474878	1
3	3204	150.2034502352	1
3	3214	150.597833242239	1
3	3223	150.749389467793	1
3	3236	151.117940465321	1
3	3242	151.283484715554	1
3	3271	152.363642131781	1
3	3281	152.695383698079	1
3	3290	152.908989677859	1
3	3305	153.269897266967	1
3	3314	153.500350722402	1
3	3339	155.015409415644	1
3	3342	155.031731837958	1
3	3347	155.189819917962	1
3	3371	155.971127914715	1
3	3381	156.351248945831	1
3	3390	156.459418919944	1
3	3407	157.190224610122	1
3	3410	157.250384991917	1
3	3431	157.752080929336	1
3	3447	158.53055045079	1
3	3454	158.814900330451	1
3	3477	159.753458239315	1
3	3491	160.80850716327	1
3	3504	161.451591840287	1
3	3511	161.553462106677	1
3	3514	161.591610261176	1
3	3518	161.740594992928	1
3	3534	161.975686508015	1
3	3550	162.336291648314	1
3	3575	163.301265480134	1
3	3594	164.3832787002	1
3	3604	164.758488846654	1
3	3613	164.963429669238	1
3	3622	165.066371710651	1
3	3626	165.147540774739	1
3	3645	165.633078761202	1
3	3671	167.501353813449	1
3	3678	167.618776585233	1
3	3681	167.713359272773	1
3	3685	167.7689302673	1
3	3712	168.419148475426	1
3	3734	170.208034502364	1
3	3741	170.447897947319	1
3	3751	170.579829983746	1
3	3770	171.269271162264	1
3	3783	171.767287274168	1
3	3800	172.521375950027	1
3	3807	172.673343111242	1
3	3810	172.722433194163	1
3	3830	173.265336455788	1
3	3846	173.572770787868	1
3	3866	174.7010176573	1
3	3873	174.986305043784	1
3	3889	175.130213927518	1
3	3894	175.267004107646	1
3	3908	175.530169695637	1
3	3911	175.535794574728	1
3	3915	175.595677323178	1
3	3917	175.603022609754	1
3	3947	176.267742015229	1
3	3972	176.904712505664	1
3	3979	177.187410927135	1
3	3985	177.249316285101	1
3	4009	178.882039640808	1
3	4016	179.147558353654	1
3	4038	179.725963303318	1
3	4061	182.149035225242	1
3	4072	182.522549650547	1
3	4089	183.970265712964	1
3	4100	184.169290889738	1
3	4125	185.876848034519	1
3	4144	187.215995950799	1
3	4151	187.346340857867	1
3	4165	187.942724132123	1
3	4171	188.209409568978	1
3	4186	188.930292390601	1
3	4192	189.124039797189	1
3	4210	190.832094575076	1
3	4225	191.304747736143	1
3	4239	191.946532433169	1
3	4259	192.496129299851	1
3	4275	193.125146925206	1
3	4289	193.489117416193	1
3	4313	194.208530211289	1
3	4332	195.158001326428	1
3	4344	195.613542560733	1
3	4358	196.335994961167	1
3	4376	197.515638877193	1
3	4390	198.269455013161	1
3	4403	198.761453315727	1
3	4409	198.874577544343	1
3	4412	198.874873170034	1
3	4433	199.835778617737	1
3	4436	199.856637011309	1
4	7	0.117199895458	1
4	20	0.530893549754	1
4	38	1.473978900669	1
4	54	2.920613832121	1
4	65	3.134530270298	1
4	68	3.197810240629	1
4	98	3.731917625234	1
4	118	4.632056524653	1
4	121	4.642334079284	1
4	132	4.944397373242	1
4	159	6.701528759736	1
4	162	6.725716806711	1
4	188	8.342548339209	1
4	195	8.587672439362	1
4	198	8.611467322608	1
4	203	8.671757835436	2
4	231	10.873522096546	3
4	249	11.779644024451	3
4	255	11.882952244049	3
4	268	12.209533573313	4
4	275	12.443218355563	4
4	290	13.232121366815	5
4	314	13.884252220954	4
4	359	16.763599619049	1
4	381	18.7841019966	1
4	402	19.243913456782	1
4	421	20.584781140058	1
4	442	22.290373425872	1
4	445	22.291956682386	1
4	450	22.439354546887	1
4	470	22.954923212531	2
4	476	23.067019873484	1
4	494	23.629152110879	1
4	512	25.293776444625	2
4	530	25.758801489837	1
4	553	26.5659310797	1
4	571	27.589048498201	1
4	594	29.803601894636	1
4	600	29.926246815544	1
4	619	30.352476564743	1
4	635	31.364887327582	1
4	652	31.94458890321	1
4	655	31.959309464783	1
4	676	33.090358918404	1
4	682	33.192047062056	1
4	701	35.19952458751	2
4	704	35.286049566807	2
4	716	35.462993770127	1
4	734	35.722634449706	1
4	763	36.572308716305	1
4	777	37.351460729551	1
4	794	37.836586883444	1
4	806	38.282627802587	1
4	813	38.441160301623	1
4	832	39.626774527304	1
4	845	40.321549982066	1
4	852	40.560885924991	1
4	862	40.669969688128	2
4	885	41.594654678438	1
4	888	41.632738179878	1
4	908	42.481664870922	1
4	914	42.607361760606	1
4	925	42.885161293147	1
4	950	44.293286699865	1
4	957	44.578493545393	1
4	963	44.605196532526	1
4	995	47.278745908157	1
4	1002	47.450555575298	1
4	1019	48.136356424037	1
4	1060	51.153080092093	1
4	1082	53.254495843836	1
4	1088	53.387327687329	1
4	1119	54.408459923959	1
4	1122	54.499220197388	1
4	1140	55.719335718755	2
4	1162	56.271269819395	1
4	1174	56.636637966515	1
4	1186	57.020031299442	1
4	1205	57.440184431964	1
4	1218	58.096190803745	1
4	1228	58.454506021876	1
4	1245	59.545050289312	1
4	1284	63.273486262818	1
4	1305	65.103114510376	1
4	1312	65.239953891612	1
4	1321	65.458887048268	1
4	1346	67.759088359013	2
4	1353	68.013008078122	2
4	1366	68.393412837997	3
4	1384	69.329834371883	3
4	1397	69.716051443376	2
4	1417	71.566781436415	3
4	1441	72.002205556605	1
4	1444	72.016756395505	1
4	1463	72.344330316533	1
4	1496	74.27020311746	1
4	1512	74.708710204509	1
4	1525	75.300712615242	1
4	1528	75.325773709263	1
4	1534	75.441451285919	1
4	1538	75.503076928407	1
4	1550	75.717552011514	1
4	1575	76.640651172678	2
4	1597	77.831686116566	1
4	1610	78.539491803322	1
4	1628	79.445377080867	1
4	1631	79.465190311924	1
4	1633	79.475413638097	2
4	1641	79.725256179063	1
4	1658	80.13514006074	1
4	1671	80.309828513834	2
4	1694	80.898536193865	1
4	1699	80.938150248217	1
4	1720	81.424329481769	1
4	1734	81.942857837193	1
4	1749	83.086431751903	1
4	1760	83.463372978766	1
4	1772	83.832978403551	1
4	1777	83.867572438846	1
4	1779	83.902438439938	2
4	1802	84.497142804921	2
4	1820	85.090081972998	1
4	1837	86.229106290534	1
4	1843	86.443756765714	1
4	1847	86.528168997344	1
4	1871	87.356007980889	1
4	1878	87.583163712521	1
4	1904	89.267471912815	1
4	1917	89.985898368341	1
4	1934	90.582223070152	1
4	1947	91.05733146368	1
4	1960	91.765772701834	1
4	1973	92.260214942173	1
4	1986	92.86874613474	1
4	1998	93.301945931851	1
4	2005	93.565537508548	1
4	2030	95.141483190534	1
4	2043	95.664565415012	1
4	2056	96.316153620158	1
4	2074	97.042559377763	1
4	2087	97.689859964643	1
4	2094	97.8757474911	1
4	2112	98.286477068932	1
4	2117	98.330635469677	1
4	2138	98.788446979777	1
4	2153	99.415720186445	1
4	2169	100.951002297244	1
4	2182	101.513056222036	1
4	2188	101.676734431498	1
4	2216	102.995518628899	1
4	2237	105.020507378681	1
4	2256	106.02399472738	1
4	2259	106.077410956877	1
4	2272	106.405284385065	2
4	2298	107.038255684103	1
4	2311	107.586888058026	1
4	2314	107.609040664771	1
4	2342	109.771934062783	1
4	2360	110.538009517564	1
4	2363	110.635007012486	1
4	2386	111.345097503885	1
4	2389	111.35779514603	1
4	2415	112.746509759112	1
4	2428	113.32556431347	1
4	2450	115.314324054479	1
4	2464	115.615168482051	1
4	2482	116.028110819298	1
4	2495	116.751302041055	1
4	2513	117.527276013389	1
4	2520	117.758967559172	1
4	2546	119.56593548092	1
4	2560	119.953617304666	1
4	2579	120.629864898496	1
4	2589	120.963869784222	1
4	2598	121.236500378074	1
4	2609	121.333495032915	2
4	2620	121.602919887359	1
4	2642	122.250169701495	1
4	2649	122.491350564744	1
4	2652	122.543660533749	2
4	2675	124.753077613662	3
4	2689	125.067526359798	1
4	2700	125.43209044588	2
4	2714	125.856568525729	3
4	2750	127.906950797452	1
4	2770	129.537970784843	1
4	2790	130.900341669203	1
4	2793	131.120134812604	2
4	2807	131.937545692388	3
4	2810	132.00450166724	3
4	2812	132.006807033963	4
4	2829	132.839566155047	5
4	2849	134.452100563491	5
4	2874	135.269244381013	4
4	2916	137.036073059519	1
4	2919	137.070194702327	1
4	2921	137.074343523577	2
4	2934	137.342879305875	1
4	2958	138.063748160409	1
4	2979	139.788086394139	1
4	2989	140.128626507497	1
4	3007	141.585616275084	1
4	3028	142.219607485798	1
4	3045	142.741607615191	1
4	3062	143.402183660761	1
4	3069	143.590772247083	1
4	3090	144.231509661724	1
4	3093	144.330519191663	1
4	3104	144.592584710208	1
4	3127	145.146982264793	1
4	3130	145.197686669576	1
4	3152	146.64612331045	1
4	3171	147.775304386368	1
4	3184	148.50664474878	1
4	3205	150.2034502352	1
4	3215	150.597833242239	1
4	3224	150.749389467793	1
4	3237	151.117940465321	2
4	3243	151.283484715554	1
4	3272	152.363642131781	1
4	3282	152.695383698079	1
4	3291	152.908989677859	1
4	3306	153.269897266967	1
4	3315	153.500350722402	1
4	3340	155.015409415644	1
4	3343	155.031731837958	1
4	3348	155.189819917962	1
4	3372	155.971127914715	1
4	3382	156.351248945831	1
4	3391	156.459418919944	1
4	3408	157.190224610122	1
4	3411	157.250384991917	1
4	3432	157.752080929336	1
4	3448	158.53055045079	1
4	3455	158.814900330451	1
4	3478	159.753458239315	1
4	3492	160.80850716327	1
4	3505	161.451591840287	1
4	3512	161.553462106677	1
4	3515	161.591610261176	1
4	3519	161.740594992928	2
4	3535	161.975686508015	3
4	3551	162.336291648314	1
4	3576	163.301265480134	1
4	3595	164.3832787002	1
4	3605	164.758488846654	1
4	3614	164.963429669238	1
4	3623	165.066371710651	1
4	3627	165.147540774739	1
4	3646	165.633078761202	1
4	3672	167.501353813449	1
4	3679	167.618776585233	1
4	3682	167.713359272773	1
4	3686	167.7689302673	1
4	3713	168.419148475426	1
4	3735	170.208034502364	1
4	3742	170.447897947319	1
4	3752	170.579829983746	1
4	3771	171.269271162264	1
4	3784	171.767287274168	1
4	3801	172.521375950027	1
4	3808	172.673343111242	1
4	3811	172.722433194163	1
4	3831	173.265336455788	2
4	3847	173.572770787868	1
4	3867	174.7010176573	1
4	3874	174.986305043784	1
4	3890	175.130213927518	1
4	3895	175.267004107646	1
4	3909	175.530169695637	1
4	3912	175.535794574728	1
4	3916	175.595677323178	2
4	3918	175.603022609754	3
4	3948	176.267742015229	2
4	3973	176.904712505664	1
4	3980	177.187410927135	1
4	3986	177.249316285101	1
4	4010	178.882039640808	1
4	4017	179.147558353654	1
4	4039	179.725963303318	1
4	4062	182.149035225242	1
4	4073	182.522549650547	1
4	4090	183.970265712964	1
4	4101	184.169290889738	1
4	4126	185.876848034519	1
4	4145	187.215995950799	1
4	4152	187.346340857867	1
4	4166	187.942724132123	2
4	4172	188.209409568978	2
4	4187	188.930292390601	3
4	4193	189.124039797189	3
4	4211	190.832094575076	4
4	4226	191.304747736143	3
4	4240	191.946532433169	4
4	4260	192.496129299851	2
4	4276	193.125146925206	3
4	4290	193.489117416193	1
4	4314	194.208530211289	1
4	4333	195.158001326428	1
4	4345	195.613542560733	1
4	4359	196.335994961167	1
4	4377	197.515638877193	1
4	4391	198.269455013161	1
4	4404	198.761453315727	1
4	4410	198.874577544343	1
4	4413	198.874873170034	1
4	4434	199.835778617737	2
4	4437	199.856637011309	2
5	8	0.117199895458	1
5	21	0.530893549754	2
5	39	1.473978900669	3
5	55	2.920613832121	4
5	66	3.134530270298	5
5	76	3.234530270298	6
5	99	3.731917625234	7
5	119	4.632056524653	8
5	122	4.732056524653	9
5	133	4.944397373242	10
5	160	6.701528759736	11
5	163	6.801528759736	12
5	189	8.342548339209	13
5	196	8.587672439362	14
5	232	10.873522096546	15
5	250	11.779644024451	16
5	269	12.209533573313	17
5	291	13.232121366815	18
5	292	13.332121366815	19
5	315	13.884252220954	20
5	316	13.984252220954	21
5	319	14.084252220954	22
5	322	14.184252220954	23
5	360	16.763599619049	24
5	382	18.7841019966	25
5	403	19.243913456782	26
5	422	20.584781140058	27
5	443	22.290373425872	28
5	446	22.390373425872	29
5	471	22.954923212531	30
5	472	23.054923212531	31
5	478	23.154923212531	32
5	513	25.293776444625	33
5	514	25.393776444625	34
5	531	25.758801489837	35
5	554	26.5659310797	36
5	572	27.589048498201	37
5	595	29.803601894636	38
5	601	29.926246815544	39
5	620	30.352476564743	40
5	636	31.364887327582	41
5	653	31.94458890321	42
5	656	32.04458890321	43
5	677	33.090358918404	44
5	702	35.19952458751	45
5	705	35.29952458751	46
5	708	35.39952458751	47
5	717	35.49952458751	48
5	735	35.722634449706	49
5	764	36.572308716305	50
5	778	37.351460729551	51
5	795	37.836586883444	52
5	807	38.282627802587	53
5	814	38.441160301623	54
5	833	39.626774527304	55
5	846	40.321549982066	56
5	863	40.669969688128	57
5	866	40.769969688128	58
5	886	41.594654678438	59
5	889	41.694654678438	60
5	909	42.481664870922	61
5	915	42.607361760606	62
5	926	42.885161293147	63
5	951	44.293286699865	64
5	958	44.578493545393	65
5	964	44.678493545393	66
5	996	47.278745908157	67
5	1003	47.450555575298	68
5	1020	48.136356424037	69
5	1061	51.153080092093	70
5	1083	53.254495843836	71
5	1089	53.387327687329	72
5	1120	54.408459923959	73
5	1141	55.719335718755	74
5	1142	55.819335718755	75
5	1163	56.271269819395	76
5	1175	56.636637966515	77
5	1187	57.020031299442	78
5	1206	57.440184431964	79
5	1219	58.096190803745	80
5	1229	58.454506021876	81
5	1246	59.545050289312	82
5	1285	63.273486262818	83
5	1306	65.103114510376	84
5	1313	65.239953891612	85
5	1347	67.759088359013	86
5	1367	68.393412837997	87
5	1385	69.329834371883	88
5	1387	69.429834371883	89
5	1418	71.566781436415	90
5	1419	71.666781436415	91
5	1427	71.766781436415	92
5	1442	72.002205556605	93
5	1453	72.102205556605	94
5	1464	72.344330316533	95
5	1497	74.27020311746	96
5	1513	74.708710204509	97
5	1526	75.300712615242	98
5	1530	75.400712615242	99
5	1535	75.500712615242	100
5	1539	75.600712615242	101
5	1576	76.640651172678	102
5	1577	76.740651172678	103
5	1598	77.831686116566	104
5	1611	78.539491803322	105
5	1629	79.445377080867	106
5	1634	79.545377080867	107
5	1638	79.645377080867	108
5	1642	79.745377080867	109
5	1672	80.309828513834	110
5	1676	80.409828513834	111
5	1695	80.898536193865	112
5	1700	80.998536193865	113
5	1721	81.424329481769	114
5	1735	81.942857837193	115
5	1750	83.086431751903	116
5	1761	83.463372978766	117
5	1773	83.832978403551	118
5	1780	83.932978403551	119
5	1803	84.497142804921	120
5	1804	84.597142804921	121
5	1821	85.090081972998	122
5	1838	86.229106290534	123
5	1844	86.443756765714	124
5	1851	86.543756765714	125
5	1872	87.356007980889	126
5	1879	87.583163712521	127
5	1905	89.267471912815	128
5	1918	89.985898368341	129
5	1935	90.582223070152	130
5	1948	91.05733146368	131
5	1961	91.765772701834	132
5	1974	92.260214942173	133
5	1987	92.86874613474	134
5	1999	93.301945931851	135
5	2006	93.565537508548	136
5	2031	95.141483190534	137
5	2044	95.664565415012	138
5	2057	96.316153620158	139
5	2075	97.042559377763	140
5	2088	97.689859964643	141
5	2095	97.8757474911	142
5	2113	98.286477068932	143
5	2118	98.386477068932	144
5	2139	98.788446979777	145
5	2154	99.415720186445	146
5	2170	100.951002297244	147
5	2183	101.513056222036	148
5	2189	101.676734431498	149
5	2217	102.995518628899	150
5	2238	105.020507378681	151
5	2257	106.02399472738	152
5	2273	106.405284385065	153
5	2276	106.505284385065	154
5	2299	107.038255684103	155
5	2312	107.586888058026	156
5	2315	107.686888058026	157
5	2343	109.771934062783	158
5	2361	110.538009517564	159
5	2364	110.638009517564	160
5	2387	111.345097503885	161
5	2391	111.445097503885	162
5	2416	112.746509759112	163
5	2429	113.32556431347	164
5	2451	115.314324054479	165
5	2465	115.615168482051	166
5	2483	116.028110819298	167
5	2496	116.751302041055	168
5	2514	117.527276013389	169
5	2521	117.758967559172	170
5	2547	119.56593548092	171
5	2561	119.953617304666	172
5	2580	120.629864898496	173
5	2590	120.963869784222	174
5	2610	121.333495032915	175
5	2613	121.433495032915	176
5	2621	121.602919887359	177
5	2643	122.250169701495	178
5	2676	124.753077613662	179
5	2677	124.853077613662	180
5	2681	124.953077613662	181
5	2715	125.856568525729	182
5	2716	125.956568525729	183
5	2719	126.056568525729	184
5	2751	127.906950797452	185
5	2771	129.537970784843	186
5	2808	131.937545692388	187
5	2830	132.839566155047	188
5	2850	134.452100563491	189
5	2852	134.552100563491	190
5	2875	135.269244381013	191
5	2876	135.369244381013	192
5	2880	135.469244381013	193
5	2882	135.569244381013	194
5	2917	137.036073059519	195
5	2922	137.136073059519	196
5	2926	137.236073059519	197
5	2935	137.342879305875	198
5	2959	138.063748160409	199
5	2980	139.788086394139	200
5	2990	140.128626507497	201
5	3008	141.585616275084	202
5	3029	142.219607485798	203
5	3046	142.741607615191	204
5	3063	143.402183660761	205
5	3070	143.590772247083	206
5	3091	144.231509661724	207
5	3094	144.331509661724	208
5	3105	144.592584710208	209
5	3128	145.146982264793	210
5	3131	145.246982264793	211
5	3153	146.64612331045	212
5	3172	147.775304386368	213
5	3185	148.50664474878	214
5	3206	150.2034502352	215
5	3216	150.597833242239	216
5	3238	151.117940465321	217
5	3239	151.217940465321	218
5	3245	151.317940465321	219
5	3273	152.363642131781	220
5	3283	152.695383698079	221
5	3292	152.908989677859	222
5	3307	153.269897266967	223
5	3316	153.500350722402	224
5	3341	155.015409415644	225
5	3344	155.115409415644	226
5	3350	155.215409415644	227
5	3373	155.971127914715	228
5	3383	156.351248945831	229
5	3392	156.459418919944	230
5	3409	157.190224610122	231
5	3412	157.290224610122	232
5	3433	157.752080929336	233
5	3449	158.53055045079	234
5	3456	158.814900330451	235
5	3479	159.753458239315	236
5	3493	160.80850716327	237
5	3506	161.451591840287	238
5	3513	161.553462106677	239
5	3536	161.975686508015	240
5	3539	162.075686508015	241
5	3543	162.175686508015	242
5	3552	162.336291648314	243
5	3577	163.301265480134	244
5	3596	164.3832787002	245
5	3606	164.758488846654	246
5	3615	164.963429669238	247
5	3624	165.066371710651	248
5	3630	165.166371710651	249
5	3647	165.633078761202	250
5	3673	167.501353813449	251
5	3680	167.618776585233	252
5	3683	167.718776585233	253
5	3691	167.818776585233	254
5	3714	168.419148475426	255
5	3736	170.208034502364	256
5	3743	170.447897947319	257
5	3753	170.579829983746	258
5	3772	171.269271162264	259
5	3785	171.767287274168	260
5	3802	172.521375950027	261
5	3809	172.673343111242	262
5	3832	173.265336455788	263
5	3833	173.365336455788	264
5	3848	173.572770787868	265
5	3868	174.7010176573	266
5	3875	174.986305043784	267
5	3891	175.130213927518	268
5	3896	175.267004107646	269
5	3910	175.530169695637	270
5	3920	175.630169695637	271
5	3925	175.730169695637	272
5	3949	176.267742015229	273
5	3953	176.367742015229	274
5	3974	176.904712505664	275
5	3981	177.187410927135	276
5	3987	177.287410927135	277
5	4011	178.882039640808	278
5	4018	179.147558353654	279
5	4040	179.725963303318	280
5	4063	182.149035225242	281
5	4074	182.522549650547	282
5	4091	183.970265712964	283
5	4102	184.169290889738	284
5	4127	185.876848034519	285
5	4146	187.215995950799	286
5	4167	187.942724132123	287
5	4188	188.930292390601	288
5	4212	190.832094575076	289
5	4214	190.932094575076	290
5	4241	191.946532433169	291
5	4242	192.046532433169	292
5	4246	192.146532433169	293
5	4277	193.125146925206	294
5	4278	193.225146925206	295
5	4281	193.325146925206	296
5	4291	193.489117416193	297
5	4315	194.208530211289	298
5	4334	195.158001326428	299
5	4346	195.613542560733	300
5	4360	196.335994961167	301
5	4378	197.515638877193	302
5	4392	198.269455013161	303
5	4405	198.761453315727	304
5	4411	198.874577544343	305
5	4435	199.835778617737	306
5	4439	199.935778617737	307
6	11	0.217299895458	1
6	24	0.630993549754	1
6	42	1.574078900669	1
6	62	3.020713832121	1
6	77	3.234630270298	1
6	83	3.334630270298	1
6	103	3.832017625234	1
6	123	4.732156524653	1
6	127	4.832156524653	1
6	137	5.044497373242	1
6	164	6.801628759736	1
6	167	6.901628759736	1
6	192	8.442648339209	1
6	205	8.687772439362	1
6	234	10.973622096546	1
6	252	11.879744024451	1
6	272	12.309633573313	1
6	293	13.332221366815	1
6	296	13.432221366815	1
6	317	13.984352220954	1
6	320	14.084352220954	1
6	324	14.184352220954	1
6	328	14.284352220954	2
6	367	16.863699619049	1
6	384	18.8842019966	1
6	405	19.344013456782	1
6	424	20.684881140058	1
6	447	22.390473425872	1
6	452	22.490473425872	1
6	473	23.055023212531	1
6	479	23.155023212531	1
6	482	23.255023212531	1
6	515	25.393876444625	1
6	518	25.493876444625	1
6	541	25.858901489837	1
6	556	26.6660310797	1
6	575	27.689148498201	1
6	597	29.903701894636	1
6	604	30.026346815544	1
6	624	30.452576564743	1
6	638	31.464987327582	1
6	657	32.04468890321	1
6	661	32.14468890321	1
6	679	33.190458918404	1
6	706	35.29962458751	1
6	709	35.39962458751	1
6	719	35.49962458751	1
6	723	35.59962458751	2
6	740	35.822734449706	2
6	767	36.672408716305	1
6	780	37.451560729551	1
6	797	37.936686883444	1
6	809	38.382727802587	1
6	816	38.541260301623	1
6	835	39.726874527304	1
6	848	40.421649982066	1
6	867	40.770069688128	1
6	871	40.870069688128	1
6	890	41.694754678438	1
6	894	41.794754678438	1
6	911	42.581764870922	1
6	918	42.707461760606	1
6	932	42.985261293147	1
6	953	44.393386699865	1
6	965	44.678593545393	1
6	971	44.778593545393	1
6	998	47.378845908157	1
6	1005	47.550655575298	1
6	1022	48.236456424037	1
6	1063	51.253180092093	1
6	1085	53.354595843836	1
6	1096	53.487427687329	1
6	1124	54.508559923959	1
6	1143	55.819435718755	1
6	1147	55.919435718755	1
6	1167	56.371369819395	1
6	1179	56.736737966515	1
6	1192	57.120131299442	1
6	1208	57.540284431964	1
6	1221	58.196290803745	1
6	1234	58.554606021876	1
6	1248	59.645150289312	1
6	1288	63.373586262818	1
6	1309	65.203214510376	1
6	1315	65.340053891612	1
6	1350	67.859188359013	1
6	1370	68.493512837997	1
6	1388	69.429934371883	1
6	1391	69.529934371883	1
6	1420	71.666881436415	1
6	1428	71.766881436415	1
6	1431	71.866881436415	1
6	1454	72.102305556605	1
6	1458	72.202305556605	2
6	1469	72.444430316533	2
6	1499	74.37030311746	1
6	1516	74.808810204509	1
6	1531	75.400812615242	1
6	1536	75.500812615242	1
6	1541	75.600812615242	1
6	1546	75.700812615242	2
6	1578	76.740751172678	1
6	1581	76.840751172678	1
6	1600	77.931786116566	1
6	1613	78.639591803322	1
6	1635	79.545477080867	1
6	1639	79.645477080867	1
6	1644	79.745477080867	1
6	1648	79.845477080867	2
6	1677	80.409928513834	1
6	1683	80.509928513834	1
6	1701	80.998636193865	1
6	1705	81.098636193865	1
6	1725	81.524429481769	1
6	1738	82.042957837193	1
6	1753	83.186531751903	1
6	1765	83.563472978766	1
6	1781	83.933078403551	1
6	1784	84.033078403551	1
6	1805	84.597242804921	1
6	1809	84.697242804921	1
6	1825	85.190181972998	1
6	1840	86.329206290534	1
6	1852	86.543856765714	1
6	1857	86.643856765714	1
6	1875	87.456107980889	1
6	1885	87.683263712521	1
6	1907	89.367571912815	1
6	1925	90.085998368341	1
6	1938	90.682323070152	1
6	1950	91.15743146368	1
6	1964	91.865872701834	1
6	1976	92.360314942173	1
6	1989	92.96884613474	1
6	2002	93.402045931851	1
6	2016	93.665637508548	1
6	2034	95.241583190534	1
6	2047	95.764665415012	1
6	2064	96.416253620158	1
6	2077	97.142659377763	1
6	2090	97.789959964643	1
6	2097	97.9758474911	1
6	2119	98.386577068932	1
6	2123	98.486577068932	1
6	2143	98.888546979777	1
6	2156	99.515820186445	1
6	2172	101.051102297244	1
6	2185	101.613156222036	1
6	2196	101.776834431498	1
6	2219	103.095618628899	1
6	2241	105.120607378681	1
6	2261	106.12409472738	1
6	2277	106.505384385065	1
6	2281	106.605384385065	1
6	2301	107.138355684103	1
6	2316	107.686988058026	1
6	2320	107.786988058026	1
6	2345	109.872034062783	1
6	2365	110.638109517564	1
6	2368	110.738109517564	1
6	2392	111.445197503885	1
6	2395	111.545197503885	1
6	2418	112.846609759112	1
6	2431	113.42566431347	1
6	2453	115.414424054479	1
6	2469	115.715268482051	1
6	2485	116.128210819298	1
6	2499	116.851402041055	1
6	2516	117.627376013389	1
6	2526	117.859067559172	1
6	2549	119.66603548092	1
6	2565	120.053717304666	1
6	2583	120.729964898496	1
6	2595	121.063969784222	1
6	2614	121.433595032915	1
6	2617	121.533595032915	1
6	2626	121.703019887359	1
6	2645	122.350269701495	1
6	2678	124.853177613662	1
6	2682	124.953177613662	1
6	2685	125.053177613662	1
6	2717	125.956668525729	1
6	2720	126.056668525729	1
6	2724	126.156668525729	1
6	2753	128.007050797452	1
6	2773	129.638070784843	1
6	2814	132.037645692388	1
6	2832	132.939666155047	1
6	2853	134.552200563491	1
6	2856	134.652200563491	1
6	2877	135.369344381013	1
6	2881	135.469344381013	1
6	2884	135.569344381013	1
6	2888	135.669344381013	2
6	2923	137.136173059519	1
6	2927	137.236173059519	1
6	2930	137.336173059519	1
6	2939	137.442979305875	2
6	2962	138.163848160409	1
6	2982	139.888186394139	1
6	2995	140.228726507497	1
6	3010	141.685716275084	1
6	3032	142.319707485798	1
6	3048	142.841707615191	1
6	3066	143.502283660761	1
6	3072	143.690872247083	1
6	3095	144.331609661724	1
6	3099	144.431609661724	1
6	3109	144.692684710208	1
6	3132	145.247082264793	1
6	3136	145.347082264793	1
6	3155	146.74622331045	1
6	3174	147.875404386368	1
6	3188	148.60674474878	1
6	3208	150.3035502352	1
6	3220	150.697933242239	1
6	3240	151.218040465321	1
6	3246	151.318040465321	1
6	3249	151.418040465321	1
6	3275	152.463742131781	1
6	3287	152.795483698079	1
6	3297	153.009089677859	1
6	3311	153.369997266967	1
6	3321	153.600450722402	1
6	3345	155.115509415644	1
6	3351	155.215509415644	1
6	3354	155.315509415644	1
6	3375	156.071227914715	1
6	3388	156.451348945831	1
6	3394	156.559518919944	1
6	3413	157.290324610122	1
6	3421	157.390324610122	1
6	3437	157.852180929336	1
6	3451	158.63065045079	1
6	3465	158.915000330451	1
6	3481	159.853558239315	1
6	3496	160.90860716327	1
6	3509	161.551691840287	1
6	3517	161.653562106677	1
6	3540	162.075786508015	1
6	3544	162.175786508015	1
6	3547	162.275786508015	1
6	3557	162.436391648314	2
6	3580	163.401365480134	1
6	3598	164.4833787002	1
6	3611	164.858588846654	1
6	3620	165.063529669238	1
6	3631	165.166471710651	1
6	3636	165.266471710651	1
6	3653	165.733178761202	1
6	3676	167.601453813449	1
6	3684	167.718876585233	1
6	3692	167.818876585233	1
6	3696	167.918876585233	2
6	3718	168.519248475426	1
6	3739	170.308134502364	1
6	3749	170.547997947319	1
6	3757	170.679929983746	1
6	3774	171.369371162264	1
6	3787	171.867387274168	1
6	3805	172.621475950027	1
6	3813	172.773443111242	1
6	3834	173.365436455788	1
6	3837	173.465436455788	1
6	3852	173.672870787868	1
6	3871	174.8011176573	1
6	3885	175.086405043784	1
6	3893	175.230313927518	1
6	3902	175.367104107646	1
6	3921	175.630269695637	1
6	3926	175.730269695637	1
6	3930	175.830269695637	2
6	3954	176.367842015229	1
6	3959	176.467842015229	1
6	3976	177.004812505664	1
6	3988	177.287510927135	1
6	3993	177.387510927135	1
6	4014	178.982139640808	1
6	4024	179.247658353654	1
6	4043	179.826063303318	1
6	4066	182.249135225242	1
6	4078	182.622649650547	1
6	4098	184.070365712964	1
6	4104	184.269390889738	1
6	4129	185.976948034519	1
6	4148	187.316095950799	1
6	4169	188.042824132123	1
6	4190	189.030392390601	1
6	4215	190.932194575076	1
6	4218	191.032194575076	1
6	4243	192.046632433169	1
6	4247	192.146632433169	1
6	4250	192.246632433169	1
6	4279	193.225246925206	1
6	4282	193.325246925206	1
6	4286	193.425246925206	1
6	4295	193.589217416193	2
6	4318	194.308630211289	1
6	4336	195.258101326428	1
6	4348	195.713642560733	1
6	4362	196.436094961167	1
6	4381	197.615738877193	1
6	4394	198.369555013161	1
6	4407	198.861553315727	1
6	4415	198.974677544343	1
6	4440	199.935878617737	1
7	15	0.417399895458	1
7	27	0.831093549754	1
7	45	1.774178900669	1
7	70	3.220813832121	1
7	85	3.434730270298	1
7	95	3.634730270298	1
7	107	4.032117625234	1
7	129	4.932256524653	1
7	140	5.132256524653	1
7	145	5.332256524653	1
7	170	7.001728759736	1
7	175	7.201728759736	1
7	200	8.642748339209	1
7	211	8.887872439362	1
7	238	11.173722096546	1
7	259	12.079844024451	1
7	278	12.509733573313	1
7	299	13.532321366815	1
7	304	13.732321366815	1
7	325	14.184452220954	1
7	332	14.384452220954	1
7	338	14.584452220954	1
7	344	14.784452220954	1
7	370	17.063799619049	1
7	392	19.0843019966	1
7	409	19.544113456782	1
7	428	20.884981140058	1
7	455	22.590573425872	1
7	460	22.790573425872	1
7	483	23.255123212531	1
7	489	23.455123212531	1
7	497	23.655123212531	1
7	525	25.593976444625	1
7	533	25.793976444625	1
7	546	26.059001489837	1
7	560	26.8661310797	1
7	578	27.889248498201	1
7	606	30.103801894636	1
7	611	30.303801894636	1
7	628	30.652676564743	1
7	642	31.665087327582	1
7	663	32.24478890321	1
7	669	32.44478890321	1
7	686	33.390558918404	1
7	720	35.49972458751	1
7	727	35.69972458751	1
7	742	35.89972458751	1
7	748	36.09972458751	1
7	757	36.29972458751	1
7	770	36.872508716305	1
7	784	37.651660729551	1
7	801	38.136786883444	1
7	818	38.582827802587	1
7	824	38.782827802587	1
7	839	39.926974527304	1
7	855	40.621749982066	1
7	873	40.970169688128	1
7	879	41.170169688128	1
7	896	41.894854678438	1
7	902	42.094854678438	1
7	920	42.781864870922	1
7	929	42.981864870922	1
7	937	43.185361293147	1
7	960	44.593486699865	1
7	973	44.878693545393	1
7	979	45.078693545393	1
7	1007	47.578945908157	1
7	1013	47.778945908157	1
7	1030	48.436556424037	1
7	1067	51.453280092093	1
7	1098	53.554695843836	1
7	1108	53.754695843836	1
7	1128	54.708659923959	1
7	1149	56.019535718755	1
7	1155	56.219535718755	1
7	1171	56.571469819395	1
7	1183	56.936837966515	1
7	1195	57.320231299442	1
7	1212	57.740384431964	1
7	1225	58.396390803745	1
7	1237	58.754706021876	1
7	1252	59.845250289312	1
7	1291	63.573686262818	1
7	1317	65.403314510376	1
7	1326	65.603314510376	1
7	1356	68.059288359013	1
7	1373	68.693612837997	1
7	1393	69.630034371883	1
7	1402	69.830034371883	1
7	1432	71.866981436415	1
7	1447	72.066981436415	1
7	1460	72.266981436415	1
7	1471	72.466981436415	1
7	1481	72.666981436415	1
7	1486	72.866981436415	1
7	1503	74.57040311746	1
7	1519	75.008910204509	1
7	1542	75.600912615242	1
7	1553	75.800912615242	1
7	1559	76.000912615242	1
7	1564	76.200912615242	1
7	1584	76.940851172678	1
7	1589	77.140851172678	1
7	1604	78.131886116566	1
7	1621	78.839691803322	1
7	1645	79.745577080867	1
7	1653	79.945577080867	1
7	1661	80.145577080867	1
7	1674	80.345577080867	1
7	1685	80.610028513834	1
7	1691	80.810028513834	1
7	1707	81.198736193865	1
7	1717	81.398736193865	1
7	1729	81.724529481769	1
7	1741	82.243057837193	1
7	1756	83.386631751903	1
7	1769	83.763572978766	1
7	1787	84.133178403551	1
7	1796	84.333178403551	1
7	1811	84.797342804921	1
7	1817	84.997342804921	1
7	1829	85.390281972998	1
7	1849	86.529306290534	1
7	1859	86.743956765714	1
7	1865	86.943956765714	1
7	1881	87.656207980889	1
7	1890	87.883363712521	1
7	1911	89.567671912815	1
7	1928	90.286098368341	1
7	1941	90.882423070152	1
7	1954	91.35753146368	1
7	1967	92.065972701834	1
7	1980	92.560414942173	1
7	1993	93.16894613474	1
7	2008	93.602145931851	1
7	2021	93.865737508548	1
7	2037	95.441683190534	1
7	2050	95.964765415012	1
7	2067	96.616353620158	1
7	2081	97.342759377763	1
7	2099	97.990059964643	1
7	2109	98.190059964643	1
7	2125	98.586677068932	1
7	2131	98.786677068932	1
7	2147	99.088646979777	1
7	2160	99.715920186445	1
7	2176	101.251202297244	1
7	2198	101.813256222036	1
7	2203	102.013256222036	1
7	2223	103.295718628899	1
7	2244	105.320707378681	1
7	2265	106.32419472738	1
7	2283	106.705484385065	1
7	2289	106.905484385065	1
7	2305	107.338455684103	1
7	2322	107.887088058026	1
7	2328	108.087088058026	1
7	2349	110.072134062783	1
7	2371	110.838209517564	1
7	2376	111.038209517564	1
7	2397	111.645297503885	1
7	2403	111.845297503885	1
7	2422	113.046709759112	1
7	2435	113.62576431347	1
7	2457	115.614524054479	1
7	2473	115.915368482051	1
7	2489	116.328310819298	1
7	2502	117.051502041055	1
7	2523	117.827476013389	1
7	2532	118.059167559172	1
7	2553	119.86613548092	1
7	2569	120.253817304666	1
7	2586	120.930064898496	1
7	2601	121.264069784222	1
7	2623	121.633695032915	1
7	2630	121.833695032915	1
7	2636	122.033695032915	1
7	2655	122.550369701495	1
7	2686	125.053277613662	1
7	2695	125.253277613662	1
7	2703	125.453277613662	1
7	2725	126.156768525729	1
7	2730	126.356768525729	1
7	2736	126.556768525729	1
7	2757	128.207150797452	1
7	2777	129.838170784843	1
7	2818	132.237745692388	1
7	2836	133.139766155047	1
7	2858	134.752300563491	1
7	2864	134.952300563491	1
7	2885	135.569444381013	1
7	2893	135.769444381013	1
7	2898	135.969444381013	1
7	2904	136.169444381013	1
7	2931	137.336273059519	1
7	2942	137.536273059519	1
7	2947	137.736273059519	1
7	2953	137.936273059519	1
7	2965	138.363948160409	1
7	2986	140.088286394139	1
7	2998	140.428826507497	1
7	3018	141.885816275084	1
7	3035	142.519807485798	1
7	3052	143.041807615191	1
7	3074	143.702383660761	1
7	3080	143.902383660761	1
7	3101	144.531709661724	1
7	3112	144.731709661724	1
7	3117	144.931709661724	1
7	3138	145.447182264793	1
7	3144	145.647182264793	1
7	3159	146.94632331045	1
7	3178	148.075504386368	1
7	3191	148.80684474878	1
7	3212	150.5036502352	1
7	3227	150.898033242239	1
7	3250	151.418140465321	1
7	3256	151.618140465321	1
7	3261	151.818140465321	1
7	3279	152.663842131781	1
7	3294	152.995583698079	1
7	3303	153.209189677859	1
7	3318	153.570097266967	1
7	3327	153.800550722402	1
7	3355	155.315609415644	1
7	3361	155.515609415644	1
7	3366	155.715609415644	1
7	3379	156.271327914715	1
7	3396	156.651448945831	1
7	3402	156.851448945831	1
7	3423	157.490424610122	1
7	3429	157.690424610122	1
7	3441	158.052280929336	1
7	3458	158.83075045079	1
7	3471	159.115100330451	1
7	3485	160.053658239315	1
7	3499	161.10870716327	1
7	3522	161.751791840287	1
7	3532	161.951791840287	1
7	3548	162.275886508015	1
7	3559	162.475886508015	1
7	3564	162.675886508015	1
7	3570	162.875886508015	1
7	3583	163.601465480134	1
7	3602	164.6834787002	1
7	3617	165.058688846654	1
7	3633	165.263629669238	1
7	3641	165.463629669238	1
7	3649	165.663629669238	1
7	3658	165.933278761202	1
7	3688	167.801553813449	1
7	3698	168.001553813449	1
7	3704	168.201553813449	1
7	3709	168.401553813449	1
7	3722	168.719348475426	1
7	3745	170.508234502364	1
7	3759	170.748097947319	1
7	3765	170.948097947319	1
7	3778	171.569471162264	1
7	3795	172.067487274168	1
7	3815	172.821575950027	1
7	3825	173.021575950027	1
7	3840	173.565536455788	1
7	3854	173.765536455788	1
7	3860	173.965536455788	1
7	3877	175.0012176573	1
7	3898	175.286505043784	1
7	3906	175.486505043784	1
7	3923	175.686505043784	1
7	3932	175.886505043784	1
7	3938	176.086505043784	1
7	3951	176.286505043784	1
7	3962	176.567942015229	1
7	3967	176.767942015229	1
7	3983	177.204912505664	1
7	3996	177.487610927135	1
7	4001	177.687610927135	1
7	4020	179.182239640808	1
7	4029	179.447758353654	1
7	4046	180.026163303318	1
7	4069	182.449235225242	1
7	4082	182.822749650547	1
7	4106	184.270465712964	1
7	4112	184.470465712964	1
7	4133	186.177048034519	1
7	4155	187.516195950799	1
7	4176	188.242924132123	1
7	4197	189.230492390601	1
7	4220	191.132294575076	1
7	4229	191.332294575076	1
7	4251	192.246732433169	1
7	4257	192.446732433169	1
7	4265	192.646732433169	1
7	4287	193.425346925206	1
7	4297	193.625346925206	1
7	4303	193.825346925206	1
7	4309	194.025346925206	1
7	4321	194.508730211289	1
7	4340	195.458201326428	1
7	4352	195.913742560733	1
7	4366	196.636194961167	1
7	4384	197.815838877193	1
7	4398	198.569655013161	1
7	4418	199.061653315727	1
7	4423	199.261653315727	1
8	17	0.517399895458	0.4002
8	34	0.931093549754	0.4002
8	48	1.874178900669	0.4002
8	80	3.320813832121	0.4002
8	91	3.534730270298	0.4002
8	100	3.734730270298	0.536920029669
8	113	4.132117625234	0.4002
8	134	5.032256524653	0.4002
8	142	5.232256524653	0.589922445369
8	152	5.432256524653	0.487859151411
8	172	7.101728759736	0.4002
8	178	7.301728759736	0.576011953025
8	208	8.742748339209	0.4002
8	217	8.987872439362	0.4002
8	244	11.273722096546	2.662254773938
8	265	12.179844024451	3.508086189015
8	285	12.609733573313	1.736211476767
8	301	13.632321366815	1.852677342364
8	311	13.832321366815	1.949369122766
8	329	14.284452220954	2.074918647641
8	335	14.484452220954	2.041233865391
8	340	14.684452220954	1.452330854139
8	350	14.884452220954	1.0002
8	373	17.163799619049	0.4002
8	398	19.1843019966	0.4002
8	415	19.644113456782	0.4002
8	434	20.984981140058	0.4002
8	457	22.690573425872	0.4002
8	467	22.890573425872	0.598616743486
8	485	23.355123212531	0.915768665644
8	491	23.555123212531	0.6002
8	504	23.755123212531	0.688103339047
8	527	25.693976444625	2.064824333746
8	543	25.893976444625	0.6002
8	549	26.159001489837	0.4002
8	566	26.9661310797	0.4002
8	581	27.989248498201	0.4002
8	608	30.203801894636	0.4002
8	621	30.403801894636	0.477555079092
8	630	30.752676564743	0.4002
8	648	31.765087327582	0.4002
8	665	32.34478890321	0.4002
8	671	32.54478890321	0.585479438427
8	692	33.490558918404	0.4002
8	724	35.59972458751	2.407677525454
8	737	35.79972458751	0.6002
8	744	35.99972458751	0.713675020703
8	754	36.19972458751	0.736730817383
8	760	36.39972458751	0.677090137804
8	773	36.972508716305	0.4002
8	790	37.751660729551	0.4002
8	803	38.236786883444	0.4002
8	820	38.682827802587	0.4002
8	826	38.882827802587	0.441667500964
8	841	40.026974527304	0.4002
8	864	40.721749982066	0.4002
8	875	41.070169688128	0.509283763137
8	881	41.270169688128	0.6002
8	898	41.994854678438	0.4002
8	904	42.194854678438	0.56211649856
8	922	42.881864870922	0.4002
8	934	43.081864870922	0.474503110316
8	944	43.285361293147	0.4002
8	967	44.693486699865	0.4002
8	975	44.978693545393	0.4002
8	981	45.178693545393	0.573497012867
8	1009	47.678945908157	0.4002
8	1015	47.878945908157	0.428390332859
8	1036	48.536556424037	0.4002
8	1073	51.553280092093	0.4002
8	1104	53.654695843836	0.4002
8	1114	53.854695843836	0.467368156507
8	1134	54.808659923959	0.4002
8	1151	56.119535718755	1.620315521367
8	1164	56.319535718755	0.6002
8	1176	56.671469819395	0.4002
8	1188	57.036837966515	0.4002
8	1202	57.420231299442	0.4002
8	1214	57.840384431964	0.4002
8	1230	58.496390803745	0.4002
8	1240	58.854706021876	0.4002
8	1254	59.945250289312	0.4002
8	1298	63.673686262818	0.4002
8	1323	65.503314510376	0.4002
8	1332	65.703314510376	0.463360618764
8	1363	68.159288359013	2.700401310745
8	1380	68.793612837997	1.034524478984
8	1399	69.730034371883	1.717026293761
8	1408	69.930034371883	1.536621533886
8	1438	71.966981436415	2.637147064532
8	1455	72.166981436415	2.450929993039
8	1466	72.366981436415	0.8002
8	1477	72.566981436415	0.56477587981
8	1483	72.766981436415	0.75022504091
8	1489	72.966981436415	0.622651119882
8	1509	74.67040311746	0.4002
8	1522	75.108910204509	0.4002
8	1547	75.700912615242	0.4002
8	1555	75.900912615242	0.575138905979
8	1561	76.100912615242	0.659461329323
8	1571	76.300912615242	0.797835686835
8	1586	77.040851172678	1.323299161164
8	1592	77.240851172678	0.6002
8	1606	78.231886116566	0.4002
8	1623	78.939691803322	0.4002
8	1649	79.845577080867	0.4002
8	1655	80.045577080867	0.580386768943
8	1668	80.245577080867	0.77016344277
8	1679	80.445577080867	0.720320901804
8	1687	80.710028513834	0.574888453094
8	1696	80.910028513834	0.6002
8	1713	81.298736193865	0.4002
8	1722	81.498736193865	0.560585945648
8	1731	81.824529481769	0.4002
8	1744	82.343057837193	0.4002
8	1762	83.486631751903	0.4002
8	1774	83.863572978766	0.4002
8	1793	84.233178403551	0.4002
8	1799	84.433178403551	0.565605964705
8	1813	84.897342804921	0.994904364983
8	1822	85.097342804921	0.6002
8	1831	85.490281972998	0.4002
8	1854	86.629306290534	0.4002
8	1862	86.843956765714	0.4002
8	1867	87.043956765714	0.51578776837
8	1887	87.756207980889	0.4002
8	1897	87.983363712521	0.4002
8	1913	89.667671912815	0.4002
8	1931	90.386098368341	0.4002
8	1944	90.982423070152	0.4002
8	1956	91.45753146368	0.4002
8	1970	92.165972701834	0.4002
8	1982	92.660414942173	0.4002
8	1995	93.26894613474	0.4002
8	2018	93.702145931851	0.4002
8	2024	93.965737508548	0.4002
8	2040	95.541683190534	0.4002
8	2053	96.064765415012	0.4002
8	2070	96.716353620158	0.4002
8	2083	97.442759377763	0.4002
8	2105	98.090059964643	0.4002
8	2114	98.290059964643	0.414312473543
8	2127	98.686677068932	0.4002
8	2140	98.886677068932	0.556041599255
8	2149	99.188646979777	0.4002
8	2162	99.815920186445	0.4002
8	2178	101.351202297244	0.4002
8	2200	101.913256222036	0.4002
8	2210	102.113256222036	0.436521790538
8	2225	103.395718628899	0.4002
8	2251	105.420707378681	0.4002
8	2274	106.42419472738	0.4002
8	2285	106.805484385065	0.728073428188
8	2295	107.005484385065	0.6002
8	2307	107.438455684103	0.4002
8	2324	107.987088058026	0.4002
8	2334	108.187088058026	0.578047393255
8	2351	110.172134062783	0.4002
8	2373	110.938209517564	0.4002
8	2383	111.138209517564	0.503202505078
8	2400	111.745297503885	0.4002
8	2409	111.945297503885	0.587502357855
8	2424	113.146709759112	0.4002
8	2437	113.72576431347	0.4002
8	2466	115.714524054479	0.4002
8	2479	116.015368482051	0.4002
8	2491	116.428310819298	0.4002
8	2509	117.151502041055	0.4002
8	2528	117.927476013389	0.4002
8	2534	118.159167559172	0.4002
8	2562	119.96613548092	0.4002
8	2575	120.353817304666	0.4002
8	2592	121.030064898496	0.4002
8	2611	121.364069784222	0.4002
8	2627	121.733695032915	0.497194654841
8	2633	121.933695032915	0.6002
8	2638	122.133695032915	0.530775145556
8	2661	122.650369701495	0.4002
8	2691	125.153277613662	2.661927048918
8	2697	125.353277613662	2.809617079913
8	2710	125.553277613662	0.8002
8	2727	126.256768525729	1.189242165931
8	2733	126.456768525729	1.024678079849
8	2742	126.656768525729	0.8002
8	2759	128.307150797452	0.4002
8	2779	129.938170784843	0.4002
8	2824	132.337745692388	1.437404023185
8	2842	133.239766155047	2.119631342443
8	2861	134.852300563491	2.914754871103
8	2870	135.052300563491	3.047798896251
8	2889	135.669444381013	3.66263734705
8	2895	135.869444381013	3.029878225966
8	2901	136.069444381013	1.617343817522
8	2910	136.269444381013	1.0002
8	2936	137.436273059519	0.4002
8	2944	137.636273059519	0.566078357192
8	2950	137.836273059519	0.761929535942
8	2955	138.036273059519	0.693393753644
8	2968	138.463948160409	0.4002
8	2991	140.188286394139	0.4002
8	3001	140.528826507497	0.4002
8	3024	141.985816275084	0.4002
8	3042	142.619807485798	0.4002
8	3058	143.141807615191	0.4002
8	3077	143.802383660761	0.4002
8	3086	144.002383660761	0.411611413678
8	3106	144.631709661724	0.4002
8	3114	144.831709661724	0.501190470061
8	3124	145.031709661724	0.439124951516
8	3140	145.547182264793	0.4002
8	3146	145.747182264793	0.549495595217
8	3161	147.04632331045	0.4002
8	3180	148.175504386368	0.4002
8	3198	148.90684474878	0.4002
8	3217	150.6036502352	0.4002
8	3233	150.998033242239	0.4002
8	3252	151.518140465321	0.768750997528
8	3258	151.718140465321	0.6002
8	3268	151.918140465321	0.634655749767
8	3284	152.763842131781	0.4002
8	3299	153.095583698079	0.4002
8	3308	153.309189677859	0.4002
8	3323	153.670097266967	0.4002
8	3333	153.900550722402	0.4002
8	3357	155.415609415644	0.4002
8	3363	155.615609415644	0.583877577686
8	3369	155.815609415644	0.625789497682
8	3384	156.371327914715	0.4002
8	3399	156.751448945831	0.4002
8	3404	156.951448945831	0.492030025887
8	3425	157.590424610122	0.4002
8	3434	157.790424610122	0.540039618205
8	3443	158.152280929336	0.4002
8	3467	158.93075045079	0.4002
8	3473	159.215100330451	0.4002
8	3487	160.153658239315	0.4002
8	3502	161.20870716327	0.4002
8	3529	161.851791840287	0.4002
8	3537	162.051791840287	0.49832973361
8	3553	162.375886508015	0.784276246839
8	3561	162.575886508015	0.835291515087
8	3567	162.775886508015	0.8002
8	3572	162.975886508015	0.639594859701
8	3590	163.701465480134	0.4002
8	3607	164.7834787002	0.4002
8	3628	165.158688846654	0.4002
8	3637	165.363629669238	0.4002
8	3643	165.563629669238	0.497257958587
8	3655	165.763629669238	0.616088894499
8	3661	166.033278761202	0.4002
8	3693	167.901553813449	0.4002
8	3700	168.101553813449	0.482777228216
8	3706	168.301553813449	0.588194540676
8	3715	168.501553813449	0.732623546149
8	3728	168.819348475426	0.4002
8	3754	170.608234502364	0.4002
8	3762	170.848097947319	0.4002
8	3767	171.048097947319	0.468267963573
8	3780	171.669471162264	0.4002
8	3797	172.167487274168	0.4002
8	3822	172.921575950027	0.4002
8	3827	173.121575950027	0.448232838785
8	3849	173.665536455788	0.943103261625
8	3857	173.865536455788	0.6002
8	3862	174.065536455788	0.49276566792
8	3887	175.1012176573	0.4002
8	3903	175.386505043784	0.4002
8	3913	175.586505043784	0.456291116266
8	3927	175.786505043784	0.519500936138
8	3935	175.986505043784	0.456335348147
8	3944	176.186505043784	0.650710469056
8	3956	176.386505043784	0.790827720606
8	3964	176.667942015229	1.064919405475
8	3970	176.867942015229	0.6002
8	3990	177.304912505664	0.4002
8	3998	177.587610927135	0.4002
8	4004	177.787610927135	0.538294642034
8	4026	179.282239640808	0.4002
8	4036	179.547758353654	0.4002
8	4049	180.126163303318	0.4002
8	4075	182.549235225242	0.4002
8	4084	182.922749650547	0.4002
8	4109	184.370465712964	0.4002
8	4118	184.570465712964	0.401174823226
8	4135	186.277048034519	0.4002
8	4161	187.616195950799	0.4002
8	4182	188.342924132123	0.996583274256
8	4203	189.330492390601	1.387768258478
8	4223	191.232294575076	3.022885006098
8	4235	191.432294575076	2.502002184475
8	4253	192.346732433169	3.22269263598
8	4262	192.546732433169	1.714637858093
8	4272	192.746732433169	1.441984697026
8	4292	193.525346925206	1.578814492037
8	4300	193.725346925206	1.229217625355
8	4305	193.925346925206	0.8002
8	4311	194.125346925206	0.636229509013
8	4328	194.608730211289	0.4002
8	4342	195.558201326428	0.4002
8	4354	196.013742560733	0.4002
8	4368	196.736194961167	0.4002
8	4387	197.915838877193	0.4002
8	4400	198.669655013161	0.4002
8	4420	199.161653315727	0.4002
8	4430	199.361653315727	0.487075771384
9	17	0.517399895458	1
9	34	0.931093549754	1
9	48	1.874178900669	1
9	80	3.320813832121	1
9	91	3.534730270298	1
9	100	3.734730270298	1
9	113	4.132117625234	1
9	134	5.032256524653	1
9	142	5.232256524653	1
9	152	5.432256524653	1
9	172	7.101728759736	1
9	178	7.301728759736	1
9	208	8.742748339209	1
9	217	8.987872439362	1
9	244	11.273722096546	1
9	265	12.179844024451	1
9	285	12.609733573313	1
9	301	13.632321366815	1
9	311	13.832321366815	1
9	329	14.284452220954	1
9	335	14.484452220954	1
9	340	14.684452220954	1
9	350	14.884452220954	1
9	373	17.163799619049	1
9	398	19.1843019966	1
9	415	19.644113456782	1
9	434	20.984981140058	1
9	457	22.690573425872	1
9	467	22.890573425872	1
9	485	23.355123212531	1
9	491	23.555123212531	1
9	504	23.755123212531	1
9	527	25.693976444625	1
9	543	25.893976444625	1
9	549	26.159001489837	1
9	566	26.9661310797	1
9	581	27.989248498201	1
9	608	30.203801894636	1
9	621	30.403801894636	1
9	630	30.752676564743	1
9	648	31.765087327582	1
9	665	32.34478890321	1
9	671	32.54478890321	1
9	692	33.490558918404	1
9	724	35.59972458751	1
9	737	35.79972458751	1
9	744	35.99972458751	1
9	754	36.19972458751	1
9	760	36.39972458751	1
9	773	36.972508716305	1
9	790	37.751660729551	1
9	803	38.236786883444	1
9	820	38.682827802587	1
9	826	38.882827802587	1
9	841	40.026974527304	1
9	864	40.721749982066	1
9	875	41.070169688128	1
9	881	41.270169688128	1
9	898	41.994854678438	1
9	904	42.194854678438	1
9	922	42.881864870922	1
9	934	43.081864870922	1
9	944	43.285361293147	1
9	967	44.693486699865	1
9	975	44.978693545393	1
9	981	45.178693545393	1
9	1009	47.678945908157	1
9	1015	47.878945908157	1
9	1036	48.536556424037	1
9	1073	51.553280092093	1
9	1104	53.654695843836	1
9	1114	53.854695843836	1
9	1134	54.808659923959	1
9	1151	56.119535718755	1
9	1164	56.319535718755	1
9	1176	56.671469819395	1
9	1188	57.036837966515	1
9	1202	57.420231299442	1
9	1214	57.840384431964	1
9	1230	58.496390803745	1
9	1240	58.854706021876	1
9	1254	59.945250289312	1
9	1298	63.673686262818	1
9	1323	65.503314510376	1
9	1332	65.703314510376	1
9	1363	68.159288359013	1
9	1380	68.793612837997	1
9	1399	69.730034371883	1
9	1408	69.930034371883	1
9	1438	71.966981436415	1
9	1455	72.166981436415	1
9	1466	72.366981436415	1
9	1477	72.566981436415	1
9	1483	72.766981436415	1
9	1489	72.966981436415	1
9	1509	74.67040311746	1
9	1522	75.108910204509	1
9	1547	75.700912615242	1
9	1555	75.900912615242	1
9	1561	76.100912615242	1
9	1571	76.300912615242	1
9	1586	77.040851172678	1
9	1592	77.240851172678	1
9	1606	78.231886116566	1
9	1623	78.939691803322	1
9	1649	79.845577080867	1
9	1655	80.045577080867	1
9	1668	80.245577080867	1
9	1679	80.445577080867	1
9	1687	80.710028513834	1
9	1696	80.910028513834	1
9	1713	81.298736193865	1
9	1722	81.498736193865	1
9	1731	81.824529481769	1
9	1744	82.343057837193	1
9	1762	83.486631751903	1
9	1774	83.863572978766	1
9	1793	84.233178403551	1
9	1799	84.433178403551	1
9	1813	84.897342804921	1
9	1822	85.097342804921	1
9	1831	85.490281972998	1
9	1854	86.629306290534	1
9	1862	86.843956765714	1
9	1867	87.043956765714	1
9	1887	87.756207980889	1
9	1897	87.983363712521	1
9	1913	89.667671912815	1
9	1931	90.386098368341	1
9	1944	90.982423070152	1
9	1956	91.45753146368	1
9	1970	92.165972701834	1
9	1982	92.660414942173	1
9	1995	93.26894613474	1
9	2018	93.702145931851	1
9	2024	93.965737508548	1
9	2040	95.541683190534	1
9	2053	96.064765415012	1
9	2070	96.716353620158	1
9	2083	97.442759377763	1
9	2105	98.090059964643	1
9	2114	98.290059964643	1
9	2127	98.686677068932	1
9	2140	98.886677068932	1
9	2149	99.188646979777	1
9	2162	99.815920186445	1
9	2178	101.351202297244	1
9	2200	101.913256222036	1
9	2210	102.113256222036	1
9	2225	103.395718628899	1
9	2251	105.420707378681	1
9	2274	106.42419472738	1
9	2285	106.805484385065	1
9	2295	107.005484385065	1
9	2307	107.438455684103	1
9	2324	107.987088058026	1
9	2334	108.187088058026	1
9	2351	110.172134062783	1
9	2373	110.938209517564	1
9	2383	111.138209517564	1
9	2400	111.745297503885	1
9	2409	111.945297503885	1
9	2424	113.146709759112	1
9	2437	113.72576431347	1
9	2466	115.714524054479	1
9	2479	116.015368482051	1
9	2491	116.428310819298	1
9	2509	117.151502041055	1
9	2528	117.927476013389	1
9	2534	118.159167559172	1
9	2562	119.96613548092	1
9	2575	120.353817304666	1
9	2592	121.030064898496	1
9	2611	121.364069784222	1
9	2627	121.733695032915	1
9	2633	121.933695032915	1
9	2638	122.133695032915	1
9	2661	122.650369701495	1
9	2691	125.153277613662	1
9	2697	125.353277613662	1
9	2710	125.553277613662	1
9	2727	126.256768525729	1
9	2733	126.456768525729	1
9	2742	126.656768525729	1
9	2759	128.307150797452	1
9	2779	129.938170784843	1
9	2824	132.337745692388	1
9	2842	133.239766155047	1
9	2861	134.852300563491	1
9	2870	135.052300563491	1
9	2889	135.669444381013	1
9	2895	135.869444381013	1
9	2901	136.069444381013	1
9	2910	136.269444381013	1
9	2936	137.436273059519	1
9	2944	137.636273059519	1
9	2950	137.836273059519	1
9	2955	138.036273059519	1
9	2968	138.463948160409	1
9	2991	140.188286394139	1
9	3001	140.528826507497	1
9	3024	141.985816275084	1
9	3042	142.619807485798	1
9	3058	143.141807615191	1
9	3077	143.802383660761	1
9	3086	144.002383660761	1
9	3106	144.631709661724	1
9	3114	144.831709661724	1
9	3124	145.031709661724	1
9	3140	145.547182264793	1
9	3146	145.747182264793	1
9	3161	147.04632331045	1
9	3180	148.175504386368	1
9	3198	148.90684474878	1
9	3217	150.6036502352	1
9	3233	150.998033242239	1
9	3252	151.518140465321	1
9	3258	151.718140465321	1
9	3268	151.918140465321	1
9	3284	152.763842131781	1
9	3299	153.095583698079	1
9	3308	153.309189677859	1
9	3323	153.670097266967	1
9	3333	153.900550722402	1
9	3357	155.415609415644	1
9	3363	155.615609415644	1
9	3369	155.815609415644	1
9	3384	156.371327914715	1
9	3399	156.751448945831	1
9	3404	156.951448945831	1
9	3425	157.590424610122	1
9	3434	157.790424610122	1
9	3443	158.152280929336	1
9	3467	158.93075045079	1
9	3473	159.215100330451	1
9	3487	160.153658239315	1
9	3502	161.20870716327	1
9	3529	161.851791840287	1
9	3537	162.051791840287	1
9	3553	162.375886508015	1
9	3561	162.575886508015	1
9	3567	162.775886508015	1
9	3572	162.975886508015	1
9	3590	163.701465480134	1
9	3607	164.7834787002	1
9	3628	165.158688846654	1
9	3637	165.363629669238	1
9	3643	165.563629669238	1
9	3655	165.763629669238	1
9	3661	166.033278761202	1
9	3693	167.901553813449	1
9	3700	168.101553813449	1
9	3706	168.301553813449	1
9	3715	168.501553813449	1
9	3728	168.819348475426	1
9	3754	170.608234502364	1
9	3762	170.848097947319	1
9	3767	171.048097947319	1
9	3780	171.669471162264	1
9	3797	172.167487274168	1
9	3822	172.921575950027	1
9	3827	173.121575950027	1
9	3849	173.665536455788	1
9	3857	173.865536455788	1
9	3862	174.065536455788	1
9	3887	175.1012176573	1
9	3903	175.386505043784	1
9	3913	175.586505043784	1
9	3927	175.786505043784	1
9	3935	175.986505043784	1
9	3944	176.186505043784	1
9	3956	176.386505043784	1
9	3964	176.667942015229	1
9	3970	176.867942015229	1
9	3990	177.304912505664	1
9	3998	177.587610927135	1
9	4004	177.787610927135	1
9	4026	179.282239640808	1
9	4036	179.547758353654	1
9	4049	180.126163303318	1
9	4075	182.549235225242	1
9	4084	182.922749650547	1
9	4109	184.370465712964	1
9	4118	184.570465712964	1
9	4135	186.277048034519	1
9	4161	187.616195950799	1
9	4182	188.342924132123	1
9	4203	189.330492390601	1
9	4223	191.232294575076	1
9	4235	191.432294575076	1
9	4253	192.346732433169	1
9	4262	192.546732433169	1
9	4272	192.746732433169	1
9	4292	193.525346925206	1
9	4300	193.725346925206	1
9	4305	193.925346925206	1
9	4311	194.125346925206	1
9	4328	194.608730211289	1
9	4342	195.558201326428	1
9	4354	196.013742560733	1
9	4368	196.736194961167	1
9	4387	197.915838877193	1
9	4400	198.669655013161	1
9	4420	199.161653315727	1
9	4430	199.361653315727	1

