version 3
run BaseVersion-10-20240511-20:45:07-11874
attr configname BaseVersion
attr datetime 20240511-20:45:07
attr datetimef 20240511-204507
attr experiment BaseVersion
attr inifile omnetpp.ini
attr iterationvars $genInterval=0.6
attr iterationvarsd genInterval=0.6
attr iterationvarsf genInterval=0.6-
attr measurement $genInterval=0.6
attr network Network
attr processid 11874
attr repetition 0
attr replication #0
attr resultdir results
attr runnumber 10
attr seedset 10
itervar genInterval 0.6
config network Network
config sim-time-limit 200s
config Network.nodeTx.gen.generationInterval exponential(0.6)
config Network.nodeTx.gen.packetByteSize 12500
config Network.nodeTx.queue.bufferSize 200
config Network.nodeRx.queue.bufferSize 200
config Network.queue.bufferSize 200

vector 0 Network.nodeTx.gen packetGen ETV
vector 1 Network.nodeTx.queue bufferSize ETV
vector 2 Network.queue bufferSize ETV
vector 3 Network.nodeRx.queue bufferSize ETV
vector 4 Network.nodeRx.sink Delay ETV
vector 5 Network.nodeRx.sink packetUsed ETV
0	1	0.885260666985	1
0	10	1.098204707713	1
0	13	1.110786884288	1
0	29	1.520217977924	1
0	42	2.122714752752	1
0	51	2.473844876294	1
0	64	3.302757656789	1
0	75	4.372715954934	1
0	86	4.786815349299	1
0	97	5.312079900445	1
0	103	5.464857837894	1
0	106	5.480154214266	1
0	114	5.612589248779	1
0	134	6.353677496298	1
0	145	7.21127555901	1
0	151	7.39646874993	1
0	160	7.507624070724	1
0	170	7.691215488735	1
0	175	7.746708266185	1
0	182	7.844486413032	1
0	200	8.538281749246	1
0	213	9.229144928029	1
0	224	11.068752075178	1
0	235	12.086409513648	1
0	238	12.088783163029	1
0	248	12.334531727842	1
0	262	12.765232085844	1
0	275	14.094067447467	1
0	286	15.098840513282	1
0	292	15.231319655933	1
0	307	15.800183687409	1
0	310	15.818840765396	1
0	326	16.586393394878	1
0	337	17.846743173386	1
0	346	18.053824864946	1
0	359	18.833752886188	1
0	370	20.332724018173	1
0	381	20.799791434058	1
0	392	21.552058674018	1
0	395	21.63662237845	1
0	409	22.105867605315	1
0	420	22.426188426755	1
0	425	22.518198060657	1
0	441	23.423217802749	1
0	450	23.703629219307	1
0	463	24.229728988484	1
0	474	24.902489701689	1
0	480	25.023488804893	1
0	493	25.373347240215	1
0	506	26.42285091698	1
0	515	26.764362473682	1
0	520	26.831190853246	1
0	536	27.408225772667	1
0	542	27.60831620776	1
0	558	28.040181245393	1
0	561	28.080868059397	1
0	577	28.711442610506	1
0	580	28.746302468641	1
0	594	29.297637361279	1
0	607	30.167704139262	1
0	618	31.149244740556	1
0	621	31.156359577891	1
0	635	31.598803565521	1
0	648	32.166765912187	1
0	659	33.602592785494	1
0	668	33.844567299654	1
0	679	34.075291128587	1
0	692	34.567400151615	1
0	695	34.62428950407	1
0	707	34.869521427159	1
0	717	35.084126742884	1
0	729	35.401910188411	1
0	732	35.474522596086	1
0	737	35.522504298052	1
0	758	36.58104220554	1
0	769	37.731611331948	1
0	772	37.760430284329	1
0	784	38.108307937847	1
0	798	38.698868472116	1
0	801	38.776902351272	1
0	815	39.252797104626	1
0	828	40.042264250509	1
0	839	41.068771337714	1
0	842	41.15841622854	1
0	852	41.29151353276	1
0	868	42.165234812161	1
0	879	43.331553407246	1
0	890	44.401791638459	1
0	899	44.661788843428	1
0	910	44.884234087796	1
0	923	45.727270155136	1
0	934	46.27342894867	1
0	943	46.483982463912	1
0	956	47.719259947619	1
0	967	49.011430500819	1
0	978	51.456892571404	1
0	987	51.693173085911	1
0	998	52.071167545245	1
0	1006	52.17937310067	1
0	1021	53.430622287649	1
0	1030	53.729693038005	1
0	1041	53.940337745322	1
0	1044	53.999210070371	1
0	1049	54.083658352506	1
0	1070	55.116234288052	1
0	1081	56.226444595051	1
0	1084	56.324769692989	1
0	1100	56.970357256825	1
0	1109	57.26117373085	1
0	1122	57.804146277589	1
0	1133	59.536388263524	1
0	1142	59.880385272418	1
0	1155	62.515654600387	1
0	1164	62.779921803394	1
0	1175	63.145541413799	1
0	1188	63.676316257877	1
0	1199	64.725960000594	1
0	1202	64.823098300394	1
0	1212	64.99680786037	1
0	1220	65.109501647194	1
0	1236	65.655346459403	1
0	1247	65.959013031303	1
0	1260	67.357799827367	1
0	1271	67.967386193212	1
0	1282	68.426246799878	1
0	1291	68.705872840139	1
0	1304	69.241126470131	1
0	1307	69.242572268564	1
0	1309	69.266616735804	1
0	1327	69.744145229598	1
0	1337	70.009281193152	1
0	1342	70.090753677668	1
0	1347	70.140530363637	1
0	1349	70.190424138868	1
0	1361	70.409127383864	1
0	1373	70.569885324716	1
0	1385	70.81081637004	1
0	1401	71.458040308583	1
0	1414	72.349922108845	1
0	1420	72.495129272875	1
0	1423	72.519596976797	1
0	1431	72.655772432191	1
0	1447	72.992509473204	1
0	1457	73.282110069831	1
0	1467	73.509047886636	1
0	1475	73.661884769821	1
0	1491	74.269055743754	1
0	1494	74.342118269907	1
0	1506	74.597225595442	1
0	1520	75.122051570078	1
0	1523	75.148483742987	1
0	1528	75.307364107861	1
0	1547	76.579098241756	1
0	1558	77.066957331825	1
0	1569	77.931383800689	1
0	1580	78.376547921936	1
0	1591	79.639263943808	1
0	1600	79.898618861325	1
0	1611	80.222883937853	1
0	1624	80.956026737138	1
0	1635	81.514226397333	1
0	1646	82.545455865065	1
0	1657	82.977725737861	1
0	1660	83.064438155561	1
0	1676	83.610976314337	1
0	1687	84.167882206267	1
0	1693	84.350344438762	1
0	1702	84.550076193138	1
0	1714	84.764828461684	1
0	1728	85.188455858812	1
0	1731	85.203892614461	1
0	1733	85.227424352556	1
0	1743	85.444060132402	1
0	1755	85.686539415256	1
0	1765	85.852842614319	1
0	1768	85.853006153426	1
0	1785	86.342301072797	1
0	1801	86.997859167963	1
0	1812	87.498004459435	1
0	1821	87.782354264574	1
0	1832	88.169119631774	1
0	1845	88.995120869376	1
0	1854	89.202984216482	1
0	1857	89.293879794969	1
0	1862	89.33372463643	1
0	1879	89.628386915297	1
0	1893	91.94118140222	1
0	1904	93.14933612459	1
0	1913	93.398379852699	1
0	1926	95.284269815314	1
0	1937	95.694245705922	1
0	1946	96.094211564498	1
0	1959	98.359677895439	1
0	1962	98.426862673503	1
0	1976	98.775583440658	1
0	1987	99.024926606941	1
0	1998	99.254802031283	1
0	2011	100.337967113118	1
0	2022	100.778094908846	1
0	2031	101.153883512331	1
0	2044	101.671727505761	1
0	2047	101.730200018807	1
0	2063	102.88441699533	1
0	2074	104.041765643434	1
0	2077	104.084081747311	1
0	2087	104.330903616438	1
0	2101	104.705670767217	1
0	2114	105.264736904683	1
0	2125	106.178553024589	1
0	2128	106.25027236625	1
0	2144	107.011065234478	1
0	2155	107.482118050751	1
0	2166	108.011283484756	1
0	2177	108.776776596005	1
0	2180	108.799456544122	1
0	2196	110.004579684975	1
0	2205	110.263655645855	1
0	2208	110.358842893758	1
0	2224	110.855798017536	1
0	2229	110.921272620402	1
0	2239	111.135046093168	1
0	2253	111.539705744271	1
0	2266	111.97058065881	1
0	2269	111.988348907714	1
0	2285	112.659883325882	1
0	2296	113.201998289425	1
0	2302	113.306034692265	1
0	2311	113.444321025598	1
0	2314	113.475398766944	1
0	2323	113.611390822672	1
0	2337	113.858717810178	1
0	2353	114.973941706995	1
0	2356	115.042558096778	1
0	2361	115.080683987956	1
0	2368	115.198952263632	1
0	2384	115.613918102832	1
0	2398	116.915942887622	1
0	2404	117.087326963597	1
0	2417	117.360150083839	1
0	2428	117.597884473292	1
0	2434	117.746015383965	1
0	2437	117.747767591322	1
0	2459	118.585565122181	1
0	2468	118.795676016248	1
0	2471	118.863496330222	1
0	2489	121.464084033144	1
0	2500	122.28304625679	1
0	2506	122.446393528937	1
0	2519	122.82707747404	1
0	2532	123.620273069299	1
0	2543	124.167436696263	1
0	2554	126.132654991494	1
0	2557	126.22848882805	1
0	2573	127.242408571766	1
0	2579	127.364438730311	1
0	2594	128.075386049031	1
0	2605	128.696890463835	1
0	2611	128.838852777561	1
0	2614	128.868762856425	1
0	2632	129.306455481279	1
0	2638	129.477955754535	1
0	2655	131.271447987915	1
0	2666	131.740515059806	1
0	2677	132.454900034582	1
0	2683	132.609209866798	1
0	2698	134.019423171488	1
0	2707	134.307612212998	1
0	2720	134.93390333708	1
0	2731	136.466324538094	1
0	2740	136.720473401148	1
0	2753	138.277495519701	1
0	2756	138.318140332375	1
0	2770	138.820004443292	1
0	2778	138.969564427377	1
0	2793	139.427025342074	1
0	2796	139.515689254289	1
0	2798	139.524672176182	1
0	2820	140.342912847682	1
0	2831	142.630199464202	1
0	2840	142.885622187588	1
0	2853	143.396245562823	1
0	2864	143.913418365291	1
0	2875	144.854848126166	1
0	2881	144.965456401309	1
0	2896	145.46017218236	1
0	2899	145.483399029074	1
0	2915	146.742379125601	1
0	2926	147.761920237995	1
0	2937	148.28844476106	1
0	2948	149.292718160014	1
0	2959	150.033067810122	1
0	2965	150.158342776387	1
0	2971	150.254819817283	1
0	2984	150.534964772536	1
0	2996	150.87060753244	1
0	3009	151.688604721478	1
0	3020	152.398891310234	1
0	3026	152.52255092189	1
0	3029	152.588854991918	1
0	3045	152.909309298143	1
0	3057	153.256777582934	1
0	3065	153.41438032046	1
0	3074	153.523438891231	1
0	3090	154.159575268485	1
0	3101	154.583896919756	1
0	3112	155.451204541624	1
0	3123	156.476878371137	1
0	3134	157.557524893352	1
0	3137	157.614181680199	1
0	3142	157.757298082402	1
0	3161	158.723167104279	1
0	3172	160.684741443285	1
0	3183	161.184361304648	1
0	3189	161.365949673462	1
0	3204	161.899954734731	1
0	3215	163.096001983993	1
0	3221	163.228465298816	1
0	3227	163.309870829054	1
0	3240	163.653617261329	1
0	3252	163.931698404554	1
0	3263	164.142202540936	1
0	3276	164.810925057387	1
0	3279	164.833893739427	1
0	3295	166.463412330207	1
0	3298	166.482111615341	1
0	3312	166.973201183556	1
0	3323	167.335300256865	1
0	3336	168.004967355194	1
0	3347	168.824542666427	1
0	3350	168.872654218653	1
0	3364	169.361565756846	1
0	3372	169.534083993721	1
0	3385	169.825874641694	1
0	3396	170.089518689913	1
0	3402	170.199924895888	1
0	3405	170.214151487931	1
0	3427	171.307215486709	1
0	3438	172.948428426447	1
0	3449	173.496782245345	1
0	3455	173.637910184613	1
0	3470	174.553836944645	1
0	3481	175.069744870756	1
0	3492	176.202083032281	1
0	3503	176.724081427609	1
0	3514	177.278619195858	1
0	3520	177.438501307268	1
0	3535	178.349877536147	1
0	3544	178.745680828799	1
0	3557	179.319537475138	1
0	3568	179.794712753665	1
0	3571	179.807548184139	1
0	3587	181.040104036675	1
0	3598	181.872996742033	1
0	3609	183.868139378064	1
0	3615	183.984320908347	1
0	3624	184.090084457245	1
0	3636	184.45814753356	1
0	3641	184.468368222565	1
0	3656	184.900214116103	1
0	3659	184.91052010833	1
0	3675	185.307533511375	1
0	3681	185.440546554023	1
0	3698	186.556771762292	1
0	3709	187.929661918509	1
0	3715	188.044949719947	1
0	3730	188.969613221503	1
0	3733	188.978459033453	1
0	3749	189.673327325128	1
0	3760	190.80667585769	1
0	3769	191.04386512454	1
0	3782	191.858313382555	1
0	3791	192.173359826171	1
0	3802	192.539413277125	1
0	3815	193.051224371094	1
0	3824	193.37486068737	1
0	3827	193.375452980306	1
0	3829	193.449927254545	1
0	3853	194.281350067013	1
0	3862	194.529459745803	1
0	3875	195.363253425372	1
0	3878	195.422919621514	1
0	3890	195.712916472116	1
0	3904	196.467827886003	1
0	3913	196.747854288485	1
0	3916	196.795985432367	1
0	3934	197.9056765778	1
0	3940	198.044042082135	1
0	3955	198.898555667977	1
0	3966	199.410230142625	1
0	3972	199.518986820584	1
0	3983	199.727727709099	1
1	2	0.885260666985	1
1	11	1.098204707713	1
1	14	1.110786884288	1
1	30	1.520217977924	1
1	43	2.122714752752	1
1	52	2.473844876294	1
1	65	3.302757656789	1
1	76	4.372715954934	1
1	87	4.786815349299	1
1	98	5.312079900445	1
1	104	5.464857837894	1
1	107	5.480154214266	1
1	115	5.612589248779	1
1	135	6.353677496298	1
1	146	7.21127555901	1
1	152	7.39646874993	1
1	161	7.507624070724	1
1	171	7.691215488735	1
1	176	7.746708266185	1
1	183	7.844486413032	1
1	201	8.538281749246	1
1	214	9.229144928029	1
1	225	11.068752075178	1
1	236	12.086409513648	1
1	239	12.088783163029	1
1	249	12.334531727842	1
1	263	12.765232085844	1
1	276	14.094067447467	1
1	287	15.098840513282	1
1	293	15.231319655933	1
1	308	15.800183687409	1
1	311	15.818840765396	1
1	327	16.586393394878	1
1	338	17.846743173386	1
1	347	18.053824864946	1
1	360	18.833752886188	1
1	371	20.332724018173	1
1	382	20.799791434058	1
1	393	21.552058674018	1
1	396	21.63662237845	1
1	410	22.105867605315	1
1	421	22.426188426755	1
1	426	22.518198060657	1
1	442	23.423217802749	1
1	451	23.703629219307	1
1	464	24.229728988484	1
1	475	24.902489701689	1
1	481	25.023488804893	1
1	494	25.373347240215	1
1	507	26.42285091698	1
1	516	26.764362473682	1
1	521	26.831190853246	1
1	537	27.408225772667	1
1	543	27.60831620776	1
1	559	28.040181245393	1
1	562	28.080868059397	1
1	578	28.711442610506	1
1	581	28.746302468641	1
1	595	29.297637361279	1
1	608	30.167704139262	1
1	619	31.149244740556	1
1	622	31.156359577891	1
1	636	31.598803565521	1
1	649	32.166765912187	1
1	660	33.602592785494	1
1	669	33.844567299654	1
1	680	34.075291128587	1
1	693	34.567400151615	1
1	696	34.62428950407	1
1	708	34.869521427159	1
1	718	35.084126742884	1
1	730	35.401910188411	1
1	733	35.474522596086	1
1	738	35.522504298052	1
1	759	36.58104220554	1
1	770	37.731611331948	1
1	773	37.760430284329	1
1	785	38.108307937847	1
1	799	38.698868472116	1
1	802	38.776902351272	1
1	816	39.252797104626	1
1	829	40.042264250509	1
1	840	41.068771337714	1
1	843	41.15841622854	1
1	853	41.29151353276	1
1	869	42.165234812161	1
1	880	43.331553407246	1
1	891	44.401791638459	1
1	900	44.661788843428	1
1	911	44.884234087796	1
1	924	45.727270155136	1
1	935	46.27342894867	1
1	944	46.483982463912	1
1	957	47.719259947619	1
1	968	49.011430500819	1
1	979	51.456892571404	1
1	988	51.693173085911	1
1	999	52.071167545245	1
1	1007	52.17937310067	1
1	1022	53.430622287649	1
1	1031	53.729693038005	1
1	1042	53.940337745322	1
1	1045	53.999210070371	1
1	1050	54.083658352506	1
1	1071	55.116234288052	1
1	1082	56.226444595051	1
1	1085	56.324769692989	1
1	1101	56.970357256825	1
1	1110	57.26117373085	1
1	1123	57.804146277589	1
1	1134	59.536388263524	1
1	1143	59.880385272418	1
1	1156	62.515654600387	1
1	1165	62.779921803394	1
1	1176	63.145541413799	1
1	1189	63.676316257877	1
1	1200	64.725960000594	1
1	1203	64.823098300394	1
1	1213	64.99680786037	1
1	1221	65.109501647194	1
1	1237	65.655346459403	1
1	1248	65.959013031303	1
1	1261	67.357799827367	1
1	1272	67.967386193212	1
1	1283	68.426246799878	1
1	1292	68.705872840139	1
1	1305	69.241126470131	1
1	1308	69.242572268564	1
1	1310	69.266616735804	2
1	1328	69.744145229598	1
1	1338	70.009281193152	1
1	1343	70.090753677668	1
1	1348	70.140530363637	1
1	1350	70.190424138868	2
1	1362	70.409127383864	1
1	1374	70.569885324716	1
1	1386	70.81081637004	1
1	1402	71.458040308583	1
1	1415	72.349922108845	1
1	1421	72.495129272875	1
1	1424	72.519596976797	1
1	1432	72.655772432191	1
1	1448	72.992509473204	1
1	1458	73.282110069831	1
1	1468	73.509047886636	1
1	1476	73.661884769821	1
1	1492	74.269055743754	1
1	1495	74.342118269907	1
1	1507	74.597225595442	1
1	1521	75.122051570078	1
1	1524	75.148483742987	1
1	1529	75.307364107861	1
1	1548	76.579098241756	1
1	1559	77.066957331825	1
1	1570	77.931383800689	1
1	1581	78.376547921936	1
1	1592	79.639263943808	1
1	1601	79.898618861325	1
1	1612	80.222883937853	1
1	1625	80.956026737138	1
1	1636	81.514226397333	1
1	1647	82.545455865065	1
1	1658	82.977725737861	1
1	1661	83.064438155561	1
1	1677	83.610976314337	1
1	1688	84.167882206267	1
1	1694	84.350344438762	1
1	1703	84.550076193138	1
1	1715	84.764828461684	1
1	1729	85.188455858812	1
1	1732	85.203892614461	1
1	1734	85.227424352556	2
1	1744	85.444060132402	1
1	1756	85.686539415256	1
1	1766	85.852842614319	1
1	1769	85.853006153426	1
1	1786	86.342301072797	1
1	1802	86.997859167963	1
1	1813	87.498004459435	1
1	1822	87.782354264574	1
1	1833	88.169119631774	1
1	1846	88.995120869376	1
1	1855	89.202984216482	1
1	1858	89.293879794969	1
1	1863	89.33372463643	1
1	1880	89.628386915297	1
1	1894	91.94118140222	1
1	1905	93.14933612459	1
1	1914	93.398379852699	1
1	1927	95.284269815314	1
1	1938	95.694245705922	1
1	1947	96.094211564498	1
1	1960	98.359677895439	1
1	1963	98.426862673503	1
1	1977	98.775583440658	1
1	1988	99.024926606941	1
1	1999	99.254802031283	1
1	2012	100.337967113118	1
1	2023	100.778094908846	1
1	2032	101.153883512331	1
1	2045	101.671727505761	1
1	2048	101.730200018807	1
1	2064	102.88441699533	1
1	2075	104.041765643434	1
1	2078	104.084081747311	1
1	2088	104.330903616438	1
1	2102	104.705670767217	1
1	2115	105.264736904683	1
1	2126	106.178553024589	1
1	2129	106.25027236625	1
1	2145	107.011065234478	1
1	2156	107.482118050751	1
1	2167	108.011283484756	1
1	2178	108.776776596005	1
1	2181	108.799456544122	1
1	2197	110.004579684975	1
1	2206	110.263655645855	1
1	2209	110.358842893758	1
1	2225	110.855798017536	1
1	2230	110.921272620402	1
1	2240	111.135046093168	1
1	2254	111.539705744271	1
1	2267	111.97058065881	1
1	2270	111.988348907714	1
1	2286	112.659883325882	1
1	2297	113.201998289425	1
1	2303	113.306034692265	1
1	2312	113.444321025598	1
1	2315	113.475398766944	1
1	2324	113.611390822672	1
1	2338	113.858717810178	1
1	2354	114.973941706995	1
1	2357	115.042558096778	1
1	2362	115.080683987956	1
1	2369	115.198952263632	1
1	2385	115.613918102832	1
1	2399	116.915942887622	1
1	2405	117.087326963597	1
1	2418	117.360150083839	1
1	2429	117.597884473292	1
1	2435	117.746015383965	1
1	2438	117.747767591322	1
1	2460	118.585565122181	1
1	2469	118.795676016248	1
1	2472	118.863496330222	1
1	2490	121.464084033144	1
1	2501	122.28304625679	1
1	2507	122.446393528937	1
1	2520	122.82707747404	1
1	2533	123.620273069299	1
1	2544	124.167436696263	1
1	2555	126.132654991494	1
1	2558	126.22848882805	1
1	2574	127.242408571766	1
1	2580	127.364438730311	1
1	2595	128.075386049031	1
1	2606	128.696890463835	1
1	2612	128.838852777561	1
1	2615	128.868762856425	1
1	2633	129.306455481279	1
1	2639	129.477955754535	1
1	2656	131.271447987915	1
1	2667	131.740515059806	1
1	2678	132.454900034582	1
1	2684	132.609209866798	1
1	2699	134.019423171488	1
1	2708	134.307612212998	1
1	2721	134.93390333708	1
1	2732	136.466324538094	1
1	2741	136.720473401148	1
1	2754	138.277495519701	1
1	2757	138.318140332375	1
1	2771	138.820004443292	1
1	2779	138.969564427377	1
1	2794	139.427025342074	1
1	2797	139.515689254289	1
1	2799	139.524672176182	2
1	2821	140.342912847682	1
1	2832	142.630199464202	1
1	2841	142.885622187588	1
1	2854	143.396245562823	1
1	2865	143.913418365291	1
1	2876	144.854848126166	1
1	2882	144.965456401309	1
1	2897	145.46017218236	1
1	2900	145.483399029074	1
1	2916	146.742379125601	1
1	2927	147.761920237995	1
1	2938	148.28844476106	1
1	2949	149.292718160014	1
1	2960	150.033067810122	1
1	2966	150.158342776387	1
1	2972	150.254819817283	1
1	2985	150.534964772536	1
1	2997	150.87060753244	1
1	3010	151.688604721478	1
1	3021	152.398891310234	1
1	3027	152.52255092189	1
1	3030	152.588854991918	1
1	3046	152.909309298143	1
1	3058	153.256777582934	1
1	3066	153.41438032046	1
1	3075	153.523438891231	1
1	3091	154.159575268485	1
1	3102	154.583896919756	1
1	3113	155.451204541624	1
1	3124	156.476878371137	1
1	3135	157.557524893352	1
1	3138	157.614181680199	1
1	3143	157.757298082402	1
1	3162	158.723167104279	1
1	3173	160.684741443285	1
1	3184	161.184361304648	1
1	3190	161.365949673462	1
1	3205	161.899954734731	1
1	3216	163.096001983993	1
1	3222	163.228465298816	1
1	3228	163.309870829054	1
1	3241	163.653617261329	1
1	3253	163.931698404554	1
1	3264	164.142202540936	1
1	3277	164.810925057387	1
1	3280	164.833893739427	1
1	3296	166.463412330207	1
1	3299	166.482111615341	1
1	3313	166.973201183556	1
1	3324	167.335300256865	1
1	3337	168.004967355194	1
1	3348	168.824542666427	1
1	3351	168.872654218653	1
1	3365	169.361565756846	1
1	3373	169.534083993721	1
1	3386	169.825874641694	1
1	3397	170.089518689913	1
1	3403	170.199924895888	1
1	3406	170.214151487931	1
1	3428	171.307215486709	1
1	3439	172.948428426447	1
1	3450	173.496782245345	1
1	3456	173.637910184613	1
1	3471	174.553836944645	1
1	3482	175.069744870756	1
1	3493	176.202083032281	1
1	3504	176.724081427609	1
1	3515	177.278619195858	1
1	3521	177.438501307268	1
1	3536	178.349877536147	1
1	3545	178.745680828799	1
1	3558	179.319537475138	1
1	3569	179.794712753665	1
1	3572	179.807548184139	1
1	3588	181.040104036675	1
1	3599	181.872996742033	1
1	3610	183.868139378064	1
1	3616	183.984320908347	1
1	3625	184.090084457245	1
1	3637	184.45814753356	1
1	3642	184.468368222565	1
1	3657	184.900214116103	1
1	3660	184.91052010833	1
1	3676	185.307533511375	1
1	3682	185.440546554023	1
1	3699	186.556771762292	1
1	3710	187.929661918509	1
1	3716	188.044949719947	1
1	3731	188.969613221503	1
1	3734	188.978459033453	1
1	3750	189.673327325128	1
1	3761	190.80667585769	1
1	3770	191.04386512454	1
1	3783	191.858313382555	1
1	3792	192.173359826171	1
1	3803	192.539413277125	1
1	3816	193.051224371094	1
1	3825	193.37486068737	1
1	3828	193.375452980306	1
1	3830	193.449927254545	2
1	3854	194.281350067013	1
1	3863	194.529459745803	1
1	3876	195.363253425372	1
1	3879	195.422919621514	1
1	3891	195.712916472116	1
1	3905	196.467827886003	1
1	3914	196.747854288485	1
1	3917	196.795985432367	1
1	3935	197.9056765778	1
1	3941	198.044042082135	1
1	3956	198.898555667977	1
1	3967	199.410230142625	1
1	3973	199.518986820584	1
1	3984	199.727727709099	1
2	5	0.985360666985	1
2	16	1.198304707713	1
2	21	1.298304707713	1
2	33	1.620317977924	1
2	46	2.222814752752	1
2	57	2.573944876294	1
2	68	3.402857656789	1
2	79	4.472815954934	1
2	90	4.886915349299	1
2	101	5.412179900445	1
2	112	5.564957837894	1
2	117	5.664957837894	1
2	123	5.764957837894	1
2	138	6.453777496298	1
2	149	7.31137555901	1
2	158	7.49656874993	1
2	166	7.607724070724	1
2	178	7.791315488735	1
2	185	7.891315488735	1
2	189	7.991315488735	1
2	206	8.638381749246	1
2	217	9.329244928029	1
2	228	11.168852075178	1
2	241	12.186509513648	1
2	244	12.286509513648	1
2	254	12.434631727842	1
2	266	12.865332085844	1
2	279	14.194167447467	1
2	290	15.198940513282	1
2	299	15.331419655933	1
2	313	15.900283687409	1
2	316	16.000283687409	1
2	330	16.686493394878	1
2	341	17.946843173386	1
2	350	18.153924864946	1
2	363	18.933852886188	1
2	374	20.432824018173	1
2	385	20.899891434058	1
2	398	21.652158674018	1
2	401	21.752158674018	1
2	415	22.205967605315	1
2	428	22.526288426755	1
2	431	22.626288426755	1
2	445	23.523317802749	1
2	454	23.803729219307	1
2	467	24.329828988484	1
2	478	25.002589701689	1
2	487	25.123588804893	1
2	497	25.473447240215	1
2	510	26.52295091698	1
2	523	26.864462473682	1
2	526	26.964462473682	1
2	540	27.508325772667	1
2	549	27.70841620776	1
2	564	28.140281245393	1
2	567	28.240281245393	1
2	583	28.811542610506	1
2	586	28.911542610506	1
2	600	29.397737361279	1
2	611	30.267804139262	1
2	624	31.249344740556	1
2	627	31.349344740556	1
2	639	31.698903565521	1
2	652	32.266865912187	1
2	663	33.702692785494	1
2	672	33.944667299654	1
2	683	34.175391128587	1
2	698	34.667500151615	1
2	701	34.767500151615	1
2	713	34.969621427159	1
2	723	35.184226742884	1
2	735	35.502010188411	1
2	742	35.602010188411	1
2	747	35.702010188411	1
2	762	36.68114220554	1
2	775	37.831711331948	1
2	778	37.931711331948	1
2	790	38.208407937847	1
2	804	38.798968472116	1
2	807	38.898968472116	1
2	821	39.352897104626	1
2	832	40.142364250509	1
2	845	41.168871337714	1
2	848	41.268871337714	1
2	858	41.39161353276	1
2	872	42.265334812161	1
2	883	43.431653407246	1
2	894	44.501891638459	1
2	903	44.761888843428	1
2	914	44.984334087796	1
2	927	45.827370155136	1
2	938	46.37352894867	1
2	947	46.584082463912	1
2	960	47.819359947619	1
2	971	49.111530500819	1
2	982	51.556992571404	1
2	991	51.793273085911	1
2	1004	52.171267545245	1
2	1013	52.27947310067	1
2	1025	53.530722287649	1
2	1034	53.829793038005	1
2	1047	54.040437745322	1
2	1054	54.140437745322	1
2	1059	54.240437745322	1
2	1074	55.216334288052	1
2	1087	56.326544595051	1
2	1090	56.426544595051	1
2	1104	57.070457256825	1
2	1113	57.36127373085	1
2	1126	57.904246277589	1
2	1137	59.636488263524	1
2	1148	59.980485272418	1
2	1159	62.615754600387	1
2	1168	62.880021803394	1
2	1181	63.245641413799	1
2	1192	63.776416257877	1
2	1205	64.826060000594	1
2	1208	64.926060000594	1
2	1218	65.09690786037	1
2	1228	65.209601647194	1
2	1242	65.755446459403	1
2	1253	66.059113031303	1
2	1264	67.457899827367	1
2	1275	68.067486193212	1
2	1286	68.526346799878	1
2	1295	68.805972840139	1
2	1312	69.341226470131	1
2	1315	69.441226470131	1
2	1320	69.541226470131	1
2	1333	69.844245229598	1
2	1345	70.109381193152	1
2	1352	70.209381193152	1
2	1358	70.309381193152	1
2	1364	70.409381193152	1
2	1370	70.509381193152	1
2	1381	70.669985324716	1
2	1391	70.91091637004	1
2	1405	71.558140308583	1
2	1418	72.450022108845	1
2	1429	72.595229272875	1
2	1434	72.695229272875	1
2	1440	72.795229272875	1
2	1451	73.092609473204	1
2	1463	73.382210069831	1
2	1473	73.609147886636	1
2	1483	73.761984769821	1
2	1497	74.369155743754	1
2	1500	74.469155743754	1
2	1512	74.697325595442	1
2	1526	75.222151570078	1
2	1531	75.322151570078	1
2	1536	75.422151570078	1
2	1551	76.679198241756	1
2	1562	77.167057331825	1
2	1573	78.031483800689	1
2	1584	78.476647921936	1
2	1595	79.739363943808	1
2	1604	79.998718861325	1
2	1617	80.322983937853	1
2	1628	81.056126737138	1
2	1639	81.614326397333	1
2	1650	82.645555865065	1
2	1663	83.077825737861	1
2	1666	83.177825737861	1
2	1680	83.711076314337	1
2	1691	84.267982206267	1
2	1700	84.450444438762	1
2	1710	84.650176193138	1
2	1720	84.864928461684	1
2	1736	85.288555858812	1
2	1739	85.388555858812	1
2	1746	85.488555858812	1
2	1750	85.588555858812	1
2	1761	85.786639415256	1
2	1773	85.952942614319	1
2	1778	86.052942614319	1
2	1791	86.442401072797	1
2	1805	87.097959167963	1
2	1816	87.598104459435	1
2	1825	87.882454264574	1
2	1838	88.269219631774	1
2	1849	89.095220869376	1
2	1860	89.303084216482	1
2	1867	89.403084216482	1
2	1872	89.503084216482	1
2	1883	89.728486915297	1
2	1897	92.04128140222	1
2	1908	93.24943612459	1
2	1917	93.498479852699	1
2	1930	95.384369815314	1
2	1941	95.794345705922	1
2	1952	96.194311564498	1
2	1965	98.459777895439	1
2	1968	98.559777895439	1
2	1980	98.875683440658	1
2	1991	99.125026606941	1
2	2002	99.354902031283	1
2	2015	100.438067113118	1
2	2026	100.878194908846	1
2	2037	101.253983512331	1
2	2050	101.771827505761	1
2	2053	101.871827505761	1
2	2067	102.98451699533	1
2	2080	104.141865643434	1
2	2083	104.241865643434	1
2	2093	104.431003616438	1
2	2105	104.805770767217	1
2	2118	105.364836904683	1
2	2131	106.278653024589	1
2	2134	106.378653024589	1
2	2148	107.111165234478	1
2	2159	107.582218050751	1
2	2170	108.111383484756	1
2	2183	108.876876596005	1
2	2186	108.976876596005	1
2	2200	110.104679684975	1
2	2211	110.363755645855	1
2	2216	110.463755645855	1
2	2232	110.955898017536	1
2	2235	111.055898017536	1
2	2245	111.235146093168	1
2	2257	111.639805744271	1
2	2272	112.07068065881	1
2	2275	112.17068065881	1
2	2289	112.759983325882	1
2	2300	113.302098289425	1
2	2309	113.406134692265	1
2	2319	113.544421025598	1
2	2326	113.644421025598	1
2	2330	113.744421025598	1
2	2341	113.958817810178	1
2	2359	115.074041706995	1
2	2364	115.174041706995	1
2	2371	115.274041706995	1
2	2375	115.374041706995	1
2	2388	115.714018102832	1
2	2402	117.016042887622	1
2	2411	117.187426963597	1
2	2421	117.460250083839	1
2	2432	117.697984473292	1
2	2445	117.846115383965	1
2	2448	117.946115383965	1
2	2463	118.685665122181	1
2	2474	118.895776016248	1
2	2479	118.995776016248	1
2	2493	121.564184033144	1
2	2504	122.38314625679	1
2	2513	122.546493528937	1
2	2525	122.92717747404	1
2	2536	123.720373069299	1
2	2547	124.267536696263	1
2	2560	126.232754991494	1
2	2563	126.332754991494	1
2	2577	127.342508571766	1
2	2586	127.464538730311	1
2	2598	128.175486049031	1
2	2609	128.796990463835	1
2	2620	128.938952777561	1
2	2623	129.038952777561	1
2	2636	129.406555481279	1
2	2647	129.578055754535	1
2	2659	131.371547987915	1
2	2670	131.840615059806	1
2	2681	132.555000034582	1
2	2690	132.709309866798	1
2	2702	134.119523171488	1
2	2711	134.407712212998	1
2	2724	135.03400333708	1
2	2735	136.566424538094	1
2	2744	136.820573401148	1
2	2759	138.377595519701	1
2	2762	138.477595519701	1
2	2776	138.920104443292	1
2	2785	139.069664427377	1
2	2801	139.527125342074	1
2	2804	139.627125342074	1
2	2809	139.727125342074	1
2	2824	140.443012847682	1
2	2835	142.730299464202	1
2	2844	142.985722187588	1
2	2857	143.496345562823	1
2	2868	144.013518365291	1
2	2879	144.954948126166	1
2	2888	145.065556401309	1
2	2902	145.56027218236	1
2	2905	145.66027218236	1
2	2919	146.842479125601	1
2	2930	147.862020237995	1
2	2941	148.38854476106	1
2	2952	149.392818160014	1
2	2963	150.133167810122	1
2	2974	150.258442776387	1
2	2977	150.358442776387	1
2	2990	150.635064772536	1
2	3000	150.97070753244	1
2	3013	151.788704721478	1
2	3024	152.498991310234	1
2	3035	152.62265092189	1
2	3038	152.72265092189	1
2	3051	153.009409298143	1
2	3061	153.356877582934	1
2	3072	153.51448032046	1
2	3080	153.623538891231	1
2	3094	154.259675268485	1
2	3105	154.683996919756	1
2	3116	155.551304541624	1
2	3127	156.576978371137	1
2	3140	157.657624893352	1
2	3145	157.757624893352	1
2	3150	157.857624893352	1
2	3165	158.823267104279	1
2	3176	160.784841443285	1
2	3187	161.284461304648	1
2	3196	161.466049673462	1
2	3208	162.000054734731	1
2	3219	163.196101983993	1
2	3230	163.328565298816	1
2	3233	163.428565298816	1
2	3246	163.753717261329	1
2	3256	164.031798404554	1
2	3267	164.242302540936	1
2	3282	164.911025057387	1
2	3285	165.011025057387	1
2	3301	166.563512330207	1
2	3304	166.663512330207	1
2	3318	167.073301183556	1
2	3329	167.435400256865	1
2	3340	168.105067355194	1
2	3353	168.924642666427	1
2	3356	169.024642666427	1
2	3370	169.461665756846	1
2	3379	169.634183993721	1
2	3389	169.925974641694	1
2	3400	170.189618689913	1
2	3413	170.300024895888	1
2	3416	170.400024895888	1
2	3431	171.407315486709	1
2	3442	173.048528426447	1
2	3453	173.596882245345	1
2	3462	173.738010184613	1
2	3474	174.653936944645	1
2	3485	175.169844870756	1
2	3496	176.302183032281	1
2	3507	176.824181427609	1
2	3518	177.378719195858	1
2	3527	177.538601307268	1
2	3539	178.449977536147	1
2	3550	178.845780828799	1
2	3561	179.419637475138	1
2	3574	179.894812753665	1
2	3577	179.994812753665	1
2	3591	181.140204036675	1
2	3602	181.973096742033	1
2	3613	183.968239378064	1
2	3622	184.084420908347	1
2	3630	184.190184457245	1
2	3644	184.55824753356	1
2	3647	184.65824753356	1
2	3662	185.000314116103	1
2	3667	185.100314116103	1
2	3679	185.407633511375	1
2	3690	185.540646554023	1
2	3702	186.656871762292	1
2	3713	188.029761918509	1
2	3722	188.145049719947	1
2	3736	189.069713221503	1
2	3739	189.169713221503	1
2	3753	189.773427325128	1
2	3764	190.90677585769	1
2	3773	191.14396512454	1
2	3786	191.958413382555	1
2	3797	192.273459826171	1
2	3808	192.639513277125	1
2	3819	193.151324371094	1
2	3834	193.47496068737	1
2	3837	193.57496068737	1
2	3842	193.67496068737	1
2	3857	194.381450067013	1
2	3866	194.629559745803	1
2	3881	195.463353425372	1
2	3884	195.563353425372	1
2	3896	195.813016472116	1
2	3908	196.567927886003	1
2	3919	196.847954288485	1
2	3924	196.947954288485	1
2	3938	198.0057765778	1
2	3947	198.144142082135	1
2	3959	198.998655667977	1
2	3970	199.510330142625	1
2	3979	199.619086820584	1
2	3989	199.827827709099	1
3	8	1.085460666985	1
3	23	1.298404707713	1
3	26	1.398404707713	1
3	38	1.720417977924	1
3	49	2.322914752752	1
3	60	2.674044876294	1
3	71	3.502957656789	1
3	82	4.572915954934	1
3	93	4.987015349299	1
3	109	5.512279900445	1
3	119	5.665057837894	1
3	125	5.765057837894	1
3	127	5.865057837894	2
3	141	6.553877496298	1
3	155	7.41147555901	1
3	164	7.59666874993	1
3	174	7.707824070724	1
3	187	7.891415488735	1
3	191	7.991415488735	2
3	195	8.091415488735	2
3	209	8.738481749246	1
3	220	9.429344928029	1
3	231	11.268952075178	1
3	246	12.286609513648	1
3	252	12.386609513648	1
3	259	12.534731727842	1
3	271	12.965432085844	1
3	282	14.294267447467	1
3	296	15.299040513282	1
3	302	15.431519655933	1
3	318	16.000383687409	1
3	321	16.100383687409	1
3	333	16.786593394878	1
3	344	18.046943173386	1
3	355	18.254024864946	1
3	366	19.033952886188	1
3	377	20.532924018173	1
3	388	20.999991434058	1
3	403	21.752258674018	1
3	406	21.852258674018	1
3	418	22.306067605315	1
3	433	22.626388426755	1
3	436	22.726388426755	1
3	448	23.623417802749	1
3	459	23.903829219307	1
3	470	24.429928988484	1
3	484	25.102689701689	1
3	490	25.223688804893	1
3	502	25.573547240215	1
3	513	26.62305091698	1
3	528	26.964562473682	1
3	531	27.064562473682	1
3	546	27.608425772667	1
3	554	27.80851620776	1
3	569	28.240381245393	1
3	572	28.340381245393	1
3	588	28.911642610506	1
3	591	29.011642610506	1
3	603	29.497837361279	1
3	614	30.367904139262	1
3	629	31.349444740556	1
3	632	31.449444740556	1
3	644	31.799003565521	1
3	655	32.366965912187	1
3	666	33.802792785494	1
3	677	34.044767299654	1
3	688	34.275491128587	1
3	703	34.767600151615	1
3	706	34.867600151615	1
3	716	35.069721427159	1
3	726	35.284326742884	1
3	744	35.602110188411	1
3	749	35.702110188411	1
3	753	35.802110188411	1
3	765	36.78124220554	1
3	780	37.931811331948	1
3	783	38.031811331948	1
3	793	38.308507937847	1
3	809	38.899068472116	1
3	812	38.999068472116	1
3	824	39.452997104626	1
3	835	40.242464250509	1
3	850	41.268971337714	1
3	856	41.368971337714	1
3	863	41.49171353276	1
3	875	42.365434812161	1
3	886	43.531753407246	1
3	897	44.601991638459	1
3	908	44.861988843428	1
3	919	45.084434087796	1
3	930	45.927470155136	1
3	941	46.47362894867	1
3	952	46.684182463912	1
3	963	47.919459947619	1
3	974	49.211630500819	1
3	985	51.657092571404	1
3	996	51.893373085911	1
3	1010	52.271367545245	1
3	1016	52.37957310067	1
3	1028	53.630822287649	1
3	1039	53.929893038005	1
3	1056	54.140537745322	1
3	1061	54.240537745322	1
3	1065	54.340537745322	1
3	1077	55.316434288052	1
3	1092	56.426644595051	1
3	1095	56.526644595051	1
3	1107	57.170557256825	1
3	1118	57.46137373085	1
3	1129	58.004346277589	1
3	1140	59.736588263524	1
3	1151	60.080585272418	1
3	1162	62.715854600387	1
3	1173	62.980121803394	1
3	1184	63.345741413799	1
3	1195	63.876516257877	1
3	1210	64.926160000594	1
3	1216	65.026160000594	1
3	1226	65.19700786037	1
3	1231	65.309701647194	2
3	1245	65.855546459403	1
3	1256	66.159213031303	1
3	1267	67.557999827367	1
3	1278	68.167586193212	1
3	1289	68.626446799878	1
3	1300	68.906072840139	1
3	1317	69.441326470131	1
3	1322	69.541326470131	1
3	1326	69.641326470131	1
3	1336	69.944345229598	1
3	1354	70.209481193152	1
3	1360	70.309481193152	1
3	1366	70.409481193152	2
3	1372	70.509481193152	2
3	1377	70.609481193152	3
3	1384	70.770085324716	3
3	1394	71.01101637004	3
3	1410	71.658240308583	1
3	1426	72.550122108845	1
3	1436	72.695329272875	1
3	1442	72.795329272875	1
3	1444	72.895329272875	2
3	1456	73.192709473204	1
3	1466	73.482310069831	1
3	1479	73.709247886636	1
3	1486	73.862084769821	1
3	1502	74.469255743754	1
3	1505	74.569255743754	1
3	1515	74.797425595442	1
3	1533	75.322251570078	1
3	1538	75.422251570078	1
3	1542	75.522251570078	1
3	1554	76.779298241756	1
3	1565	77.267157331825	1
3	1576	78.131583800689	1
3	1587	78.576747921936	1
3	1598	79.839463943808	1
3	1609	80.098818861325	1
3	1620	80.423083937853	1
3	1631	81.156226737138	1
3	1642	81.714426397333	1
3	1653	82.745655865065	1
3	1668	83.177925737861	1
3	1671	83.277925737861	1
3	1683	83.811176314337	1
3	1697	84.368082206267	1
3	1706	84.550544438762	1
3	1713	84.750276193138	1
3	1723	84.965028461684	1
3	1741	85.388655858812	1
3	1748	85.488655858812	1
3	1754	85.588655858812	1
3	1759	85.688655858812	2
3	1771	85.886739415256	2
3	1780	86.053042614319	2
3	1782	86.153042614319	3
3	1794	86.542501072797	2
3	1808	87.198059167963	1
3	1819	87.698204459435	1
3	1830	87.982554264574	1
3	1841	88.369319631774	1
3	1852	89.195320869376	1
3	1869	89.403184216482	1
3	1874	89.503184216482	1
3	1878	89.603184216482	1
3	1888	89.828586915297	1
3	1900	92.14138140222	1
3	1911	93.34953612459	1
3	1922	93.598579852699	1
3	1933	95.484469815314	1
3	1944	95.894445705922	1
3	1955	96.294411564498	1
3	1970	98.559877895439	1
3	1973	98.659877895439	1
3	1985	98.975783440658	1
3	1996	99.225126606941	1
3	2007	99.455002031283	1
3	2018	100.538167113118	1
3	2029	100.978294908846	1
3	2040	101.354083512331	1
3	2055	101.871927505761	1
3	2058	101.971927505761	1
3	2070	103.08461699533	1
3	2085	104.241965643434	1
3	2091	104.341965643434	1
3	2098	104.531103616438	1
3	2110	104.905870767217	1
3	2121	105.464936904683	1
3	2136	106.378753024589	1
3	2139	106.478753024589	1
3	2151	107.211265234478	1
3	2162	107.682318050751	1
3	2173	108.211483484756	1
3	2188	108.976976596005	1
3	2191	109.076976596005	1
3	2203	110.204779684975	1
3	2218	110.463855645855	1
3	2221	110.563855645855	1
3	2237	111.055998017536	1
3	2243	111.155998017536	1
3	2250	111.335246093168	1
3	2262	111.739905744271	1
3	2277	112.17078065881	1
3	2280	112.27078065881	1
3	2292	112.860083325882	1
3	2306	113.402198289425	1
3	2317	113.506234692265	1
3	2328	113.644521025598	1
3	2332	113.744521025598	2
3	2336	113.844521025598	2
3	2346	114.058917810178	2
3	2366	115.174141706995	1
3	2373	115.274141706995	1
3	2379	115.374141706995	1
3	2381	115.474141706995	2
3	2393	115.814118102832	1
3	2408	117.116142887622	1
3	2414	117.287526963597	1
3	2426	117.560350083839	1
3	2442	117.798084473292	1
3	2450	117.946215383965	1
3	2454	118.046215383965	1
3	2466	118.785765122181	1
3	2481	118.995876016248	1
3	2484	119.095876016248	1
3	2496	121.664284033144	1
3	2510	122.48324625679	1
3	2516	122.646593528937	1
3	2528	123.02727747404	1
3	2539	123.820473069299	1
3	2550	124.367636696263	1
3	2565	126.332854991494	1
3	2568	126.432854991494	1
3	2583	127.442608571766	1
3	2589	127.564638730311	1
3	2601	128.275586049031	1
3	2617	128.897090463835	1
3	2625	129.039052777561	1
3	2629	129.139052777561	1
3	2644	129.506655481279	1
3	2650	129.678155754535	1
3	2662	131.471647987915	1
3	2673	131.940715059806	1
3	2687	132.655100034582	1
3	2693	132.809409866798	1
3	2705	134.219623171488	1
3	2716	134.507812212998	1
3	2727	135.13410333708	1
3	2738	136.666524538094	1
3	2749	136.920673401148	1
3	2764	138.477695519701	1
3	2767	138.577695519701	1
3	2782	139.020204443292	1
3	2788	139.169764427377	1
3	2806	139.627225342074	1
3	2811	139.727225342074	1
3	2815	139.827225342074	1
3	2827	140.543112847682	1
3	2838	142.830399464202	1
3	2849	143.085822187588	1
3	2860	143.596445562823	1
3	2871	144.113618365291	1
3	2885	145.055048126166	1
3	2891	145.165656401309	1
3	2907	145.66037218236	1
3	2910	145.76037218236	1
3	2922	146.942579125601	1
3	2933	147.962120237995	1
3	2944	148.48864476106	1
3	2955	149.492918160014	1
3	2969	150.233267810122	1
3	2979	150.358542776387	1
3	2983	150.458542776387	1
3	2993	150.735164772536	1
3	3005	151.07080753244	1
3	3016	151.888804721478	1
3	3032	152.599091310234	1
3	3040	152.72275092189	1
3	3044	152.82275092189	1
3	3054	153.109509298143	1
3	3069	153.456977582934	1
3	3078	153.61458032046	1
3	3085	153.723638891231	1
3	3097	154.359775268485	1
3	3108	154.784096919756	1
3	3119	155.651404541624	1
3	3130	156.677078371137	1
3	3147	157.757724893352	1
3	3152	157.857724893352	1
3	3156	157.957724893352	1
3	3168	158.923367104279	1
3	3179	160.884941443285	1
3	3193	161.384561304648	1
3	3199	161.566149673462	1
3	3211	162.100154734731	1
3	3225	163.296201983993	1
3	3235	163.428665298816	1
3	3239	163.528665298816	1
3	3249	163.853817261329	1
3	3261	164.131898404554	1
3	3272	164.342402540936	1
3	3287	165.011125057387	1
3	3290	165.111125057387	1
3	3306	166.663612330207	1
3	3309	166.763612330207	1
3	3321	167.173401183556	1
3	3332	167.535500256865	1
3	3343	168.205167355194	1
3	3358	169.024742666427	1
3	3361	169.124742666427	1
3	3376	169.561765756846	1
3	3382	169.734283993721	1
3	3394	170.026074641694	1
3	3410	170.289718689913	1
3	3418	170.400124895888	1
3	3422	170.500124895888	1
3	3434	171.507415486709	1
3	3445	173.148628426447	1
3	3459	173.696982245345	1
3	3465	173.838110184613	1
3	3477	174.754036944645	1
3	3488	175.269944870756	1
3	3499	176.402283032281	1
3	3510	176.924281427609	1
3	3524	177.478819195858	1
3	3530	177.638701307268	1
3	3542	178.550077536147	1
3	3553	178.945880828799	1
3	3564	179.519737475138	1
3	3579	179.994912753665	1
3	3582	180.094912753665	1
3	3594	181.240304036675	1
3	3605	182.073196742033	1
3	3619	184.068339378064	1
3	3628	184.184520908347	1
3	3635	184.290284457245	1
3	3649	184.65834753356	1
3	3653	184.75834753356	1
3	3669	185.100414116103	1
3	3672	185.200414116103	1
3	3687	185.507733511375	1
3	3693	185.640746554023	1
3	3705	186.756971762292	1
3	3719	188.129861918509	1
3	3725	188.245149719947	1
3	3741	189.169813221503	1
3	3744	189.269813221503	1
3	3756	189.873527325128	1
3	3767	191.00687585769	1
3	3778	191.24406512454	1
3	3789	192.058513382555	1
3	3800	192.373559826171	1
3	3811	192.739613277125	1
3	3822	193.251424371094	1
3	3839	193.57506068737	1
3	3844	193.67506068737	1
3	3848	193.77506068737	1
3	3860	194.481550067013	1
3	3871	194.729659745803	1
3	3886	195.563453425372	1
3	3889	195.663453425372	1
3	3899	195.913116472116	1
3	3911	196.668027886003	1
3	3926	196.948054288485	1
3	3929	197.048054288485	1
3	3944	198.1058765778	1
3	3950	198.244242082135	1
3	3962	199.098755667977	1
3	3976	199.610430142625	1
3	3982	199.719186820584	1
3	3992	199.927927709099	1
4	18	1.285460666985	0.4002
4	27	1.498404707713	0.4002
4	35	1.698404707713	0.587617823425
4	40	1.920417977924	0.4002
4	54	2.522914752752	0.4002
4	62	2.874044876294	0.4002
4	73	3.702957656789	0.4002
4	84	4.772915954934	0.4002
4	95	5.187015349299	0.4002
4	120	5.712279900445	0.4002
4	128	5.912279900445	0.447422062551
4	130	6.112279900445	0.632125686179
4	132	6.312279900445	0.699690651666
4	143	6.753877496298	0.4002
4	168	7.61147555901	0.4002
4	180	7.81147555901	0.41500680908
4	192	8.01147555901	0.503851488286
4	196	8.21147555901	0.520260070275
4	198	8.41147555901	0.664767292825
4	203	8.61147555901	0.766989145978
4	211	8.938481749246	0.4002
4	222	9.629344928029	0.4002
4	233	11.468952075178	0.4002
4	256	12.486609513648	0.4002
4	260	12.686609513648	0.597826350619
4	268	12.886609513648	0.552077785806
4	273	13.165432085844	0.4002
4	284	14.494267447467	0.4002
4	303	15.499040513282	0.4002
4	305	15.699040513282	0.467720857349
4	322	16.200383687409	0.4002
4	324	16.400383687409	0.581542922013
4	335	16.986593394878	0.4002
4	352	18.246943173386	0.4002
4	357	18.454024864946	0.4002
4	368	19.233952886188	0.4002
4	379	20.732924018173	0.4002
4	390	21.199991434058	0.4002
4	407	21.952258674018	0.4002
4	412	22.152258674018	0.515636295568
4	423	22.506067605315	0.4002
4	437	22.826388426755	0.4002
4	439	23.026388426755	0.508190366098
4	456	23.823417802749	0.4002
4	461	24.103829219307	0.4002
4	472	24.629928988484	0.4002
4	491	25.302689701689	0.4002
4	499	25.502689701689	0.479200896796
4	504	25.773547240215	0.4002
4	518	26.82305091698	0.4002
4	532	27.164562473682	0.4002
4	534	27.364562473682	0.533371620436
4	552	27.808425772667	0.4002
4	556	28.00851620776	0.4002
4	573	28.440381245393	0.4002
4	575	28.640381245393	0.559513185996
4	592	29.111642610506	0.4002
4	597	29.311642610506	0.565340141865
4	605	29.697837361279	0.4002
4	616	30.567904139262	0.4002
4	633	31.549444740556	0.4002
4	641	31.749444740556	0.593085162665
4	646	31.999003565521	0.4002
4	657	32.566965912187	0.4002
4	674	34.002792785494	0.4002
4	685	34.244767299654	0.4002
4	690	34.475491128587	0.4002
4	710	34.967600151615	0.4002
4	720	35.167600151615	0.543310647545
4	727	35.367600151615	0.498078724456
4	739	35.567600151615	0.483473408731
4	751	35.802110188411	0.4002
4	754	36.002110188411	0.527587592325
4	756	36.202110188411	0.679605890359
4	767	36.98124220554	0.4002
4	787	38.131811331948	0.4002
4	794	38.331811331948	0.571381047619
4	796	38.531811331948	0.423503394101
4	813	39.099068472116	0.4002
4	818	39.299068472116	0.522166120844
4	826	39.652997104626	0.4002
4	837	40.442464250509	0.4002
4	860	41.468971337714	0.4002
4	864	41.668971337714	0.510555109174
4	866	41.868971337714	0.577457804954
4	877	42.565434812161	0.4002
4	888	43.731753407246	0.4002
4	905	44.801991638459	0.4002
4	916	45.061988843428	0.4002
4	921	45.284434087796	0.4002
4	932	46.127470155136	0.4002
4	949	46.67362894867	0.4002
4	954	46.884182463912	0.4002
4	965	48.119459947619	0.4002
4	976	49.411630500819	0.4002
4	993	51.857092571404	0.4002
4	1001	52.093373085911	0.4002
4	1017	52.471367545245	0.4002
4	1019	52.671367545245	0.491994444575
4	1036	53.830822287649	0.4002
4	1051	54.129893038005	0.4002
4	1063	54.340537745322	0.4002
4	1066	54.540537745322	0.541327674951
4	1068	54.740537745322	0.656879392816
4	1079	55.516434288052	0.4002
4	1096	56.626644595051	0.4002
4	1098	56.826644595051	0.501874902062
4	1115	57.370557256825	0.4002
4	1120	57.66137373085	0.4002
4	1131	58.204346277589	0.4002
4	1145	59.936588263524	0.4002
4	1153	60.280585272418	0.4002
4	1170	62.915854600387	0.4002
4	1178	63.180121803394	0.4002
4	1186	63.545741413799	0.4002
4	1197	64.076516257877	0.4002
4	1223	65.126160000594	0.4002
4	1232	65.326160000594	0.5030617002
4	1234	65.526160000594	0.529352140224
4	1239	65.726160000594	0.6166583534
4	1250	66.055546459403	0.4002
4	1258	66.359213031303	0.4002
4	1269	67.757999827367	0.4002
4	1280	68.367586193212	0.4002
4	1297	68.826446799878	0.4002
4	1302	69.106072840139	0.4002
4	1324	69.641326470131	0.4002
4	1330	69.841326470131	0.598754201567
4	1340	70.041326470131	0.774709734327
4	1355	70.241326470131	0.497181240533
4	1367	70.441326470131	0.432045276979
4	1378	70.641326470131	0.550572792463
4	1388	70.841326470131	0.700796106494
4	1395	71.041326470131	0.850902331263
4	1397	71.241326470131	0.832199086267
4	1399	71.441326470131	0.871441145415
4	1407	71.641326470131	0.830510100091
4	1412	71.858240308583	0.4002
4	1437	72.750122108845	0.4002
4	1445	72.950122108845	0.45499283597
4	1453	73.150122108845	0.630525132048
4	1460	73.350122108845	0.694349676654
4	1470	73.550122108845	0.557612635641
4	1480	73.750122108845	0.468012039014
4	1487	73.950122108845	0.441074222209
4	1489	74.150122108845	0.488237339024
4	1509	74.669255743754	0.4002
4	1516	74.869255743754	0.527137473847
4	1518	75.069255743754	0.472030148312
4	1540	75.522251570078	0.4002
4	1543	75.722251570078	0.573767827091
4	1545	75.922251570078	0.614887462217
4	1556	76.979298241756	0.4002
4	1567	77.467157331825	0.4002
4	1578	78.331583800689	0.4002
4	1589	78.776747921936	0.4002
4	1606	80.039463943808	0.4002
4	1614	80.298818861325	0.4002
4	1622	80.623083937853	0.4002
4	1633	81.356226737138	0.4002
4	1644	81.914426397333	0.4002
4	1655	82.945655865065	0.4002
4	1672	83.377925737861	0.4002
4	1674	83.577925737861	0.5134875823
4	1685	84.011176314337	0.4002
4	1707	84.568082206267	0.4002
4	1717	84.768082206267	0.417737767505
4	1724	84.968082206267	0.418006013129
4	1726	85.168082206267	0.403253744583
4	1752	85.588655858812	0.4002
4	1763	85.788655858812	0.584763244351
4	1775	85.988655858812	0.761231506256
4	1783	86.188655858812	0.74459572641
4	1788	86.388655858812	0.702116443556
4	1795	86.588655858812	0.735813244493
4	1797	86.788655858812	0.935649705386
4	1799	86.988655858812	0.646354786015
4	1810	87.398059167963	0.4002
4	1827	87.898204459435	0.4002
4	1835	88.182554264574	0.4002
4	1843	88.569319631774	0.4002
4	1864	89.395320869376	0.4002
4	1876	89.603184216482	0.4002
4	1885	89.803184216482	0.509304421513
4	1889	90.003184216482	0.669459580052
4	1891	90.203184216482	0.574797301185
4	1902	92.34138140222	0.4002
4	1919	93.54953612459	0.4002
4	1924	93.798579852699	0.4002
4	1935	95.684469815314	0.4002
4	1949	96.094445705922	0.4002
4	1957	96.494411564498	0.4002
4	1974	98.759877895439	0.4002
4	1982	98.959877895439	0.533015221936
4	1993	99.175783440658	0.4002
4	2004	99.425126606941	0.4002
4	2009	99.655002031283	0.4002
4	2020	100.738167113118	0.4002
4	2034	101.178294908846	0.4002
4	2042	101.554083512331	0.4002
4	2059	102.071927505761	0.4002
4	2061	102.271927505761	0.541727486954
4	2072	103.28461699533	0.4002
4	2095	104.441965643434	0.4002
4	2099	104.641965643434	0.557883896123
4	2107	104.841965643434	0.511062026996
4	2112	105.105870767217	0.4002
4	2123	105.664936904683	0.4002
4	2140	106.578753024589	0.4002
4	2142	106.778753024589	0.528480658339
4	2153	107.411265234478	0.4002
4	2164	107.882318050751	0.4002
4	2175	108.411483484756	0.4002
4	2192	109.176976596005	0.4002
4	2194	109.376976596005	0.577520051883
4	2213	110.404779684975	0.4002
4	2222	110.663855645855	0.4002
4	2227	110.863855645855	0.505012752097
4	2247	111.255998017536	0.4002
4	2251	111.455998017536	0.534725397134
4	2259	111.655998017536	0.520951924368
4	2264	111.939905744271	0.4002
4	2281	112.37078065881	0.4002
4	2283	112.57078065881	0.582431751096
4	2294	113.060083325882	0.4002
4	2321	113.602198289425	0.4002
4	2333	113.802198289425	0.49616359716
4	2343	114.002198289425	0.557877263827
4	2347	114.202198289425	0.726799522481
4	2349	114.402198289425	0.790807466753
4	2351	114.602198289425	0.743480479247
4	2377	115.374141706995	0.4002
4	2382	115.574141706995	0.531583610217
4	2390	115.774141706995	0.693457719039
4	2394	115.974141706995	0.775189443363
4	2396	116.174141706995	0.560223604163
4	2415	117.316142887622	0.4002
4	2423	117.516142887622	0.428815924025
4	2439	117.760350083839	0.4002
4	2451	117.998084473292	0.4002
4	2455	118.198084473292	0.452069089327
4	2457	118.398084473292	0.65031688197
4	2476	118.985765122181	0.4002
4	2485	119.195876016248	0.4002
4	2487	119.395876016248	0.532379686026
4	2498	121.864284033144	0.4002
4	2517	122.68324625679	0.4002
4	2522	122.88324625679	0.436852727853
4	2530	123.22727747404	0.4002
4	2541	124.020473069299	0.4002
4	2552	124.567636696263	0.4002
4	2569	126.532854991494	0.4002
4	2571	126.732854991494	0.504366163444
4	2590	127.642608571766	0.4002
4	2592	127.842608571766	0.478169841455
4	2603	128.475586049031	0.4002
4	2626	129.097090463835	0.4002
4	2630	129.297090463835	0.458237686274
4	2641	129.497090463835	0.62832760741
4	2651	129.706655481279	0.4002
4	2653	129.906655481279	0.428699726744
4	2664	131.671647987915	0.4002
4	2675	132.140715059806	0.4002
4	2694	132.855100034582	0.4002
4	2696	133.055100034582	0.445890167784
4	2713	134.419623171488	0.4002
4	2718	134.707812212998	0.4002
4	2729	135.33410333708	0.4002
4	2746	136.866524538094	0.4002
4	2751	137.120673401148	0.4002
4	2768	138.677695519701	0.4002
4	2773	138.877695519701	0.559555187326
4	2789	139.220204443292	0.4002
4	2791	139.420204443292	0.450640015915
4	2813	139.827225342074	0.4002
4	2816	140.027225342074	0.511536087785
4	2818	140.227225342074	0.702553165892
4	2829	140.743112847682	0.4002
4	2846	143.030399464202	0.4002
4	2851	143.285822187588	0.4002
4	2862	143.796445562823	0.4002
4	2873	144.313618365291	0.4002
4	2892	145.255048126166	0.4002
4	2894	145.455048126166	0.489591724857
4	2911	145.86037218236	0.4002
4	2913	146.06037218236	0.576973153286
4	2924	147.142579125601	0.4002
4	2935	148.162120237995	0.4002
4	2946	148.68864476106	0.4002
4	2957	149.692918160014	0.4002
4	2980	150.433267810122	0.4002
4	2987	150.633267810122	0.474925033735
4	2994	150.833267810122	0.578447992839
4	3002	151.033267810122	0.498303037586
4	3007	151.27080753244	0.4002
4	3018	152.088804721478	0.4002
4	3041	152.799091310234	0.4002
4	3048	152.999091310234	0.476540388344
4	3055	153.199091310234	0.610236318316
4	3063	153.399091310234	0.489782012091
4	3082	153.656977582934	0.4002
4	3086	153.856977582934	0.442597262474
4	3088	154.056977582934	0.533538691703
4	3099	154.559775268485	0.4002
4	3110	154.984096919756	0.4002
4	3121	155.851404541624	0.4002
4	3132	156.877078371137	0.4002
4	3154	157.957724893352	0.4002
4	3157	158.157724893352	0.543543213153
4	3159	158.357724893352	0.60042681095
4	3170	159.123367104279	0.4002
4	3181	161.084941443285	0.4002
4	3200	161.584561304648	0.4002
4	3202	161.784561304648	0.418611631186
4	3213	162.300154734731	0.4002
4	3236	163.496201983993	0.4002
4	3243	163.696201983993	0.467736685177
4	3250	163.896201983993	0.586331154939
4	3258	164.096201983993	0.442584722664
4	3269	164.331898404554	0.4002
4	3274	164.542402540936	0.4002
4	3291	165.211125057387	0.4002
4	3293	165.411125057387	0.57723131796
4	3310	166.863612330207	0.4002
4	3315	167.063612330207	0.581500714866
4	3326	167.373401183556	0.4002
4	3334	167.735500256865	0.4002
4	3345	168.405167355194	0.4002
4	3362	169.224742666427	0.4002
4	3367	169.424742666427	0.552088447774
4	3383	169.761765756846	0.4002
4	3391	169.961765756846	0.427681763125
4	3407	170.226074641694	0.4002
4	3419	170.489718689913	0.4002
4	3423	170.689718689913	0.489793794025
4	3425	170.889718689913	0.675567201982
4	3436	171.707415486709	0.4002
4	3447	173.348628426447	0.4002
4	3466	173.896982245345	0.4002
4	3468	174.096982245345	0.459072060732
4	3479	174.954036944645	0.4002
4	3490	175.469944870756	0.4002
4	3501	176.602283032281	0.4002
4	3512	177.124281427609	0.4002
4	3531	177.678819195858	0.4002
4	3533	177.878819195858	0.44031788859
4	3547	178.750077536147	0.4002
4	3555	179.145880828799	0.4002
4	3566	179.719737475138	0.4002
4	3583	180.194912753665	0.4002
4	3585	180.394912753665	0.587364569526
4	3596	181.440304036675	0.4002
4	3607	182.273196742033	0.4002
4	3632	184.268339378064	0.4002
4	3639	184.468339378064	0.484018469717
4	3650	184.668339378064	0.578254920819
4	3654	184.868339378064	0.410191844504
4	3664	185.068339378064	0.599971155499
4	3673	185.300414116103	0.4002
4	3684	185.500414116103	0.589894007773
4	3694	185.707733511375	0.4002
4	3696	185.907733511375	0.467186957352
4	3707	186.956971762292	0.4002
4	3726	188.329861918509	0.4002
4	3728	188.529861918509	0.484912198562
4	3745	189.369813221503	0.4002
4	3747	189.569813221503	0.59135418805
4	3758	190.073527325128	0.4002
4	3775	191.20687585769	0.4002
4	3780	191.44406512454	0.4002
4	3794	192.258513382555	0.4002
4	3805	192.573559826171	0.4002
4	3813	192.939613277125	0.4002
4	3831	193.451424371094	0.4002
4	3846	193.77506068737	0.4002
4	3849	193.97506068737	0.599607707064
4	3851	194.17506068737	0.725133432825
4	3868	194.681550067013	0.4002
4	3873	194.929659745803	0.4002
4	3893	195.763453425372	0.4002
4	3900	195.963453425372	0.540533803858
4	3902	196.163453425372	0.450536953256
4	3921	196.868027886003	0.4002
4	3930	197.148054288485	0.4002
4	3932	197.348054288485	0.552068856118
4	3951	198.3058765778	0.4002
4	3953	198.5058765778	0.461834495665
4	3964	199.298755667977	0.4002
4	3986	199.810430142625	0.4002
5	18	1.285460666985	1
5	27	1.498404707713	1
5	35	1.698404707713	1
5	40	1.920417977924	1
5	54	2.522914752752	1
5	62	2.874044876294	1
5	73	3.702957656789	1
5	84	4.772915954934	1
5	95	5.187015349299	1
5	120	5.712279900445	1
5	128	5.912279900445	1
5	130	6.112279900445	1
5	132	6.312279900445	1
5	143	6.753877496298	1
5	168	7.61147555901	1
5	180	7.81147555901	1
5	192	8.01147555901	1
5	196	8.21147555901	1
5	198	8.41147555901	1
5	203	8.61147555901	1
5	211	8.938481749246	1
5	222	9.629344928029	1
5	233	11.468952075178	1
5	256	12.486609513648	1
5	260	12.686609513648	1
5	268	12.886609513648	1
5	273	13.165432085844	1
5	284	14.494267447467	1
5	303	15.499040513282	1
5	305	15.699040513282	1
5	322	16.200383687409	1
5	324	16.400383687409	1
5	335	16.986593394878	1
5	352	18.246943173386	1
5	357	18.454024864946	1
5	368	19.233952886188	1
5	379	20.732924018173	1
5	390	21.199991434058	1
5	407	21.952258674018	1
5	412	22.152258674018	1
5	423	22.506067605315	1
5	437	22.826388426755	1
5	439	23.026388426755	1
5	456	23.823417802749	1
5	461	24.103829219307	1
5	472	24.629928988484	1
5	491	25.302689701689	1
5	499	25.502689701689	1
5	504	25.773547240215	1
5	518	26.82305091698	1
5	532	27.164562473682	1
5	534	27.364562473682	1
5	552	27.808425772667	1
5	556	28.00851620776	1
5	573	28.440381245393	1
5	575	28.640381245393	1
5	592	29.111642610506	1
5	597	29.311642610506	1
5	605	29.697837361279	1
5	616	30.567904139262	1
5	633	31.549444740556	1
5	641	31.749444740556	1
5	646	31.999003565521	1
5	657	32.566965912187	1
5	674	34.002792785494	1
5	685	34.244767299654	1
5	690	34.475491128587	1
5	710	34.967600151615	1
5	720	35.167600151615	1
5	727	35.367600151615	1
5	739	35.567600151615	1
5	751	35.802110188411	1
5	754	36.002110188411	1
5	756	36.202110188411	1
5	767	36.98124220554	1
5	787	38.131811331948	1
5	794	38.331811331948	1
5	796	38.531811331948	1
5	813	39.099068472116	1
5	818	39.299068472116	1
5	826	39.652997104626	1
5	837	40.442464250509	1
5	860	41.468971337714	1
5	864	41.668971337714	1
5	866	41.868971337714	1
5	877	42.565434812161	1
5	888	43.731753407246	1
5	905	44.801991638459	1
5	916	45.061988843428	1
5	921	45.284434087796	1
5	932	46.127470155136	1
5	949	46.67362894867	1
5	954	46.884182463912	1
5	965	48.119459947619	1
5	976	49.411630500819	1
5	993	51.857092571404	1
5	1001	52.093373085911	1
5	1017	52.471367545245	1
5	1019	52.671367545245	1
5	1036	53.830822287649	1
5	1051	54.129893038005	1
5	1063	54.340537745322	1
5	1066	54.540537745322	1
5	1068	54.740537745322	1
5	1079	55.516434288052	1
5	1096	56.626644595051	1
5	1098	56.826644595051	1
5	1115	57.370557256825	1
5	1120	57.66137373085	1
5	1131	58.204346277589	1
5	1145	59.936588263524	1
5	1153	60.280585272418	1
5	1170	62.915854600387	1
5	1178	63.180121803394	1
5	1186	63.545741413799	1
5	1197	64.076516257877	1
5	1223	65.126160000594	1
5	1232	65.326160000594	1
5	1234	65.526160000594	1
5	1239	65.726160000594	1
5	1250	66.055546459403	1
5	1258	66.359213031303	1
5	1269	67.757999827367	1
5	1280	68.367586193212	1
5	1297	68.826446799878	1
5	1302	69.106072840139	1
5	1324	69.641326470131	1
5	1330	69.841326470131	1
5	1340	70.041326470131	1
5	1355	70.241326470131	1
5	1367	70.441326470131	1
5	1378	70.641326470131	1
5	1388	70.841326470131	1
5	1395	71.041326470131	1
5	1397	71.241326470131	1
5	1399	71.441326470131	1
5	1407	71.641326470131	1
5	1412	71.858240308583	1
5	1437	72.750122108845	1
5	1445	72.950122108845	1
5	1453	73.150122108845	1
5	1460	73.350122108845	1
5	1470	73.550122108845	1
5	1480	73.750122108845	1
5	1487	73.950122108845	1
5	1489	74.150122108845	1
5	1509	74.669255743754	1
5	1516	74.869255743754	1
5	1518	75.069255743754	1
5	1540	75.522251570078	1
5	1543	75.722251570078	1
5	1545	75.922251570078	1
5	1556	76.979298241756	1
5	1567	77.467157331825	1
5	1578	78.331583800689	1
5	1589	78.776747921936	1
5	1606	80.039463943808	1
5	1614	80.298818861325	1
5	1622	80.623083937853	1
5	1633	81.356226737138	1
5	1644	81.914426397333	1
5	1655	82.945655865065	1
5	1672	83.377925737861	1
5	1674	83.577925737861	1
5	1685	84.011176314337	1
5	1707	84.568082206267	1
5	1717	84.768082206267	1
5	1724	84.968082206267	1
5	1726	85.168082206267	1
5	1752	85.588655858812	1
5	1763	85.788655858812	1
5	1775	85.988655858812	1
5	1783	86.188655858812	1
5	1788	86.388655858812	1
5	1795	86.588655858812	1
5	1797	86.788655858812	1
5	1799	86.988655858812	1
5	1810	87.398059167963	1
5	1827	87.898204459435	1
5	1835	88.182554264574	1
5	1843	88.569319631774	1
5	1864	89.395320869376	1
5	1876	89.603184216482	1
5	1885	89.803184216482	1
5	1889	90.003184216482	1
5	1891	90.203184216482	1
5	1902	92.34138140222	1
5	1919	93.54953612459	1
5	1924	93.798579852699	1
5	1935	95.684469815314	1
5	1949	96.094445705922	1
5	1957	96.494411564498	1
5	1974	98.759877895439	1
5	1982	98.959877895439	1
5	1993	99.175783440658	1
5	2004	99.425126606941	1
5	2009	99.655002031283	1
5	2020	100.738167113118	1
5	2034	101.178294908846	1
5	2042	101.554083512331	1
5	2059	102.071927505761	1
5	2061	102.271927505761	1
5	2072	103.28461699533	1
5	2095	104.441965643434	1
5	2099	104.641965643434	1
5	2107	104.841965643434	1
5	2112	105.105870767217	1
5	2123	105.664936904683	1
5	2140	106.578753024589	1
5	2142	106.778753024589	1
5	2153	107.411265234478	1
5	2164	107.882318050751	1
5	2175	108.411483484756	1
5	2192	109.176976596005	1
5	2194	109.376976596005	1
5	2213	110.404779684975	1
5	2222	110.663855645855	1
5	2227	110.863855645855	1
5	2247	111.255998017536	1
5	2251	111.455998017536	1
5	2259	111.655998017536	1
5	2264	111.939905744271	1
5	2281	112.37078065881	1
5	2283	112.57078065881	1
5	2294	113.060083325882	1
5	2321	113.602198289425	1
5	2333	113.802198289425	1
5	2343	114.002198289425	1
5	2347	114.202198289425	1
5	2349	114.402198289425	1
5	2351	114.602198289425	1
5	2377	115.374141706995	1
5	2382	115.574141706995	1
5	2390	115.774141706995	1
5	2394	115.974141706995	1
5	2396	116.174141706995	1
5	2415	117.316142887622	1
5	2423	117.516142887622	1
5	2439	117.760350083839	1
5	2451	117.998084473292	1
5	2455	118.198084473292	1
5	2457	118.398084473292	1
5	2476	118.985765122181	1
5	2485	119.195876016248	1
5	2487	119.395876016248	1
5	2498	121.864284033144	1
5	2517	122.68324625679	1
5	2522	122.88324625679	1
5	2530	123.22727747404	1
5	2541	124.020473069299	1
5	2552	124.567636696263	1
5	2569	126.532854991494	1
5	2571	126.732854991494	1
5	2590	127.642608571766	1
5	2592	127.842608571766	1
5	2603	128.475586049031	1
5	2626	129.097090463835	1
5	2630	129.297090463835	1
5	2641	129.497090463835	1
5	2651	129.706655481279	1
5	2653	129.906655481279	1
5	2664	131.671647987915	1
5	2675	132.140715059806	1
5	2694	132.855100034582	1
5	2696	133.055100034582	1
5	2713	134.419623171488	1
5	2718	134.707812212998	1
5	2729	135.33410333708	1
5	2746	136.866524538094	1
5	2751	137.120673401148	1
5	2768	138.677695519701	1
5	2773	138.877695519701	1
5	2789	139.220204443292	1
5	2791	139.420204443292	1
5	2813	139.827225342074	1
5	2816	140.027225342074	1
5	2818	140.227225342074	1
5	2829	140.743112847682	1
5	2846	143.030399464202	1
5	2851	143.285822187588	1
5	2862	143.796445562823	1
5	2873	144.313618365291	1
5	2892	145.255048126166	1
5	2894	145.455048126166	1
5	2911	145.86037218236	1
5	2913	146.06037218236	1
5	2924	147.142579125601	1
5	2935	148.162120237995	1
5	2946	148.68864476106	1
5	2957	149.692918160014	1
5	2980	150.433267810122	1
5	2987	150.633267810122	1
5	2994	150.833267810122	1
5	3002	151.033267810122	1
5	3007	151.27080753244	1
5	3018	152.088804721478	1
5	3041	152.799091310234	1
5	3048	152.999091310234	1
5	3055	153.199091310234	1
5	3063	153.399091310234	1
5	3082	153.656977582934	1
5	3086	153.856977582934	1
5	3088	154.056977582934	1
5	3099	154.559775268485	1
5	3110	154.984096919756	1
5	3121	155.851404541624	1
5	3132	156.877078371137	1
5	3154	157.957724893352	1
5	3157	158.157724893352	1
5	3159	158.357724893352	1
5	3170	159.123367104279	1
5	3181	161.084941443285	1
5	3200	161.584561304648	1
5	3202	161.784561304648	1
5	3213	162.300154734731	1
5	3236	163.496201983993	1
5	3243	163.696201983993	1
5	3250	163.896201983993	1
5	3258	164.096201983993	1
5	3269	164.331898404554	1
5	3274	164.542402540936	1
5	3291	165.211125057387	1
5	3293	165.411125057387	1
5	3310	166.863612330207	1
5	3315	167.063612330207	1
5	3326	167.373401183556	1
5	3334	167.735500256865	1
5	3345	168.405167355194	1
5	3362	169.224742666427	1
5	3367	169.424742666427	1
5	3383	169.761765756846	1
5	3391	169.961765756846	1
5	3407	170.226074641694	1
5	3419	170.489718689913	1
5	3423	170.689718689913	1
5	3425	170.889718689913	1
5	3436	171.707415486709	1
5	3447	173.348628426447	1
5	3466	173.896982245345	1
5	3468	174.096982245345	1
5	3479	174.954036944645	1
5	3490	175.469944870756	1
5	3501	176.602283032281	1
5	3512	177.124281427609	1
5	3531	177.678819195858	1
5	3533	177.878819195858	1
5	3547	178.750077536147	1
5	3555	179.145880828799	1
5	3566	179.719737475138	1
5	3583	180.194912753665	1
5	3585	180.394912753665	1
5	3596	181.440304036675	1
5	3607	182.273196742033	1
5	3632	184.268339378064	1
5	3639	184.468339378064	1
5	3650	184.668339378064	1
5	3654	184.868339378064	1
5	3664	185.068339378064	1
5	3673	185.300414116103	1
5	3684	185.500414116103	1
5	3694	185.707733511375	1
5	3696	185.907733511375	1
5	3707	186.956971762292	1
5	3726	188.329861918509	1
5	3728	188.529861918509	1
5	3745	189.369813221503	1
5	3747	189.569813221503	1
5	3758	190.073527325128	1
5	3775	191.20687585769	1
5	3780	191.44406512454	1
5	3794	192.258513382555	1
5	3805	192.573559826171	1
5	3813	192.939613277125	1
5	3831	193.451424371094	1
5	3846	193.77506068737	1
5	3849	193.97506068737	1
5	3851	194.17506068737	1
5	3868	194.681550067013	1
5	3873	194.929659745803	1
5	3893	195.763453425372	1
5	3900	195.963453425372	1
5	3902	196.163453425372	1
5	3921	196.868027886003	1
5	3930	197.148054288485	1
5	3932	197.348054288485	1
5	3951	198.3058765778	1
5	3953	198.5058765778	1
5	3964	199.298755667977	1
5	3986	199.810430142625	1

