version 3
run BaseVersion-12-20240511-20:45:07-11874
attr configname BaseVersion
attr datetime 20240511-20:45:07
attr datetimef 20240511-204507
attr experiment BaseVersion
attr inifile omnetpp.ini
attr iterationvars $genInterval=0.7
attr iterationvarsd genInterval=0.7
attr iterationvarsf genInterval=0.7-
attr measurement $genInterval=0.7
attr network Network
attr processid 11874
attr repetition 0
attr replication #0
attr resultdir results
attr runnumber 12
attr seedset 12
itervar genInterval 0.7
config network Network
config sim-time-limit 200s
config Network.nodeTx.gen.generationInterval exponential(0.7)
config Network.nodeTx.gen.packetByteSize 12500
config Network.nodeTx.queue.bufferSize 200
config Network.nodeRx.queue.bufferSize 200
config Network.queue.bufferSize 200

vector 0 Network.nodeTx.gen packetGen ETV
vector 1 Network.nodeTx.queue bufferSize ETV
vector 2 Network.queue bufferSize ETV
vector 3 Network.nodeRx.queue bufferSize ETV
vector 4 Network.nodeRx.sink Delay ETV
vector 5 Network.nodeRx.sink packetUsed ETV
0	1	0.117199895458	1
0	12	0.530893549754	1
0	23	1.473978900669	1
0	34	2.920613832121	1
0	43	3.134530270298	1
0	46	3.197810240629	1
0	62	3.731917625234	1
0	75	4.632056524653	1
0	78	4.642334079284	1
0	90	4.944397373242	1
0	104	6.701528759736	1
0	107	6.725716806711	1
0	123	8.342548339209	1
0	132	8.587672439362	1
0	135	8.611467322608	1
0	137	8.671757835436	1
0	161	10.873522096546	1
0	172	11.779644024451	1
0	178	11.882952244049	1
0	191	12.209533573313	1
0	202	12.443218355563	1
0	215	13.232121366815	1
0	226	13.884252220954	1
0	237	16.763599619049	1
0	248	18.7841019966	1
0	259	19.243913456782	1
0	270	20.584781140058	1
0	281	22.290373425872	1
0	284	22.291956682386	1
0	289	22.439354546887	1
0	306	22.954923212531	1
0	312	23.067019873484	1
0	329	23.629152110879	1
0	340	25.293776444625	1
0	351	25.758801489837	1
0	362	26.5659310797	1
0	373	27.589048498201	1
0	384	29.803601894636	1
0	390	29.926246815544	1
0	403	30.352476564743	1
0	416	31.364887327582	1
0	427	31.94458890321	1
0	430	31.959309464783	1
0	446	33.090358918404	1
0	452	33.192047062056	1
0	467	35.19952458751	1
0	470	35.286049566807	1
0	480	35.462993770127	1
0	492	35.722634449706	1
0	506	36.572308716305	1
0	517	37.351460729551	1
0	528	37.836586883444	1
0	539	38.282627802587	1
0	545	38.441160301623	1
0	560	39.626774527304	1
0	571	40.321549982066	1
0	580	40.560885924991	1
0	586	40.669969688128	1
0	603	41.594654678438	1
0	606	41.632738179878	1
0	622	42.481664870922	1
0	628	42.607361760606	1
0	641	42.885161293147	1
0	654	44.293286699865	1
0	663	44.578493545393	1
0	666	44.605196532526	1
0	684	47.278745908157	1
0	690	47.450555575298	1
0	705	48.136356424037	1
0	716	51.153080092093	1
0	727	53.254495843836	1
0	733	53.387327687329	1
0	748	54.408459923959	1
0	751	54.499220197388	1
0	767	55.719335718755	1
0	778	56.271269819395	1
0	787	56.636637966515	1
0	798	57.020031299442	1
0	811	57.440184431964	1
0	822	58.096190803745	1
0	831	58.454506021876	1
0	844	59.545050289312	1
0	855	63.273486262818	1
0	866	65.103114510376	1
0	872	65.239953891612	1
0	883	65.458887048268	1
0	897	67.759088359013	1
0	906	68.013008078122	1
0	917	68.393412837997	1
0	930	69.329834371883	1
0	939	69.716051443376	1
0	952	71.566781436415	1
0	963	72.002205556605	1
0	966	72.016756395505	1
0	978	72.344330316533	1
0	992	74.27020311746	1
0	1003	74.708710204509	1
0	1014	75.300712615242	1
0	1017	75.325773709263	1
0	1022	75.441451285919	1
0	1029	75.503076928407	1
0	1041	75.717552011514	1
0	1059	76.640651172678	1
0	1070	77.831686116566	1
0	1081	78.539491803322	1
0	1092	79.445377080867	1
0	1095	79.465190311924	1
0	1097	79.475413638097	1
0	1107	79.725256179063	1
0	1123	80.13514006074	1
0	1131	80.309828513834	1
0	1147	80.898536193865	1
0	1150	80.938150248217	1
0	1164	81.424329481769	1
0	1177	81.942857837193	1
0	1188	83.086431751903	1
0	1197	83.463372978766	1
0	1208	83.832978403551	1
0	1213	83.867572438846	1
0	1215	83.902438439938	1
0	1235	84.497142804921	1
0	1248	85.090081972998	1
0	1259	86.229106290534	1
0	1268	86.443756765714	1
0	1271	86.528168997344	1
0	1289	87.356007980889	1
0	1298	87.583163712521	1
0	1311	89.267471912815	1
0	1322	89.985898368341	1
0	1333	90.582223070152	1
0	1344	91.05733146368	1
0	1355	91.765772701834	1
0	1366	92.260214942173	1
0	1377	92.86874613474	1
0	1388	93.301945931851	1
0	1397	93.565537508548	1
0	1410	95.141483190534	1
0	1421	95.664565415012	1
0	1432	96.316153620158	1
0	1443	97.042559377763	1
0	1454	97.689859964643	1
0	1460	97.8757474911	1
0	1473	98.286477068932	1
0	1478	98.330635469677	1
0	1492	98.788446979777	1
0	1505	99.415720186445	1
0	1516	100.951002297244	1
0	1527	101.513056222036	1
0	1533	101.676734431498	1
0	1548	102.995518628899	1
0	1559	105.020507378681	1
0	1570	106.02399472738	1
0	1573	106.077410956877	1
0	1585	106.405284385065	1
0	1599	107.038255684103	1
0	1610	107.586888058026	1
0	1613	107.609040664771	1
0	1629	109.771934062783	1
0	1640	110.538009517564	1
0	1643	110.635007012486	1
0	1659	111.345097503885	1
0	1662	111.35779514603	1
0	1678	112.746509759112	1
0	1689	113.32556431347	1
0	1700	115.314324054479	1
0	1709	115.615168482051	1
0	1722	116.028110819298	1
0	1733	116.751302041055	1
0	1744	117.527276013389	1
0	1753	117.758967559172	1
0	1766	119.56593548092	1
0	1775	119.953617304666	1
0	1788	120.629864898496	1
0	1797	120.963869784222	1
0	1808	121.236500378074	1
0	1811	121.333495032915	1
0	1825	121.602919887359	1
0	1839	122.250169701495	1
0	1848	122.491350564744	1
0	1851	122.543660533749	1
0	1869	124.753077613662	1
0	1878	125.067526359798	1
0	1889	125.43209044588	1
0	1902	125.856568525729	1
0	1913	127.906950797452	1
0	1924	129.537970784843	1
0	1935	130.900341669203	1
0	1944	131.120134812604	1
0	1957	131.937545692388	1
0	1960	132.00450166724	1
0	1962	132.006807033963	1
0	1984	132.839566155047	1
0	1995	134.452100563491	1
0	2006	135.269244381013	1
0	2017	137.036073059519	1
0	2020	137.070194702327	1
0	2022	137.074343523577	1
0	2036	137.342879305875	1
0	2054	138.063748160409	1
0	2065	139.788086394139	1
0	2074	140.128626507497	1
0	2087	141.585616275084	1
0	2098	142.219607485798	1
0	2109	142.741607615191	1
0	2120	143.402183660761	1
0	2126	143.590772247083	1
0	2141	144.231509661724	1
0	2144	144.330519191663	1
0	2156	144.592584710208	1
0	2170	145.146982264793	1
0	2173	145.197686669576	1
0	2189	146.64612331045	1
0	2200	147.775304386368	1
0	2211	148.50664474878	1
0	2222	150.2034502352	1
0	2231	150.597833242239	1
0	2239	150.749389467793	1
0	2252	151.117940465321	1
0	2260	151.283484715554	1
0	2275	152.363642131781	1
0	2284	152.695383698079	1
0	2295	152.908989677859	1
0	2306	153.269897266967	1
0	2317	153.500350722402	1
0	2330	155.015409415644	1
0	2333	155.031731837958	1
0	2338	155.189819917962	1
0	2357	155.971127914715	1
0	2366	156.351248945831	1
0	2374	156.459418919944	1
0	2389	157.190224610122	1
0	2392	157.250384991917	1
0	2406	157.752080929336	1
0	2419	158.53055045079	1
0	2428	158.814900330451	1
0	2441	159.753458239315	1
0	2452	160.80850716327	1
0	2463	161.451591840287	1
0	2469	161.553462106677	1
0	2472	161.591610261176	1
0	2480	161.740594992928	1
0	2494	161.975686508015	1
0	2506	162.336291648314	1
0	2520	163.301265480134	1
0	2531	164.3832787002	1
0	2540	164.758488846654	1
0	2551	164.963429669238	1
0	2557	165.066371710651	1
0	2560	165.147540774739	1
0	2580	165.633078761202	1
0	2593	167.501353813449	1
0	2599	167.618776585233	1
0	2605	167.713359272773	1
0	2610	167.7689302673	1
0	2628	168.419148475426	1
0	2641	170.208034502364	1
0	2650	170.447897947319	1
0	2656	170.579829983746	1
0	2673	171.269271162264	1
0	2684	171.767287274168	1
0	2695	172.521375950027	1
0	2701	172.673343111242	1
0	2707	172.722433194163	1
0	2722	173.265336455788	1
0	2733	173.572770787868	1
0	2746	174.7010176573	1
0	2755	174.986305043784	1
0	2763	175.130213927518	1
0	2772	175.267004107646	1
0	2784	175.530169695637	1
0	2787	175.535794574728	1
0	2791	175.595677323178	1
0	2793	175.603022609754	1
0	2818	176.267742015229	1
0	2832	176.904712505664	1
0	2841	177.187410927135	1
0	2844	177.249316285101	1
0	2862	178.882039640808	1
0	2871	179.147558353654	1
0	2884	179.725963303318	1
0	2895	182.149035225242	1
0	2904	182.522549650547	1
0	2917	183.970265712964	1
0	2923	184.169290889738	1
0	2938	185.876848034519	1
0	2949	187.215995950799	1
0	2955	187.346340857867	1
0	2970	187.942724132123	1
0	2979	188.209409568978	1
0	2992	188.930292390601	1
0	2998	189.124039797189	1
0	3013	190.832094575076	1
0	3024	191.304747736143	1
0	3035	191.946532433169	1
0	3046	192.496129299851	1
0	3057	193.125146925206	1
0	3066	193.489117416193	1
0	3079	194.208530211289	1
0	3090	195.158001326428	1
0	3101	195.613542560733	1
0	3112	196.335994961167	1
0	3123	197.515638877193	1
0	3134	198.269455013161	1
0	3145	198.761453315727	1
0	3151	198.874577544343	1
0	3154	198.874873170034	1
0	3174	199.835778617737	1
0	3177	199.856637011309	1
1	2	0.117199895458	1
1	13	0.530893549754	1
1	24	1.473978900669	1
1	35	2.920613832121	1
1	44	3.134530270298	1
1	47	3.197810240629	1
1	63	3.731917625234	1
1	76	4.632056524653	1
1	79	4.642334079284	1
1	91	4.944397373242	1
1	105	6.701528759736	1
1	108	6.725716806711	1
1	124	8.342548339209	1
1	133	8.587672439362	1
1	136	8.611467322608	1
1	138	8.671757835436	2
1	162	10.873522096546	1
1	173	11.779644024451	1
1	179	11.882952244049	1
1	192	12.209533573313	1
1	203	12.443218355563	1
1	216	13.232121366815	1
1	227	13.884252220954	1
1	238	16.763599619049	1
1	249	18.7841019966	1
1	260	19.243913456782	1
1	271	20.584781140058	1
1	282	22.290373425872	1
1	285	22.291956682386	1
1	290	22.439354546887	1
1	307	22.954923212531	1
1	313	23.067019873484	1
1	330	23.629152110879	1
1	341	25.293776444625	1
1	352	25.758801489837	1
1	363	26.5659310797	1
1	374	27.589048498201	1
1	385	29.803601894636	1
1	391	29.926246815544	1
1	404	30.352476564743	1
1	417	31.364887327582	1
1	428	31.94458890321	1
1	431	31.959309464783	1
1	447	33.090358918404	1
1	453	33.192047062056	1
1	468	35.19952458751	1
1	471	35.286049566807	1
1	481	35.462993770127	1
1	493	35.722634449706	1
1	507	36.572308716305	1
1	518	37.351460729551	1
1	529	37.836586883444	1
1	540	38.282627802587	1
1	546	38.441160301623	1
1	561	39.626774527304	1
1	572	40.321549982066	1
1	581	40.560885924991	1
1	587	40.669969688128	1
1	604	41.594654678438	1
1	607	41.632738179878	1
1	623	42.481664870922	1
1	629	42.607361760606	1
1	642	42.885161293147	1
1	655	44.293286699865	1
1	664	44.578493545393	1
1	667	44.605196532526	1
1	685	47.278745908157	1
1	691	47.450555575298	1
1	706	48.136356424037	1
1	717	51.153080092093	1
1	728	53.254495843836	1
1	734	53.387327687329	1
1	749	54.408459923959	1
1	752	54.499220197388	1
1	768	55.719335718755	1
1	779	56.271269819395	1
1	788	56.636637966515	1
1	799	57.020031299442	1
1	812	57.440184431964	1
1	823	58.096190803745	1
1	832	58.454506021876	1
1	845	59.545050289312	1
1	856	63.273486262818	1
1	867	65.103114510376	1
1	873	65.239953891612	1
1	884	65.458887048268	1
1	898	67.759088359013	1
1	907	68.013008078122	1
1	918	68.393412837997	1
1	931	69.329834371883	1
1	940	69.716051443376	1
1	953	71.566781436415	1
1	964	72.002205556605	1
1	967	72.016756395505	1
1	979	72.344330316533	1
1	993	74.27020311746	1
1	1004	74.708710204509	1
1	1015	75.300712615242	1
1	1018	75.325773709263	1
1	1023	75.441451285919	1
1	1030	75.503076928407	1
1	1042	75.717552011514	1
1	1060	76.640651172678	1
1	1071	77.831686116566	1
1	1082	78.539491803322	1
1	1093	79.445377080867	1
1	1096	79.465190311924	1
1	1098	79.475413638097	2
1	1108	79.725256179063	1
1	1124	80.13514006074	1
1	1132	80.309828513834	1
1	1148	80.898536193865	1
1	1151	80.938150248217	1
1	1165	81.424329481769	1
1	1178	81.942857837193	1
1	1189	83.086431751903	1
1	1198	83.463372978766	1
1	1209	83.832978403551	1
1	1214	83.867572438846	1
1	1216	83.902438439938	2
1	1236	84.497142804921	1
1	1249	85.090081972998	1
1	1260	86.229106290534	1
1	1269	86.443756765714	1
1	1272	86.528168997344	1
1	1290	87.356007980889	1
1	1299	87.583163712521	1
1	1312	89.267471912815	1
1	1323	89.985898368341	1
1	1334	90.582223070152	1
1	1345	91.05733146368	1
1	1356	91.765772701834	1
1	1367	92.260214942173	1
1	1378	92.86874613474	1
1	1389	93.301945931851	1
1	1398	93.565537508548	1
1	1411	95.141483190534	1
1	1422	95.664565415012	1
1	1433	96.316153620158	1
1	1444	97.042559377763	1
1	1455	97.689859964643	1
1	1461	97.8757474911	1
1	1474	98.286477068932	1
1	1479	98.330635469677	1
1	1493	98.788446979777	1
1	1506	99.415720186445	1
1	1517	100.951002297244	1
1	1528	101.513056222036	1
1	1534	101.676734431498	1
1	1549	102.995518628899	1
1	1560	105.020507378681	1
1	1571	106.02399472738	1
1	1574	106.077410956877	1
1	1586	106.405284385065	1
1	1600	107.038255684103	1
1	1611	107.586888058026	1
1	1614	107.609040664771	1
1	1630	109.771934062783	1
1	1641	110.538009517564	1
1	1644	110.635007012486	1
1	1660	111.345097503885	1
1	1663	111.35779514603	1
1	1679	112.746509759112	1
1	1690	113.32556431347	1
1	1701	115.314324054479	1
1	1710	115.615168482051	1
1	1723	116.028110819298	1
1	1734	116.751302041055	1
1	1745	117.527276013389	1
1	1754	117.758967559172	1
1	1767	119.56593548092	1
1	1776	119.953617304666	1
1	1789	120.629864898496	1
1	1798	120.963869784222	1
1	1809	121.236500378074	1
1	1812	121.333495032915	1
1	1826	121.602919887359	1
1	1840	122.250169701495	1
1	1849	122.491350564744	1
1	1852	122.543660533749	1
1	1870	124.753077613662	1
1	1879	125.067526359798	1
1	1890	125.43209044588	1
1	1903	125.856568525729	1
1	1914	127.906950797452	1
1	1925	129.537970784843	1
1	1936	130.900341669203	1
1	1945	131.120134812604	1
1	1958	131.937545692388	1
1	1961	132.00450166724	1
1	1963	132.006807033963	2
1	1985	132.839566155047	1
1	1996	134.452100563491	1
1	2007	135.269244381013	1
1	2018	137.036073059519	1
1	2021	137.070194702327	1
1	2023	137.074343523577	2
1	2037	137.342879305875	1
1	2055	138.063748160409	1
1	2066	139.788086394139	1
1	2075	140.128626507497	1
1	2088	141.585616275084	1
1	2099	142.219607485798	1
1	2110	142.741607615191	1
1	2121	143.402183660761	1
1	2127	143.590772247083	1
1	2142	144.231509661724	1
1	2145	144.330519191663	1
1	2157	144.592584710208	1
1	2171	145.146982264793	1
1	2174	145.197686669576	1
1	2190	146.64612331045	1
1	2201	147.775304386368	1
1	2212	148.50664474878	1
1	2223	150.2034502352	1
1	2232	150.597833242239	1
1	2240	150.749389467793	1
1	2253	151.117940465321	1
1	2261	151.283484715554	1
1	2276	152.363642131781	1
1	2285	152.695383698079	1
1	2296	152.908989677859	1
1	2307	153.269897266967	1
1	2318	153.500350722402	1
1	2331	155.015409415644	1
1	2334	155.031731837958	1
1	2339	155.189819917962	1
1	2358	155.971127914715	1
1	2367	156.351248945831	1
1	2375	156.459418919944	1
1	2390	157.190224610122	1
1	2393	157.250384991917	1
1	2407	157.752080929336	1
1	2420	158.53055045079	1
1	2429	158.814900330451	1
1	2442	159.753458239315	1
1	2453	160.80850716327	1
1	2464	161.451591840287	1
1	2470	161.553462106677	1
1	2473	161.591610261176	1
1	2481	161.740594992928	1
1	2495	161.975686508015	1
1	2507	162.336291648314	1
1	2521	163.301265480134	1
1	2532	164.3832787002	1
1	2541	164.758488846654	1
1	2552	164.963429669238	1
1	2558	165.066371710651	1
1	2561	165.147540774739	1
1	2581	165.633078761202	1
1	2594	167.501353813449	1
1	2600	167.618776585233	1
1	2606	167.713359272773	1
1	2611	167.7689302673	1
1	2629	168.419148475426	1
1	2642	170.208034502364	1
1	2651	170.447897947319	1
1	2657	170.579829983746	1
1	2674	171.269271162264	1
1	2685	171.767287274168	1
1	2696	172.521375950027	1
1	2702	172.673343111242	1
1	2708	172.722433194163	1
1	2723	173.265336455788	1
1	2734	173.572770787868	1
1	2747	174.7010176573	1
1	2756	174.986305043784	1
1	2764	175.130213927518	1
1	2773	175.267004107646	1
1	2785	175.530169695637	1
1	2788	175.535794574728	1
1	2792	175.595677323178	2
1	2794	175.603022609754	3
1	2819	176.267742015229	1
1	2833	176.904712505664	1
1	2842	177.187410927135	1
1	2845	177.249316285101	1
1	2863	178.882039640808	1
1	2872	179.147558353654	1
1	2885	179.725963303318	1
1	2896	182.149035225242	1
1	2905	182.522549650547	1
1	2918	183.970265712964	1
1	2924	184.169290889738	1
1	2939	185.876848034519	1
1	2950	187.215995950799	1
1	2956	187.346340857867	1
1	2971	187.942724132123	1
1	2980	188.209409568978	1
1	2993	188.930292390601	1
1	2999	189.124039797189	1
1	3014	190.832094575076	1
1	3025	191.304747736143	1
1	3036	191.946532433169	1
1	3047	192.496129299851	1
1	3058	193.125146925206	1
1	3067	193.489117416193	1
1	3080	194.208530211289	1
1	3091	195.158001326428	1
1	3102	195.613542560733	1
1	3113	196.335994961167	1
1	3124	197.515638877193	1
1	3135	198.269455013161	1
1	3146	198.761453315727	1
1	3152	198.874577544343	1
1	3155	198.874873170034	1
1	3175	199.835778617737	1
1	3178	199.856637011309	1
2	5	0.217299895458	1
2	16	0.630993549754	1
2	27	1.574078900669	1
2	38	3.020713832121	1
2	49	3.234630270298	1
2	54	3.334630270298	1
2	68	3.832017625234	1
2	81	4.732156524653	1
2	84	4.832156524653	1
2	96	5.044497373242	1
2	110	6.801628759736	1
2	113	6.901628759736	1
2	127	8.442648339209	1
2	140	8.687772439362	1
2	145	8.787772439362	1
2	150	8.887772439362	1
2	165	10.973622096546	1
2	176	11.879744024451	1
2	185	11.983052244049	1
2	195	12.309633573313	1
2	206	12.543318355563	1
2	219	13.332221366815	1
2	230	13.984352220954	1
2	241	16.863699619049	1
2	252	18.8842019966	1
2	263	19.344013456782	1
2	274	20.684881140058	1
2	287	22.390473425872	1
2	292	22.490473425872	1
2	297	22.590473425872	1
2	310	23.055023212531	1
2	321	23.167119873484	1
2	333	23.729252110879	1
2	344	25.393876444625	1
2	355	25.858901489837	1
2	366	26.6660310797	1
2	377	27.689148498201	1
2	388	29.903701894636	1
2	397	30.026346815544	1
2	409	30.452576564743	1
2	420	31.464987327582	1
2	433	32.04468890321	1
2	436	32.14468890321	1
2	450	33.190458918404	1
2	459	33.292147062056	1
2	473	35.29962458751	1
2	476	35.39962458751	1
2	486	35.563093770127	1
2	498	35.822734449706	1
2	510	36.672408716305	1
2	521	37.451560729551	1
2	532	37.936686883444	1
2	543	38.382727802587	1
2	552	38.541260301623	1
2	564	39.726874527304	1
2	575	40.421649982066	1
2	584	40.660985924991	1
2	595	40.770069688128	1
2	609	41.694754678438	1
2	612	41.794754678438	1
2	626	42.581764870922	1
2	635	42.707461760606	1
2	645	42.985261293147	1
2	658	44.393386699865	1
2	669	44.678593545393	1
2	674	44.778593545393	1
2	688	47.378845908157	1
2	697	47.550655575298	1
2	709	48.236456424037	1
2	720	51.253180092093	1
2	731	53.354595843836	1
2	740	53.487427687329	1
2	754	54.508559923959	1
2	757	54.608559923959	1
2	771	55.819435718755	1
2	782	56.371369819395	1
2	793	56.736737966515	1
2	804	57.120131299442	1
2	815	57.540284431964	1
2	826	58.196290803745	1
2	837	58.554606021876	1
2	848	59.645150289312	1
2	859	63.373586262818	1
2	870	65.203214510376	1
2	879	65.340053891612	1
2	889	65.558987048268	1
2	901	67.859188359013	1
2	910	68.113108078122	1
2	923	68.493512837997	1
2	934	69.429934371883	1
2	945	69.816151443376	1
2	956	71.666881436415	1
2	969	72.102305556605	1
2	972	72.202305556605	1
2	984	72.444430316533	1
2	996	74.37030311746	1
2	1007	74.808810204509	1
2	1020	75.400812615242	1
2	1025	75.500812615242	1
2	1032	75.600812615242	1
2	1036	75.700812615242	1
2	1047	75.817652011514	1
2	1063	76.740751172678	1
2	1074	77.931786116566	1
2	1085	78.639591803322	1
2	1100	79.545477080867	1
2	1103	79.645477080867	1
2	1110	79.745477080867	1
2	1114	79.845477080867	1
2	1127	80.23524006074	1
2	1137	80.409928513834	1
2	1153	80.998636193865	1
2	1156	81.098636193865	1
2	1170	81.524429481769	1
2	1181	82.042957837193	1
2	1192	83.186531751903	1
2	1203	83.563472978766	1
2	1218	83.933078403551	1
2	1221	84.033078403551	1
2	1226	84.133078403551	1
2	1239	84.597242804921	1
2	1252	85.190181972998	1
2	1263	86.329206290534	1
2	1274	86.543856765714	1
2	1279	86.643856765714	1
2	1293	87.456107980889	1
2	1302	87.683263712521	1
2	1315	89.367571912815	1
2	1326	90.085998368341	1
2	1337	90.682323070152	1
2	1348	91.15743146368	1
2	1359	91.865872701834	1
2	1370	92.360314942173	1
2	1381	92.96884613474	1
2	1392	93.402045931851	1
2	1401	93.665637508548	1
2	1414	95.241583190534	1
2	1425	95.764665415012	1
2	1436	96.416253620158	1
2	1447	97.142659377763	1
2	1458	97.789959964643	1
2	1467	97.9758474911	1
2	1481	98.386577068932	1
2	1484	98.486577068932	1
2	1498	98.888546979777	1
2	1509	99.515820186445	1
2	1520	101.051102297244	1
2	1531	101.613156222036	1
2	1540	101.776834431498	1
2	1552	103.095618628899	1
2	1563	105.120607378681	1
2	1576	106.12409472738	1
2	1579	106.22409472738	1
2	1591	106.505384385065	1
2	1603	107.138355684103	1
2	1616	107.686988058026	1
2	1619	107.786988058026	1
2	1633	109.872034062783	1
2	1646	110.638109517564	1
2	1649	110.738109517564	1
2	1665	111.445197503885	1
2	1668	111.545197503885	1
2	1682	112.846609759112	1
2	1693	113.42566431347	1
2	1704	115.414424054479	1
2	1715	115.715268482051	1
2	1726	116.128210819298	1
2	1737	116.851402041055	1
2	1748	117.627376013389	1
2	1757	117.859067559172	1
2	1770	119.66603548092	1
2	1781	120.053717304666	1
2	1792	120.729964898496	1
2	1803	121.063969784222	1
2	1814	121.336600378074	1
2	1819	121.436600378074	1
2	1831	121.703019887359	1
2	1843	122.350269701495	1
2	1854	122.591450564744	1
2	1859	122.691450564744	1
2	1873	124.853177613662	1
2	1884	125.167626359798	1
2	1895	125.53219044588	1
2	1906	125.956668525729	1
2	1917	128.007050797452	1
2	1928	129.638070784843	1
2	1939	131.000441669203	1
2	1948	131.220234812604	1
2	1965	132.037645692388	1
2	1968	132.137645692388	1
2	1973	132.237645692388	1
2	1988	132.939666155047	1
2	1999	134.552200563491	1
2	2010	135.369344381013	1
2	2025	137.136173059519	1
2	2028	137.236173059519	1
2	2033	137.336173059519	1
2	2044	137.442979305875	1
2	2058	138.163848160409	1
2	2069	139.888186394139	1
2	2080	140.228726507497	1
2	2091	141.685716275084	1
2	2102	142.319707485798	1
2	2113	142.841707615191	1
2	2124	143.502283660761	1
2	2133	143.690872247083	1
2	2147	144.331609661724	1
2	2150	144.431609661724	1
2	2162	144.692684710208	1
2	2176	145.247082264793	1
2	2179	145.347082264793	1
2	2193	146.74622331045	1
2	2204	147.875404386368	1
2	2215	148.60674474878	1
2	2226	150.3035502352	1
2	2237	150.697933242239	1
2	2246	150.849489467793	1
2	2258	151.218040465321	1
2	2267	151.383584715554	1
2	2279	152.463742131781	1
2	2290	152.795483698079	1
2	2299	153.009089677859	1
2	2312	153.369997266967	1
2	2321	153.600450722402	1
2	2336	155.115509415644	1
2	2341	155.215509415644	1
2	2346	155.315509415644	1
2	2361	156.071227914715	1
2	2372	156.451348945831	1
2	2381	156.559518919944	1
2	2395	157.290324610122	1
2	2398	157.390324610122	1
2	2412	157.852180929336	1
2	2423	158.63065045079	1
2	2432	158.915000330451	1
2	2445	159.853558239315	1
2	2456	160.90860716327	1
2	2467	161.551691840287	1
2	2478	161.653562106677	1
2	2483	161.753562106677	1
2	2489	161.853562106677	1
2	2500	162.075786508015	1
2	2510	162.436391648314	1
2	2524	163.401365480134	1
2	2535	164.4833787002	1
2	2546	164.858588846654	1
2	2555	165.063529669238	1
2	2568	165.166471710651	1
2	2571	165.266471710651	1
2	2584	165.733178761202	1
2	2597	167.601453813449	1
2	2608	167.718876585233	1
2	2613	167.818876585233	1
2	2619	167.918876585233	1
2	2634	168.519248475426	1
2	2645	170.308134502364	1
2	2654	170.547997947319	1
2	2665	170.679929983746	1
2	2677	171.369371162264	1
2	2688	171.867387274168	1
2	2699	172.621475950027	1
2	2710	172.773443111242	1
2	2713	172.873443111242	1
2	2728	173.365436455788	1
2	2739	173.672870787868	1
2	2750	174.8011176573	1
2	2759	175.086405043784	1
2	2770	175.230313927518	1
2	2778	175.367104107646	1
2	2796	175.630269695637	1
2	2799	175.730269695637	1
2	2805	175.830269695637	1
2	2809	175.930269695637	1
2	2822	176.367842015229	1
2	2836	177.004812505664	1
2	2847	177.287510927135	1
2	2852	177.387510927135	1
2	2866	178.982139640808	1
2	2875	179.247658353654	1
2	2888	179.826063303318	1
2	2899	182.249135225242	1
2	2910	182.622649650547	1
2	2921	184.070365712964	1
2	2930	184.269390889738	1
2	2942	185.976948034519	1
2	2953	187.316095950799	1
2	2962	187.446440857867	1
2	2974	188.042824132123	1
2	2983	188.309509568978	1
2	2996	189.030392390601	1
2	3005	189.224139797189	1
2	3017	190.932194575076	1
2	3028	191.404847736143	1
2	3039	192.046632433169	1
2	3050	192.596229299851	1
2	3061	193.225246925206	1
2	3072	193.589217416193	1
2	3083	194.308630211289	1
2	3094	195.258101326428	1
2	3105	195.713642560733	1
2	3116	196.436094961167	1
2	3127	197.615738877193	1
2	3138	198.369555013161	1
2	3149	198.861553315727	1
2	3160	198.974677544343	1
2	3163	199.074677544343	1
2	3180	199.935878617737	1
3	8	0.317399895458	1
3	19	0.731093549754	1
3	30	1.674178900669	1
3	41	3.120813832121	1
3	56	3.334730270298	1
3	59	3.434730270298	1
3	71	3.932117625234	1
3	86	4.832256524653	1
3	89	4.932256524653	1
3	99	5.144597373242	1
3	115	6.901728759736	1
3	118	7.001728759736	1
3	130	8.542748339209	1
3	147	8.787872439362	1
3	152	8.887872439362	1
3	156	8.987872439362	1
3	168	11.073722096546	1
3	182	11.979844024451	1
3	188	12.083152244049	1
3	200	12.409733573313	1
3	211	12.643418355563	1
3	222	13.432321366815	1
3	233	14.084452220954	1
3	244	16.963799619049	1
3	255	18.9843019966	1
3	266	19.444113456782	1
3	277	20.784981140058	1
3	294	22.490573425872	1
3	299	22.590573425872	1
3	303	22.690573425872	1
3	318	23.155123212531	1
3	324	23.267219873484	1
3	336	23.829352110879	1
3	347	25.493976444625	1
3	358	25.959001489837	1
3	369	26.7661310797	1
3	380	27.789248498201	1
3	394	30.003801894636	1
3	400	30.126446815544	1
3	412	30.552676564743	1
3	423	31.565087327582	1
3	438	32.14478890321	1
3	441	32.24478890321	1
3	456	33.290558918404	1
3	462	33.392247062056	1
3	478	35.39972458751	1
3	484	35.49972458751	1
3	491	35.663193770127	1
3	501	35.922834449706	1
3	513	36.772508716305	1
3	524	37.551660729551	1
3	535	38.036786883444	1
3	549	38.482827802587	1
3	555	38.641360301623	1
3	567	39.826974527304	1
3	578	40.521749982066	1
3	592	40.761085924991	1
3	598	40.870169688128	1
3	614	41.794854678438	1
3	617	41.894854678438	1
3	632	42.681864870922	1
3	638	42.807561760606	1
3	650	43.085361293147	1
3	661	44.493486699865	1
3	676	44.778693545393	1
3	679	44.878693545393	1
3	694	47.478945908157	1
3	700	47.650755575298	1
3	712	48.336556424037	1
3	723	51.353280092093	1
3	737	53.454695843836	1
3	743	53.587527687329	1
3	759	54.608659923959	1
3	762	54.708659923959	1
3	774	55.919535718755	1
3	785	56.471469819395	1
3	796	56.836837966515	1
3	807	57.220231299442	1
3	818	57.640384431964	1
3	829	58.296390803745	1
3	840	58.654706021876	1
3	851	59.745250289312	1
3	862	63.473686262818	1
3	876	65.303314510376	1
3	882	65.440153891612	1
3	892	65.659087048268	1
3	904	67.959288359013	1
3	915	68.213208078122	1
3	926	68.593612837997	1
3	937	69.530034371883	1
3	948	69.916251443376	1
3	959	71.766981436415	1
3	974	72.202405556605	1
3	977	72.302405556605	1
3	987	72.544530316533	1
3	999	74.47040311746	1
3	1010	74.908910204509	1
3	1027	75.500912615242	1
3	1034	75.600912615242	1
3	1040	75.700912615242	1
3	1045	75.800912615242	2
3	1052	75.917752011514	2
3	1066	76.840851172678	1
3	1077	78.031886116566	1
3	1088	78.739691803322	1
3	1105	79.645577080867	1
3	1112	79.745577080867	1
3	1118	79.845577080867	1
3	1120	79.945577080867	2
3	1135	80.33534006074	1
3	1142	80.510028513834	1
3	1158	81.098736193865	1
3	1161	81.198736193865	1
3	1173	81.624529481769	1
3	1184	82.143057837193	1
3	1195	83.286631751903	1
3	1206	83.663572978766	1
3	1223	84.033178403551	1
3	1228	84.133178403551	1
3	1232	84.233178403551	1
3	1244	84.697342804921	1
3	1255	85.290281972998	1
3	1266	86.429306290534	1
3	1281	86.643956765714	1
3	1284	86.743956765714	1
3	1296	87.556207980889	1
3	1307	87.783363712521	1
3	1318	89.467671912815	1
3	1329	90.186098368341	1
3	1340	90.782423070152	1
3	1351	91.25753146368	1
3	1362	91.965972701834	1
3	1373	92.460414942173	1
3	1384	93.06894613474	1
3	1395	93.502145931851	1
3	1406	93.765737508548	1
3	1417	95.341683190534	1
3	1428	95.864765415012	1
3	1439	96.516353620158	1
3	1450	97.242759377763	1
3	1464	97.890059964643	1
3	1470	98.0759474911	1
3	1486	98.486677068932	1
3	1489	98.586677068932	1
3	1501	98.988646979777	1
3	1512	99.615920186445	1
3	1523	101.151202297244	1
3	1537	101.713256222036	1
3	1543	101.876934431498	1
3	1555	103.195718628899	1
3	1566	105.220707378681	1
3	1581	106.22419472738	1
3	1584	106.32419472738	1
3	1594	106.605484385065	1
3	1606	107.238455684103	1
3	1621	107.787088058026	1
3	1624	107.887088058026	1
3	1636	109.972134062783	1
3	1651	110.738209517564	1
3	1654	110.838209517564	1
3	1670	111.545297503885	1
3	1673	111.645297503885	1
3	1685	112.946709759112	1
3	1696	113.52576431347	1
3	1707	115.514524054479	1
3	1718	115.815368482051	1
3	1729	116.228310819298	1
3	1740	116.951502041055	1
3	1751	117.727476013389	1
3	1762	117.959167559172	1
3	1773	119.76613548092	1
3	1784	120.153817304666	1
3	1795	120.830064898496	1
3	1806	121.164069784222	1
3	1821	121.436700378074	1
3	1824	121.536700378074	1
3	1834	121.803119887359	1
3	1846	122.450369701495	1
3	1861	122.691550564744	1
3	1864	122.791550564744	1
3	1876	124.953277613662	1
3	1887	125.267726359798	1
3	1898	125.63229044588	1
3	1909	126.056768525729	1
3	1920	128.107150797452	1
3	1931	129.738170784843	1
3	1942	131.100541669203	1
3	1953	131.320334812604	1
3	1970	132.137745692388	1
3	1975	132.237745692388	1
3	1979	132.337745692388	1
3	1991	133.039766155047	1
3	2002	134.652300563491	1
3	2013	135.469444381013	1
3	2030	137.236273059519	1
3	2035	137.336273059519	1
3	2042	137.436273059519	1
3	2047	137.543079305875	2
3	2061	138.263948160409	1
3	2072	139.988286394139	1
3	2083	140.328826507497	1
3	2094	141.785816275084	1
3	2105	142.419807485798	1
3	2116	142.941807615191	1
3	2130	143.602383660761	1
3	2136	143.790972247083	1
3	2152	144.431709661724	1
3	2155	144.531709661724	1
3	2165	144.792784710208	1
3	2181	145.347182264793	1
3	2184	145.447182264793	1
3	2196	146.84632331045	1
3	2207	147.975504386368	1
3	2218	148.70684474878	1
3	2229	150.4036502352	1
3	2243	150.798033242239	1
3	2249	150.949589467793	1
3	2264	151.318140465321	1
3	2270	151.483684715554	1
3	2282	152.563842131781	1
3	2293	152.895583698079	1
3	2304	153.109189677859	1
3	2315	153.470097266967	1
3	2326	153.700550722402	1
3	2343	155.215609415644	1
3	2348	155.315609415644	1
3	2352	155.415609415644	1
3	2364	156.171327914715	1
3	2378	156.551448945831	1
3	2384	156.659618919944	1
3	2400	157.390424610122	1
3	2403	157.490424610122	1
3	2415	157.952280929336	1
3	2426	158.73075045079	1
3	2437	159.015100330451	1
3	2448	159.953658239315	1
3	2459	161.00870716327	1
3	2475	161.651791840287	1
3	2485	161.753662106677	1
3	2491	161.853662106677	1
3	2493	161.953662106677	2
3	2503	162.175886508015	2
3	2515	162.536491648314	1
3	2527	163.501465480134	1
3	2538	164.5834787002	1
3	2549	164.958688846654	1
3	2565	165.163629669238	1
3	2573	165.266571710651	1
3	2577	165.366571710651	1
3	2589	165.833278761202	1
3	2603	167.701553813449	1
3	2615	167.818976585233	1
3	2621	167.918976585233	1
3	2623	168.018976585233	2
3	2637	168.619348475426	1
3	2648	170.408234502364	1
3	2662	170.648097947319	1
3	2668	170.780029983746	1
3	2680	171.469471162264	1
3	2691	171.967487274168	1
3	2705	172.721575950027	1
3	2715	172.873543111242	1
3	2719	172.973543111242	1
3	2731	173.465536455788	1
3	2742	173.772970787868	1
3	2753	174.9012176573	1
3	2767	175.186505043784	1
3	2776	175.330413927518	1
3	2783	175.467204107646	1
3	2801	175.730369695637	1
3	2807	175.830369695637	1
3	2811	175.930369695637	2
3	2815	176.030369695637	2
3	2827	176.467942015229	1
3	2839	177.104912505664	1
3	2854	177.387610927135	1
3	2857	177.487610927135	1
3	2869	179.082239640808	1
3	2880	179.347758353654	1
3	2891	179.926163303318	1
3	2902	182.349235225242	1
3	2913	182.722749650547	1
3	2927	184.170465712964	1
3	2933	184.369490889738	1
3	2945	186.077048034519	1
3	2959	187.416195950799	1
3	2965	187.546540857867	1
3	2977	188.142924132123	1
3	2988	188.409609568978	1
3	3002	189.130492390601	1
3	3008	189.324239797189	1
3	3020	191.032294575076	1
3	3031	191.504947736143	1
3	3042	192.146732433169	1
3	3053	192.696329299851	1
3	3064	193.325346925206	1
3	3075	193.689317416193	1
3	3086	194.408730211289	1
3	3097	195.358201326428	1
3	3108	195.813742560733	1
3	3119	196.536194961167	1
3	3130	197.715838877193	1
3	3141	198.469655013161	1
3	3157	198.961653315727	1
3	3165	199.074777544343	1
3	3169	199.174777544343	1
4	10	0.517399895458	0.4002
4	21	0.931093549754	0.4002
4	32	1.874178900669	0.4002
4	51	3.320813832121	0.4002
4	60	3.534730270298	0.4002
4	65	3.734730270298	0.536920029669
4	73	4.132117625234	0.4002
4	93	5.032256524653	0.4002
4	100	5.232256524653	0.589922445369
4	102	5.432256524653	0.487859151411
4	119	7.101728759736	0.4002
4	121	7.301728759736	0.576011953025
4	142	8.742748339209	0.4002
4	154	8.987872439362	0.4002
4	157	9.187872439362	0.576405116754
4	159	9.387872439362	0.716114603926
4	170	11.273722096546	0.4002
4	189	12.179844024451	0.4002
4	197	12.379844024451	0.496891780402
4	208	12.609733573313	0.4002
4	213	12.843418355563	0.4002
4	224	13.632321366815	0.4002
4	235	14.284452220954	0.4002
4	246	17.163799619049	0.4002
4	257	19.1843019966	0.4002
4	268	19.644113456782	0.4002
4	279	20.984981140058	0.4002
4	301	22.690573425872	0.4002
4	304	22.890573425872	0.598616743486
4	315	23.090573425872	0.651218878985
4	325	23.355123212531	0.4002
4	327	23.555123212531	0.488103339047
4	338	24.029352110879	0.4002
4	349	25.693976444625	0.4002
4	360	26.159001489837	0.4002
4	371	26.9661310797	0.4002
4	382	27.989248498201	0.4002
4	401	30.203801894636	0.4002
4	406	30.403801894636	0.477555079092
4	414	30.752676564743	0.4002
4	425	31.765087327582	0.4002
4	442	32.34478890321	0.4002
4	444	32.54478890321	0.585479438427
4	463	33.490558918404	0.4002
4	465	33.690558918404	0.498511856348
4	488	35.59972458751	0.4002
4	495	35.79972458751	0.513675020703
4	502	35.99972458751	0.536730817383
4	504	36.19972458751	0.477090137804
4	515	36.972508716305	0.4002
4	526	37.751660729551	0.4002
4	537	38.236786883444	0.4002
4	556	38.682827802587	0.4002
4	558	38.882827802587	0.441667500964
4	569	40.026974527304	0.4002
4	589	40.721749982066	0.4002
4	599	40.961085924991	0.4002
4	601	41.161085924991	0.491116236863
4	618	41.994854678438	0.4002
4	620	42.194854678438	0.56211649856
4	639	42.881864870922	0.4002
4	647	43.081864870922	0.474503110316
4	652	43.285361293147	0.4002
4	671	44.693486699865	0.4002
4	680	44.978693545393	0.4002
4	682	45.178693545393	0.573497012867
4	701	47.678945908157	0.4002
4	703	47.878945908157	0.428390332859
4	714	48.536556424037	0.4002
4	725	51.553280092093	0.4002
4	744	53.654695843836	0.4002
4	746	53.854695843836	0.467368156507
4	763	54.808659923959	0.4002
4	765	55.008659923959	0.509439726571
4	776	56.119535718755	0.4002
4	790	56.671469819395	0.4002
4	801	57.036837966515	0.4002
4	809	57.420231299442	0.4002
4	820	57.840384431964	0.4002
4	834	58.496390803745	0.4002
4	842	58.854706021876	0.4002
4	853	59.945250289312	0.4002
4	864	63.673686262818	0.4002
4	886	65.503314510376	0.4002
4	893	65.703314510376	0.463360618764
4	895	65.903314510376	0.444427462108
4	912	68.159288359013	0.4002
4	920	68.413208078122	0.4002
4	928	68.793612837997	0.4002
4	942	69.730034371883	0.4002
4	950	70.116251443376	0.4002
4	961	71.966981436415	0.4002
4	981	72.402405556605	0.4002
4	988	72.602405556605	0.5856491611
4	990	72.802405556605	0.458075240072
4	1001	74.67040311746	0.4002
4	1012	75.108910204509	0.4002
4	1038	75.700912615242	0.4002
4	1049	75.900912615242	0.575138905979
4	1053	76.100912615242	0.659461329323
4	1055	76.300912615242	0.797835686835
4	1057	76.500912615242	0.783360603728
4	1068	77.040851172678	0.4002
4	1079	78.231886116566	0.4002
4	1090	78.939691803322	0.4002
4	1116	79.845577080867	0.4002
4	1121	80.045577080867	0.580386768943
4	1129	80.245577080867	0.77016344277
4	1139	80.445577080867	0.720320901804
4	1143	80.645577080867	0.510437020127
4	1145	80.845577080867	0.535748567033
4	1162	81.298736193865	0.4002
4	1167	81.498736193865	0.560585945648
4	1175	81.824529481769	0.4002
4	1186	82.343057837193	0.4002
4	1200	83.486631751903	0.4002
4	1211	83.863572978766	0.4002
4	1230	84.233178403551	0.4002
4	1233	84.433178403551	0.565605964705
4	1241	84.633178403551	0.730739963613
4	1246	84.897342804921	0.4002
4	1257	85.490281972998	0.4002
4	1276	86.629306290534	0.4002
4	1285	86.843956765714	0.4002
4	1287	87.043956765714	0.51578776837
4	1304	87.756207980889	0.4002
4	1309	87.983363712521	0.4002
4	1320	89.667671912815	0.4002
4	1331	90.386098368341	0.4002
4	1342	90.982423070152	0.4002
4	1353	91.45753146368	0.4002
4	1364	92.165972701834	0.4002
4	1375	92.660414942173	0.4002
4	1386	93.26894613474	0.4002
4	1403	93.702145931851	0.4002
4	1408	93.965737508548	0.4002
4	1419	95.541683190534	0.4002
4	1430	96.064765415012	0.4002
4	1441	96.716353620158	0.4002
4	1452	97.442759377763	0.4002
4	1471	98.090059964643	0.4002
4	1476	98.290059964643	0.414312473543
4	1490	98.686677068932	0.4002
4	1495	98.886677068932	0.556041599255
4	1503	99.188646979777	0.4002
4	1514	99.815920186445	0.4002
4	1525	101.351202297244	0.4002
4	1544	101.913256222036	0.4002
4	1546	102.113256222036	0.436521790538
4	1557	103.395718628899	0.4002
4	1568	105.420707378681	0.4002
4	1588	106.42419472738	0.4002
4	1595	106.62419472738	0.546783770503
4	1597	106.82419472738	0.418910342315
4	1608	107.438455684103	0.4002
4	1625	107.987088058026	0.4002
4	1627	108.187088058026	0.578047393255
4	1638	110.172134062783	0.4002
4	1655	110.938209517564	0.4002
4	1657	111.138209517564	0.503202505078
4	1674	111.745297503885	0.4002
4	1676	111.945297503885	0.587502357855
4	1687	113.146709759112	0.4002
4	1698	113.72576431347	0.4002
4	1712	115.714524054479	0.4002
4	1720	116.015368482051	0.4002
4	1731	116.428310819298	0.4002
4	1742	117.151502041055	0.4002
4	1759	117.927476013389	0.4002
4	1764	118.159167559172	0.4002
4	1778	119.96613548092	0.4002
4	1786	120.353817304666	0.4002
4	1800	121.030064898496	0.4002
4	1816	121.364069784222	0.4002
4	1828	121.636700378074	0.4002
4	1835	121.836700378074	0.503205345159
4	1837	122.036700378074	0.433780490715
4	1856	122.650369701495	0.4002
4	1865	122.891550564744	0.4002
4	1867	123.091550564744	0.547890030995
4	1881	125.153277613662	0.4002
4	1892	125.467726359798	0.4002
4	1900	125.83229044588	0.4002
4	1911	126.256768525729	0.4002
4	1922	128.307150797452	0.4002
4	1933	129.938170784843	0.4002
4	1950	131.300541669203	0.4002
4	1955	131.520334812604	0.4002
4	1977	132.337745692388	0.4002
4	1980	132.537745692388	0.533244025148
4	1982	132.737745692388	0.730938658425
4	1993	133.239766155047	0.4002
4	2004	134.852300563491	0.4002
4	2015	135.669444381013	0.4002
4	2040	137.436273059519	0.4002
4	2048	137.636273059519	0.566078357192
4	2050	137.836273059519	0.761929535942
4	2052	138.036273059519	0.693393753644
4	2063	138.463948160409	0.4002
4	2077	140.188286394139	0.4002
4	2085	140.528826507497	0.4002
4	2096	141.985816275084	0.4002
4	2107	142.619807485798	0.4002
4	2118	143.141807615191	0.4002
4	2137	143.802383660761	0.4002
4	2139	144.002383660761	0.411611413678
4	2159	144.631709661724	0.4002
4	2166	144.831709661724	0.501190470061
4	2168	145.031709661724	0.439124951516
4	2185	145.547182264793	0.4002
4	2187	145.747182264793	0.549495595217
4	2198	147.04632331045	0.4002
4	2209	148.175504386368	0.4002
4	2220	148.90684474878	0.4002
4	2234	150.6036502352	0.4002
4	2250	150.998033242239	0.4002
4	2255	151.198033242239	0.448643774446
4	2271	151.518140465321	0.4002
4	2273	151.718140465321	0.434655749767
4	2287	152.763842131781	0.4002
4	2301	153.095583698079	0.4002
4	2309	153.309189677859	0.4002
4	2323	153.670097266967	0.4002
4	2328	153.900550722402	0.4002
4	2350	155.415609415644	0.4002
4	2353	155.615609415644	0.583877577686
4	2355	155.815609415644	0.625789497682
4	2369	156.371327914715	0.4002
4	2385	156.751448945831	0.4002
4	2387	156.951448945831	0.492030025887
4	2404	157.590424610122	0.4002
4	2409	157.790424610122	0.540039618205
4	2417	158.152280929336	0.4002
4	2434	158.93075045079	0.4002
4	2439	159.215100330451	0.4002
4	2450	160.153658239315	0.4002
4	2461	161.20870716327	0.4002
4	2486	161.851791840287	0.4002
4	2497	162.051791840287	0.49832973361
4	2504	162.251791840287	0.660181579111
4	2512	162.451791840287	0.711196847359
4	2516	162.651791840287	0.676105332272
4	2518	162.851791840287	0.515500191973
4	2529	163.701465480134	0.4002
4	2543	164.7834787002	0.4002
4	2562	165.158688846654	0.4002
4	2574	165.363629669238	0.4002
4	2578	165.563629669238	0.497257958587
4	2586	165.763629669238	0.616088894499
4	2591	166.033278761202	0.4002
4	2616	167.901553813449	0.4002
4	2624	168.101553813449	0.482777228216
4	2626	168.301553813449	0.588194540676
4	2631	168.501553813449	0.732623546149
4	2639	168.819348475426	0.4002
4	2659	170.608234502364	0.4002
4	2669	170.848097947319	0.4002
4	2671	171.048097947319	0.468267963573
4	2682	171.669471162264	0.4002
4	2693	172.167487274168	0.4002
4	2716	172.921575950027	0.4002
4	2720	173.121575950027	0.448232838785
4	2725	173.321575950027	0.599142755864
4	2736	173.665536455788	0.4002
4	2744	173.972970787868	0.4002
4	2761	175.1012176573	0.4002
4	2780	175.386505043784	0.4002
4	2789	175.586505043784	0.456291116266
4	2802	175.786505043784	0.519500936138
4	2812	175.986505043784	0.456335348147
4	2816	176.186505043784	0.650710469056
4	2824	176.386505043784	0.790827720606
4	2828	176.586505043784	0.98348243403
4	2830	176.786505043784	0.518763028555
4	2849	177.304912505664	0.4002
4	2858	177.587610927135	0.4002
4	2860	177.787610927135	0.538294642034
4	2877	179.282239640808	0.4002
4	2882	179.547758353654	0.4002
4	2893	180.126163303318	0.4002
4	2907	182.549235225242	0.4002
4	2915	182.922749650547	0.4002
4	2934	184.370465712964	0.4002
4	2936	184.570465712964	0.401174823226
4	2947	186.277048034519	0.4002
4	2966	187.616195950799	0.4002
4	2968	187.816195950799	0.469855092932
4	2985	188.342924132123	0.4002
4	2990	188.609609568978	0.4002
4	3009	189.330492390601	0.4002
4	3011	189.530492390601	0.406452593412
4	3022	191.232294575076	0.4002
4	3033	191.704947736143	0.4002
4	3044	192.346732433169	0.4002
4	3055	192.896329299851	0.4002
4	3069	193.525346925206	0.4002
4	3077	193.889317416193	0.4002
4	3088	194.608730211289	0.4002
4	3099	195.558201326428	0.4002
4	3110	196.013742560733	0.4002
4	3121	196.736194961167	0.4002
4	3132	197.915838877193	0.4002
4	3143	198.669655013161	0.4002
4	3166	199.161653315727	0.4002
4	3170	199.361653315727	0.487075771384
4	3172	199.561653315727	0.686780145693
5	10	0.517399895458	1
5	21	0.931093549754	1
5	32	1.874178900669	1
5	51	3.320813832121	1
5	60	3.534730270298	1
5	65	3.734730270298	1
5	73	4.132117625234	1
5	93	5.032256524653	1
5	100	5.232256524653	1
5	102	5.432256524653	1
5	119	7.101728759736	1
5	121	7.301728759736	1
5	142	8.742748339209	1
5	154	8.987872439362	1
5	157	9.187872439362	1
5	159	9.387872439362	1
5	170	11.273722096546	1
5	189	12.179844024451	1
5	197	12.379844024451	1
5	208	12.609733573313	1
5	213	12.843418355563	1
5	224	13.632321366815	1
5	235	14.284452220954	1
5	246	17.163799619049	1
5	257	19.1843019966	1
5	268	19.644113456782	1
5	279	20.984981140058	1
5	301	22.690573425872	1
5	304	22.890573425872	1
5	315	23.090573425872	1
5	325	23.355123212531	1
5	327	23.555123212531	1
5	338	24.029352110879	1
5	349	25.693976444625	1
5	360	26.159001489837	1
5	371	26.9661310797	1
5	382	27.989248498201	1
5	401	30.203801894636	1
5	406	30.403801894636	1
5	414	30.752676564743	1
5	425	31.765087327582	1
5	442	32.34478890321	1
5	444	32.54478890321	1
5	463	33.490558918404	1
5	465	33.690558918404	1
5	488	35.59972458751	1
5	495	35.79972458751	1
5	502	35.99972458751	1
5	504	36.19972458751	1
5	515	36.972508716305	1
5	526	37.751660729551	1
5	537	38.236786883444	1
5	556	38.682827802587	1
5	558	38.882827802587	1
5	569	40.026974527304	1
5	589	40.721749982066	1
5	599	40.961085924991	1
5	601	41.161085924991	1
5	618	41.994854678438	1
5	620	42.194854678438	1
5	639	42.881864870922	1
5	647	43.081864870922	1
5	652	43.285361293147	1
5	671	44.693486699865	1
5	680	44.978693545393	1
5	682	45.178693545393	1
5	701	47.678945908157	1
5	703	47.878945908157	1
5	714	48.536556424037	1
5	725	51.553280092093	1
5	744	53.654695843836	1
5	746	53.854695843836	1
5	763	54.808659923959	1
5	765	55.008659923959	1
5	776	56.119535718755	1
5	790	56.671469819395	1
5	801	57.036837966515	1
5	809	57.420231299442	1
5	820	57.840384431964	1
5	834	58.496390803745	1
5	842	58.854706021876	1
5	853	59.945250289312	1
5	864	63.673686262818	1
5	886	65.503314510376	1
5	893	65.703314510376	1
5	895	65.903314510376	1
5	912	68.159288359013	1
5	920	68.413208078122	1
5	928	68.793612837997	1
5	942	69.730034371883	1
5	950	70.116251443376	1
5	961	71.966981436415	1
5	981	72.402405556605	1
5	988	72.602405556605	1
5	990	72.802405556605	1
5	1001	74.67040311746	1
5	1012	75.108910204509	1
5	1038	75.700912615242	1
5	1049	75.900912615242	1
5	1053	76.100912615242	1
5	1055	76.300912615242	1
5	1057	76.500912615242	1
5	1068	77.040851172678	1
5	1079	78.231886116566	1
5	1090	78.939691803322	1
5	1116	79.845577080867	1
5	1121	80.045577080867	1
5	1129	80.245577080867	1
5	1139	80.445577080867	1
5	1143	80.645577080867	1
5	1145	80.845577080867	1
5	1162	81.298736193865	1
5	1167	81.498736193865	1
5	1175	81.824529481769	1
5	1186	82.343057837193	1
5	1200	83.486631751903	1
5	1211	83.863572978766	1
5	1230	84.233178403551	1
5	1233	84.433178403551	1
5	1241	84.633178403551	1
5	1246	84.897342804921	1
5	1257	85.490281972998	1
5	1276	86.629306290534	1
5	1285	86.843956765714	1
5	1287	87.043956765714	1
5	1304	87.756207980889	1
5	1309	87.983363712521	1
5	1320	89.667671912815	1
5	1331	90.386098368341	1
5	1342	90.982423070152	1
5	1353	91.45753146368	1
5	1364	92.165972701834	1
5	1375	92.660414942173	1
5	1386	93.26894613474	1
5	1403	93.702145931851	1
5	1408	93.965737508548	1
5	1419	95.541683190534	1
5	1430	96.064765415012	1
5	1441	96.716353620158	1
5	1452	97.442759377763	1
5	1471	98.090059964643	1
5	1476	98.290059964643	1
5	1490	98.686677068932	1
5	1495	98.886677068932	1
5	1503	99.188646979777	1
5	1514	99.815920186445	1
5	1525	101.351202297244	1
5	1544	101.913256222036	1
5	1546	102.113256222036	1
5	1557	103.395718628899	1
5	1568	105.420707378681	1
5	1588	106.42419472738	1
5	1595	106.62419472738	1
5	1597	106.82419472738	1
5	1608	107.438455684103	1
5	1625	107.987088058026	1
5	1627	108.187088058026	1
5	1638	110.172134062783	1
5	1655	110.938209517564	1
5	1657	111.138209517564	1
5	1674	111.745297503885	1
5	1676	111.945297503885	1
5	1687	113.146709759112	1
5	1698	113.72576431347	1
5	1712	115.714524054479	1
5	1720	116.015368482051	1
5	1731	116.428310819298	1
5	1742	117.151502041055	1
5	1759	117.927476013389	1
5	1764	118.159167559172	1
5	1778	119.96613548092	1
5	1786	120.353817304666	1
5	1800	121.030064898496	1
5	1816	121.364069784222	1
5	1828	121.636700378074	1
5	1835	121.836700378074	1
5	1837	122.036700378074	1
5	1856	122.650369701495	1
5	1865	122.891550564744	1
5	1867	123.091550564744	1
5	1881	125.153277613662	1
5	1892	125.467726359798	1
5	1900	125.83229044588	1
5	1911	126.256768525729	1
5	1922	128.307150797452	1
5	1933	129.938170784843	1
5	1950	131.300541669203	1
5	1955	131.520334812604	1
5	1977	132.337745692388	1
5	1980	132.537745692388	1
5	1982	132.737745692388	1
5	1993	133.239766155047	1
5	2004	134.852300563491	1
5	2015	135.669444381013	1
5	2040	137.436273059519	1
5	2048	137.636273059519	1
5	2050	137.836273059519	1
5	2052	138.036273059519	1
5	2063	138.463948160409	1
5	2077	140.188286394139	1
5	2085	140.528826507497	1
5	2096	141.985816275084	1
5	2107	142.619807485798	1
5	2118	143.141807615191	1
5	2137	143.802383660761	1
5	2139	144.002383660761	1
5	2159	144.631709661724	1
5	2166	144.831709661724	1
5	2168	145.031709661724	1
5	2185	145.547182264793	1
5	2187	145.747182264793	1
5	2198	147.04632331045	1
5	2209	148.175504386368	1
5	2220	148.90684474878	1
5	2234	150.6036502352	1
5	2250	150.998033242239	1
5	2255	151.198033242239	1
5	2271	151.518140465321	1
5	2273	151.718140465321	1
5	2287	152.763842131781	1
5	2301	153.095583698079	1
5	2309	153.309189677859	1
5	2323	153.670097266967	1
5	2328	153.900550722402	1
5	2350	155.415609415644	1
5	2353	155.615609415644	1
5	2355	155.815609415644	1
5	2369	156.371327914715	1
5	2385	156.751448945831	1
5	2387	156.951448945831	1
5	2404	157.590424610122	1
5	2409	157.790424610122	1
5	2417	158.152280929336	1
5	2434	158.93075045079	1
5	2439	159.215100330451	1
5	2450	160.153658239315	1
5	2461	161.20870716327	1
5	2486	161.851791840287	1
5	2497	162.051791840287	1
5	2504	162.251791840287	1
5	2512	162.451791840287	1
5	2516	162.651791840287	1
5	2518	162.851791840287	1
5	2529	163.701465480134	1
5	2543	164.7834787002	1
5	2562	165.158688846654	1
5	2574	165.363629669238	1
5	2578	165.563629669238	1
5	2586	165.763629669238	1
5	2591	166.033278761202	1
5	2616	167.901553813449	1
5	2624	168.101553813449	1
5	2626	168.301553813449	1
5	2631	168.501553813449	1
5	2639	168.819348475426	1
5	2659	170.608234502364	1
5	2669	170.848097947319	1
5	2671	171.048097947319	1
5	2682	171.669471162264	1
5	2693	172.167487274168	1
5	2716	172.921575950027	1
5	2720	173.121575950027	1
5	2725	173.321575950027	1
5	2736	173.665536455788	1
5	2744	173.972970787868	1
5	2761	175.1012176573	1
5	2780	175.386505043784	1
5	2789	175.586505043784	1
5	2802	175.786505043784	1
5	2812	175.986505043784	1
5	2816	176.186505043784	1
5	2824	176.386505043784	1
5	2828	176.586505043784	1
5	2830	176.786505043784	1
5	2849	177.304912505664	1
5	2858	177.587610927135	1
5	2860	177.787610927135	1
5	2877	179.282239640808	1
5	2882	179.547758353654	1
5	2893	180.126163303318	1
5	2907	182.549235225242	1
5	2915	182.922749650547	1
5	2934	184.370465712964	1
5	2936	184.570465712964	1
5	2947	186.277048034519	1
5	2966	187.616195950799	1
5	2968	187.816195950799	1
5	2985	188.342924132123	1
5	2990	188.609609568978	1
5	3009	189.330492390601	1
5	3011	189.530492390601	1
5	3022	191.232294575076	1
5	3033	191.704947736143	1
5	3044	192.346732433169	1
5	3055	192.896329299851	1
5	3069	193.525346925206	1
5	3077	193.889317416193	1
5	3088	194.608730211289	1
5	3099	195.558201326428	1
5	3110	196.013742560733	1
5	3121	196.736194961167	1
5	3132	197.915838877193	1
5	3143	198.669655013161	1
5	3166	199.161653315727	1
5	3170	199.361653315727	1
5	3172	199.561653315727	1

