version 3
run BaseVersion-9-20240511-20:45:07-11874
attr configname BaseVersion
attr datetime 20240511-20:45:07
attr datetimef 20240511-204507
attr experiment BaseVersion
attr inifile omnetpp.ini
attr iterationvars $genInterval=0.55
attr iterationvarsd genInterval=0.55
attr iterationvarsf genInterval=0.55-
attr measurement $genInterval=0.55
attr network Network
attr processid 11874
attr repetition 0
attr replication #0
attr resultdir results
attr runnumber 9
attr seedset 9
itervar genInterval 0.55
config network Network
config sim-time-limit 200s
config Network.nodeTx.gen.generationInterval exponential(0.55)
config Network.nodeTx.gen.packetByteSize 12500
config Network.nodeTx.queue.bufferSize 200
config Network.nodeRx.queue.bufferSize 200
config Network.queue.bufferSize 200

vector 0 Network.nodeTx.gen packetGen ETV
vector 1 Network.nodeTx.queue bufferSize ETV
vector 2 Network.queue bufferSize ETV
vector 3 Network.nodeRx.queue bufferSize ETV
vector 4 Network.nodeRx.sink Delay ETV
vector 5 Network.nodeRx.sink packetUsed ETV
0	1	0.005735589651	1
0	10	0.255040613964	1
0	21	0.638337493436	1
0	32	1.01861267591	1
0	43	1.395213794696	1
0	46	1.399378225901	1
0	50	1.478398675955	1
0	60	1.687467622076	1
0	66	1.771771988298	1
0	68	1.779148338008	1
0	80	1.914786704006	1
0	104	3.068340748444	1
0	113	3.366527859708	1
0	116	3.447901033795	1
0	128	3.604735460569	1
0	133	3.686801908444	1
0	138	3.735094130812	1
0	154	4.012289792856	1
0	164	4.245424683726	1
0	176	4.620806807974	1
0	182	4.72115606059	1
0	194	4.929810561191	1
0	210	6.089390637913	1
0	219	6.346970446686	1
0	232	8.005331082799	1
0	243	8.735035824424	1
0	246	8.756771311182	1
0	262	10.648235780047	1
0	273	11.30878680368	1
0	284	11.973818020816	1
0	295	12.441542940604	1
0	298	12.521577505269	1
0	314	13.77714627502	1
0	317	13.857551098459	1
0	333	14.462171289089	1
0	344	16.118775227851	1
0	355	16.555318081127	1
0	366	16.998244780326	1
0	377	17.664898189836	1
0	388	19.243454772314	1
0	397	19.512150559935	1
0	410	20.058322320797	1
0	421	20.710404951503	1
0	432	21.168065323333	1
0	443	22.126291469566	1
0	454	22.687540413583	1
0	463	23.03224674988	1
0	476	23.828783168161	1
0	487	25.380987306096	1
0	496	25.639673554811	1
0	509	26.535246145612	1
0	520	27.523899311071	1
0	531	29.776644751569	1
0	534	29.837324112576	1
0	539	29.939564402869	1
0	546	29.985015525417	1
0	562	30.389942879636	1
0	565	30.428480268769	1
0	584	32.02891107331	1
0	593	32.40030810059	1
0	606	32.976988618984	1
0	612	33.106264833085	1
0	627	34.190904916081	1
0	638	35.617192947859	1
0	649	37.561532808134	1
0	660	39.730197215345	1
0	666	39.843074833572	1
0	681	40.452223971622	1
0	687	40.605423636479	1
0	702	41.084847230711	1
0	713	42.221548390874	1
0	724	43.091330093227	1
0	735	44.393408159652	1
0	738	44.419712275651	1
0	754	45.200694073309	1
0	765	45.678160246571	1
0	774	45.912475654574	1
0	777	45.955063992894	1
0	791	46.297578380348	1
0	796	46.393518602294	1
0	811	46.91216218028	1
0	822	47.226065126155	1
0	833	47.603221094294	1
0	846	48.098672898523	1
0	855	48.4561937498	1
0	860	48.539247498266	1
0	872	48.853799727161	1
0	886	50.114329632493	1
0	897	51.238181196403	1
0	908	53.355662078659	1
0	914	53.469768049746	1
0	929	54.93030550159	1
0	940	55.570344936559	1
0	949	55.844721219135	1
0	962	56.513414777696	1
0	968	56.70127299162	1
0	983	58.127389134818	1
0	992	58.336883088731	1
0	995	58.359022928789	1
0	1013	60.743115695115	1
0	1024	61.316005547291	1
0	1027	61.340093846085	1
0	1041	61.899036968451	1
0	1049	62.00159387754	1
0	1062	62.342228076934	1
0	1070	62.522697446015	1
0	1076	62.55268286207	1
0	1089	62.836778181703	1
0	1092	62.858412143873	1
0	1109	63.474402222671	1
0	1117	63.57657307123	1
0	1126	63.727229844717	1
0	1142	64.597628117393	1
0	1148	64.705075344898	1
0	1154	64.802678702202	1
0	1159	64.878234680303	1
0	1165	64.960381215078	1
0	1169	65.000345697897	1
0	1185	65.239750044489	1
0	1199	65.794935751016	1
0	1211	66.159373988366	1
0	1225	67.281999143433	1
0	1236	67.940049804542	1
0	1245	68.180585325673	1
0	1258	69.068965612403	1
0	1261	69.088436415453	1
0	1266	69.259102415118	1
0	1285	70.089904345302	1
0	1296	71.411082769121	1
0	1305	71.767257631141	1
0	1308	71.779980484075	1
0	1312	71.820616165093	1
0	1326	72.079226197067	1
0	1344	73.363913121976	1
0	1350	73.4863900442	1
0	1365	74.383371985003	1
0	1374	74.614248156529	1
0	1377	74.616764017166	1
0	1391	74.939717956908	1
0	1399	75.074736539827	1
0	1413	75.453924857927	1
0	1426	76.173172934867	1
0	1435	76.467437601357	1
0	1446	76.679354064927	1
0	1452	76.811972370335	1
0	1467	77.249770564798	1
0	1475	77.384059971539	1
0	1478	77.404665865178	1
0	1486	77.55006690675	1
0	1506	78.48481249314	1
0	1517	79.20308634108	1
0	1528	79.604422053614	1
0	1537	79.900165322972	1
0	1550	80.303291735	1
0	1561	80.785545637734	1
0	1572	81.781065338252	1
0	1581	82.156101575983	1
0	1584	82.160599693758	1
0	1598	82.469810270231	1
0	1608	82.695902170789	1
0	1622	83.425830341371	1
0	1633	83.896004787994	1
0	1644	84.342834921457	1
0	1647	84.422553155059	1
0	1657	84.62079520262	1
0	1662	84.708106325822	1
0	1681	86.651545009717	1
0	1684	86.682288352868	1
0	1689	86.82236740559	1
0	1706	87.269890346758	1
0	1709	87.352056330503	1
0	1727	89.164300769262	1
0	1738	89.689185876906	1
0	1749	90.382548617841	1
0	1758	90.754972290349	1
0	1771	91.216920198489	1
0	1777	91.328186925045	1
0	1792	92.181133779264	1
0	1795	92.244801455917	1
0	1811	94.894598351672	1
0	1822	95.321181897241	1
0	1825	95.343421671752	1
0	1835	95.531248798924	1
0	1843	95.713025312009	1
0	1850	95.772843131275	1
0	1867	96.434993149427	1
0	1878	96.805981764087	1
0	1883	96.894875118514	1
0	1899	97.444831951846	1
0	1910	98.365467438744	1
0	1913	98.386757297931	1
0	1915	98.403438502192	1
0	1933	98.784788174041	1
0	1947	99.780798644406	1
0	1950	99.828780976623	1
0	1960	100.069496181495	1
0	1976	100.931315834032	1
0	1987	101.424870884483	1
0	1998	102.205302425154	1
0	2001	102.209324260412	1
0	2006	102.376624216306	1
0	2025	103.29413643136	1
0	2028	103.352609658503	1
0	2044	104.894247903679	1
0	2055	106.264429435212	1
0	2058	106.359685766016	1
0	2072	106.76046633657	1
0	2085	108.92722152847	1
0	2088	109.006057952579	1
0	2104	110.27412990171	1
0	2107	110.339797338888	1
0	2112	110.379087188191	1
0	2131	111.392677571025	1
0	2142	112.115768965231	1
0	2153	112.550171459994	1
0	2162	112.88431940099	1
0	2170	113.050683286168	1
0	2185	113.836478681595	1
0	2196	114.308164393295	1
0	2207	115.020622311182	1
0	2216	115.227786859308	1
0	2229	116.137180430469	1
0	2240	116.999804405496	1
0	2249	117.248705272535	1
0	2260	117.622388043632	1
0	2273	119.024990806319	1
0	2284	120.871306100842	1
0	2295	121.303942291746	1
0	2306	121.707982891085	1
0	2309	121.731392607399	1
0	2325	123.014689401659	1
0	2336	124.192781499912	1
0	2342	124.350863338053	1
0	2357	124.812598188508	1
0	2368	125.217988082523	1
0	2371	125.225851638911	1
0	2383	125.613439433631	1
0	2397	126.078152392566	1
0	2408	127.000518319952	1
0	2419	128.025699058335	1
0	2422	128.067505248262	1
0	2424	128.11117629993	1
0	2446	129.106209797693	1
0	2457	129.933146209135	1
0	2468	130.83011015497	1
0	2479	131.608606015788	1
0	2488	131.895385345775	1
0	2501	132.814523227174	1
0	2504	132.834945934549	1
0	2520	133.560329425693	1
0	2531	134.362123837926	1
0	2534	134.381060174291	1
0	2550	135.005908865383	1
0	2561	135.869133328086	1
0	2572	137.25096905486	1
0	2583	137.722202380607	1
0	2594	138.17397376327	1
0	2603	138.537505630598	1
0	2616	140.425807092063	1
0	2619	140.494188958826	1
0	2629	140.696987651136	1
0	2645	142.368613522753	1
0	2654	142.596222764471	1
0	2662	142.787699454447	1
0	2677	143.509632004905	1
0	2683	143.61140885063	1
0	2698	144.276111146047	1
0	2704	144.443264878888	1
0	2719	145.154004467017	1
0	2725	145.350284009569	1
0	2740	146.584360908463	1
0	2743	146.624714303544	1
0	2759	147.318302357325	1
0	2765	147.501449023868	1
0	2780	148.131850451474	1
0	2791	149.920572567782	1
0	2802	150.939312247248	1
0	2813	153.058081670576	1
0	2824	153.627866684734	1
0	2830	153.799195534496	1
0	2839	153.997491408393	1
0	2844	154.015815787069	1
0	2863	154.986462938942	1
0	2874	157.01636785305	1
0	2880	157.170734228481	1
0	2895	157.808371958574	1
0	2906	158.477532318205	1
0	2917	159.015108880771	1
0	2928	159.437305324753	1
0	2931	159.525365730516	1
0	2943	159.789004010897	1
0	2955	160.076596926064	1
0	2961	160.184818727197	1
0	2976	160.500851163042	1
0	2989	161.694395602735	1
0	2998	161.920932302245	1
0	3001	161.966931793018	1
0	3006	162.09313040599	1
0	3027	162.988279650024	1
0	3036	163.324205285617	1
0	3049	163.956891378434	1
0	3060	164.806187449574	1
0	3069	165.147141317603	1
0	3082	165.895047619336	1
0	3093	166.494982604442	1
0	3104	166.989662198251	1
0	3110	167.172379943489	1
0	3123	167.5620087652	1
0	3136	168.649592501207	1
0	3147	169.518762504075	1
0	3153	169.626891652642	1
0	3166	169.993332586647	1
0	3179	170.470079292641	1
0	3182	170.471535249836	1
0	3194	170.814151825101	1
0	3206	171.130722691797	1
0	3219	171.745883233752	1
0	3222	171.758276003681	1
0	3234	172.113851625273	1
0	3246	172.513331148328	1
0	3259	174.18932432754	1
0	3270	175.569339776568	1
0	3281	176.624832018682	1
0	3292	177.067846583992	1
0	3303	178.326118145579	1
0	3312	178.567552920707	1
0	3315	178.581798840083	1
0	3333	180.3030988272	1
0	3336	180.39665601541	1
0	3350	180.820832079752	1
0	3361	181.17722058555	1
0	3369	181.302504060949	1
0	3384	182.032341061034	1
0	3390	182.163931808193	1
0	3401	182.406227282092	1
0	3413	182.800169683702	1
0	3426	183.25730440059	1
0	3429	183.339821053755	1
0	3434	183.36541567527	1
0	3453	184.096610776139	1
0	3464	184.659193592197	1
0	3475	186.364018325499	1
0	3486	186.992784559552	1
0	3497	187.71522423188	1
0	3506	187.992193815432	1
0	3509	188.003858609018	1
0	3511	188.084687573838	1
0	3535	189.520573729276	1
0	3544	189.816824866109	1
0	3552	190.015236942801	1
0	3567	190.752885324335	1
0	3578	191.674781211107	1
0	3589	192.15757659987	1
0	3598	192.373214863422	1
0	3611	193.555324912904	1
0	3620	193.878994264898	1
0	3633	194.354484594368	1
0	3644	195.693295685176	1
0	3650	195.801084103469	1
0	3665	196.78052231742	1
0	3676	197.273256142659	1
0	3687	198.115335449916	1
0	3690	198.14579636462	1
0	3700	198.37935936703	1
0	3716	199.127517772119	1
0	3727	199.721079909516	1
0	3733	199.844522721704	1
0	3739	199.944430365898	1
1	2	0.005735589651	1
1	11	0.255040613964	1
1	22	0.638337493436	1
1	33	1.01861267591	1
1	44	1.395213794696	1
1	47	1.399378225901	1
1	51	1.478398675955	2
1	61	1.687467622076	1
1	67	1.771771988298	1
1	69	1.779148338008	2
1	81	1.914786704006	1
1	105	3.068340748444	1
1	114	3.366527859708	1
1	117	3.447901033795	1
1	129	3.604735460569	1
1	134	3.686801908444	1
1	139	3.735094130812	1
1	155	4.012289792856	1
1	165	4.245424683726	1
1	177	4.620806807974	1
1	183	4.72115606059	1
1	195	4.929810561191	1
1	211	6.089390637913	1
1	220	6.346970446686	1
1	233	8.005331082799	1
1	244	8.735035824424	1
1	247	8.756771311182	1
1	263	10.648235780047	1
1	274	11.30878680368	1
1	285	11.973818020816	1
1	296	12.441542940604	1
1	299	12.521577505269	1
1	315	13.77714627502	1
1	318	13.857551098459	1
1	334	14.462171289089	1
1	345	16.118775227851	1
1	356	16.555318081127	1
1	367	16.998244780326	1
1	378	17.664898189836	1
1	389	19.243454772314	1
1	398	19.512150559935	1
1	411	20.058322320797	1
1	422	20.710404951503	1
1	433	21.168065323333	1
1	444	22.126291469566	1
1	455	22.687540413583	1
1	464	23.03224674988	1
1	477	23.828783168161	1
1	488	25.380987306096	1
1	497	25.639673554811	1
1	510	26.535246145612	1
1	521	27.523899311071	1
1	532	29.776644751569	1
1	535	29.837324112576	1
1	540	29.939564402869	1
1	547	29.985015525417	1
1	563	30.389942879636	1
1	566	30.428480268769	1
1	585	32.02891107331	1
1	594	32.40030810059	1
1	607	32.976988618984	1
1	613	33.106264833085	1
1	628	34.190904916081	1
1	639	35.617192947859	1
1	650	37.561532808134	1
1	661	39.730197215345	1
1	667	39.843074833572	1
1	682	40.452223971622	1
1	688	40.605423636479	1
1	703	41.084847230711	1
1	714	42.221548390874	1
1	725	43.091330093227	1
1	736	44.393408159652	1
1	739	44.419712275651	1
1	755	45.200694073309	1
1	766	45.678160246571	1
1	775	45.912475654574	1
1	778	45.955063992894	1
1	792	46.297578380348	1
1	797	46.393518602294	1
1	812	46.91216218028	1
1	823	47.226065126155	1
1	834	47.603221094294	1
1	847	48.098672898523	1
1	856	48.4561937498	1
1	861	48.539247498266	1
1	873	48.853799727161	1
1	887	50.114329632493	1
1	898	51.238181196403	1
1	909	53.355662078659	1
1	915	53.469768049746	1
1	930	54.93030550159	1
1	941	55.570344936559	1
1	950	55.844721219135	1
1	963	56.513414777696	1
1	969	56.70127299162	1
1	984	58.127389134818	1
1	993	58.336883088731	1
1	996	58.359022928789	1
1	1014	60.743115695115	1
1	1025	61.316005547291	1
1	1028	61.340093846085	1
1	1042	61.899036968451	1
1	1050	62.00159387754	1
1	1063	62.342228076934	1
1	1071	62.522697446015	1
1	1077	62.55268286207	1
1	1090	62.836778181703	1
1	1093	62.858412143873	1
1	1110	63.474402222671	1
1	1118	63.57657307123	1
1	1127	63.727229844717	1
1	1143	64.597628117393	1
1	1149	64.705075344898	1
1	1155	64.802678702202	1
1	1160	64.878234680303	1
1	1166	64.960381215078	1
1	1170	65.000345697897	2
1	1186	65.239750044489	1
1	1200	65.794935751016	1
1	1212	66.159373988366	1
1	1226	67.281999143433	1
1	1237	67.940049804542	1
1	1246	68.180585325673	1
1	1259	69.068965612403	1
1	1262	69.088436415453	1
1	1267	69.259102415118	1
1	1286	70.089904345302	1
1	1297	71.411082769121	1
1	1306	71.767257631141	1
1	1309	71.779980484075	1
1	1313	71.820616165093	2
1	1327	72.079226197067	1
1	1345	73.363913121976	1
1	1351	73.4863900442	1
1	1366	74.383371985003	1
1	1375	74.614248156529	1
1	1378	74.616764017166	1
1	1392	74.939717956908	1
1	1400	75.074736539827	1
1	1414	75.453924857927	1
1	1427	76.173172934867	1
1	1436	76.467437601357	1
1	1447	76.679354064927	1
1	1453	76.811972370335	1
1	1468	77.249770564798	1
1	1476	77.384059971539	1
1	1479	77.404665865178	1
1	1487	77.55006690675	1
1	1507	78.48481249314	1
1	1518	79.20308634108	1
1	1529	79.604422053614	1
1	1538	79.900165322972	1
1	1551	80.303291735	1
1	1562	80.785545637734	1
1	1573	81.781065338252	1
1	1582	82.156101575983	1
1	1585	82.160599693758	1
1	1599	82.469810270231	1
1	1609	82.695902170789	1
1	1623	83.425830341371	1
1	1634	83.896004787994	1
1	1645	84.342834921457	1
1	1648	84.422553155059	1
1	1658	84.62079520262	1
1	1663	84.708106325822	1
1	1682	86.651545009717	1
1	1685	86.682288352868	1
1	1690	86.82236740559	1
1	1707	87.269890346758	1
1	1710	87.352056330503	1
1	1728	89.164300769262	1
1	1739	89.689185876906	1
1	1750	90.382548617841	1
1	1759	90.754972290349	1
1	1772	91.216920198489	1
1	1778	91.328186925045	1
1	1793	92.181133779264	1
1	1796	92.244801455917	1
1	1812	94.894598351672	1
1	1823	95.321181897241	1
1	1826	95.343421671752	1
1	1836	95.531248798924	1
1	1844	95.713025312009	1
1	1851	95.772843131275	1
1	1868	96.434993149427	1
1	1879	96.805981764087	1
1	1884	96.894875118514	1
1	1900	97.444831951846	1
1	1911	98.365467438744	1
1	1914	98.386757297931	1
1	1916	98.403438502192	2
1	1934	98.784788174041	1
1	1948	99.780798644406	1
1	1951	99.828780976623	1
1	1961	100.069496181495	1
1	1977	100.931315834032	1
1	1988	101.424870884483	1
1	1999	102.205302425154	1
1	2002	102.209324260412	1
1	2007	102.376624216306	1
1	2026	103.29413643136	1
1	2029	103.352609658503	1
1	2045	104.894247903679	1
1	2056	106.264429435212	1
1	2059	106.359685766016	1
1	2073	106.76046633657	1
1	2086	108.92722152847	1
1	2089	109.006057952579	1
1	2105	110.27412990171	1
1	2108	110.339797338888	1
1	2113	110.379087188191	1
1	2132	111.392677571025	1
1	2143	112.115768965231	1
1	2154	112.550171459994	1
1	2163	112.88431940099	1
1	2171	113.050683286168	1
1	2186	113.836478681595	1
1	2197	114.308164393295	1
1	2208	115.020622311182	1
1	2217	115.227786859308	1
1	2230	116.137180430469	1
1	2241	116.999804405496	1
1	2250	117.248705272535	1
1	2261	117.622388043632	1
1	2274	119.024990806319	1
1	2285	120.871306100842	1
1	2296	121.303942291746	1
1	2307	121.707982891085	1
1	2310	121.731392607399	1
1	2326	123.014689401659	1
1	2337	124.192781499912	1
1	2343	124.350863338053	1
1	2358	124.812598188508	1
1	2369	125.217988082523	1
1	2372	125.225851638911	1
1	2384	125.613439433631	1
1	2398	126.078152392566	1
1	2409	127.000518319952	1
1	2420	128.025699058335	1
1	2423	128.067505248262	1
1	2425	128.11117629993	2
1	2447	129.106209797693	1
1	2458	129.933146209135	1
1	2469	130.83011015497	1
1	2480	131.608606015788	1
1	2489	131.895385345775	1
1	2502	132.814523227174	1
1	2505	132.834945934549	1
1	2521	133.560329425693	1
1	2532	134.362123837926	1
1	2535	134.381060174291	1
1	2551	135.005908865383	1
1	2562	135.869133328086	1
1	2573	137.25096905486	1
1	2584	137.722202380607	1
1	2595	138.17397376327	1
1	2604	138.537505630598	1
1	2617	140.425807092063	1
1	2620	140.494188958826	1
1	2630	140.696987651136	1
1	2646	142.368613522753	1
1	2655	142.596222764471	1
1	2663	142.787699454447	1
1	2678	143.509632004905	1
1	2684	143.61140885063	1
1	2699	144.276111146047	1
1	2705	144.443264878888	1
1	2720	145.154004467017	1
1	2726	145.350284009569	1
1	2741	146.584360908463	1
1	2744	146.624714303544	1
1	2760	147.318302357325	1
1	2766	147.501449023868	1
1	2781	148.131850451474	1
1	2792	149.920572567782	1
1	2803	150.939312247248	1
1	2814	153.058081670576	1
1	2825	153.627866684734	1
1	2831	153.799195534496	1
1	2840	153.997491408393	1
1	2845	154.015815787069	1
1	2864	154.986462938942	1
1	2875	157.01636785305	1
1	2881	157.170734228481	1
1	2896	157.808371958574	1
1	2907	158.477532318205	1
1	2918	159.015108880771	1
1	2929	159.437305324753	1
1	2932	159.525365730516	1
1	2944	159.789004010897	1
1	2956	160.076596926064	1
1	2962	160.184818727197	1
1	2977	160.500851163042	1
1	2990	161.694395602735	1
1	2999	161.920932302245	1
1	3002	161.966931793018	1
1	3007	162.09313040599	1
1	3028	162.988279650024	1
1	3037	163.324205285617	1
1	3050	163.956891378434	1
1	3061	164.806187449574	1
1	3070	165.147141317603	1
1	3083	165.895047619336	1
1	3094	166.494982604442	1
1	3105	166.989662198251	1
1	3111	167.172379943489	1
1	3124	167.5620087652	1
1	3137	168.649592501207	1
1	3148	169.518762504075	1
1	3154	169.626891652642	1
1	3167	169.993332586647	1
1	3180	170.470079292641	1
1	3183	170.471535249836	1
1	3195	170.814151825101	1
1	3207	171.130722691797	1
1	3220	171.745883233752	1
1	3223	171.758276003681	1
1	3235	172.113851625273	1
1	3247	172.513331148328	1
1	3260	174.18932432754	1
1	3271	175.569339776568	1
1	3282	176.624832018682	1
1	3293	177.067846583992	1
1	3304	178.326118145579	1
1	3313	178.567552920707	1
1	3316	178.581798840083	1
1	3334	180.3030988272	1
1	3337	180.39665601541	1
1	3351	180.820832079752	1
1	3362	181.17722058555	1
1	3370	181.302504060949	1
1	3385	182.032341061034	1
1	3391	182.163931808193	1
1	3402	182.406227282092	1
1	3414	182.800169683702	1
1	3427	183.25730440059	1
1	3430	183.339821053755	1
1	3435	183.36541567527	1
1	3454	184.096610776139	1
1	3465	184.659193592197	1
1	3476	186.364018325499	1
1	3487	186.992784559552	1
1	3498	187.71522423188	1
1	3507	187.992193815432	1
1	3510	188.003858609018	1
1	3512	188.084687573838	2
1	3536	189.520573729276	1
1	3545	189.816824866109	1
1	3553	190.015236942801	1
1	3568	190.752885324335	1
1	3579	191.674781211107	1
1	3590	192.15757659987	1
1	3599	192.373214863422	1
1	3612	193.555324912904	1
1	3621	193.878994264898	1
1	3634	194.354484594368	1
1	3645	195.693295685176	1
1	3651	195.801084103469	1
1	3666	196.78052231742	1
1	3677	197.273256142659	1
1	3688	198.115335449916	1
1	3691	198.14579636462	1
1	3701	198.37935936703	1
1	3717	199.127517772119	1
1	3728	199.721079909516	1
1	3734	199.844522721704	1
1	3740	199.944430365898	1
2	5	0.105835589651	1
2	14	0.355140613964	1
2	27	0.738437493436	1
2	38	1.11871267591	1
2	53	1.495313794696	1
2	56	1.595313794696	1
2	63	1.695313794696	1
2	71	1.795313794696	1
2	77	1.895313794696	1
2	83	1.995313794696	1
2	89	2.095313794696	1
2	108	3.168440748444	1
2	119	3.466627859708	1
2	124	3.566627859708	1
2	136	3.704835460569	1
2	143	3.804835460569	1
2	147	3.904835460569	1
2	158	4.112389792856	1
2	168	4.345524683726	1
2	180	4.720906807974	1
2	190	4.82125606059	1
2	200	5.029910561191	1
2	214	6.189490637913	1
2	223	6.447070446686	1
2	236	8.105431082799	1
2	249	8.835135824424	1
2	252	8.935135824424	1
2	266	10.748335780047	1
2	277	11.40888680368	1
2	288	12.073918020816	1
2	301	12.541642940604	1
2	304	12.641642940604	1
2	320	13.87724627502	1
2	323	13.97724627502	1
2	337	14.562271289089	1
2	348	16.218875227851	1
2	359	16.655418081127	1
2	370	17.098344780326	1
2	381	17.764998189836	1
2	392	19.343554772314	1
2	401	19.612250559935	1
2	414	20.158422320797	1
2	425	20.810504951503	1
2	436	21.268165323333	1
2	447	22.226391469566	1
2	458	22.787640413583	1
2	469	23.13234674988	1
2	480	23.928883168161	1
2	491	25.481087306096	1
2	500	25.739773554811	1
2	513	26.635346145612	1
2	524	27.623999311071	1
2	537	29.876744751569	1
2	542	29.976744751569	1
2	549	30.076744751569	1
2	553	30.176744751569	1
2	568	30.490042879636	1
2	573	30.590042879636	1
2	588	32.12901107331	1
2	599	32.50040810059	1
2	610	33.077088618984	1
2	619	33.206364833085	1
2	631	34.291004916081	1
2	642	35.717292947859	1
2	653	37.661632808134	1
2	664	39.830297215345	1
2	673	39.943174833572	1
2	685	40.552323971622	1
2	694	40.705523636479	1
2	706	41.184947230711	1
2	717	42.321648390874	1
2	728	43.191430093227	1
2	741	44.493508159652	1
2	744	44.593508159652	1
2	758	45.300794073309	1
2	769	45.778260246571	1
2	780	46.012575654574	1
2	785	46.112575654574	1
2	799	46.397678380348	1
2	802	46.497678380348	1
2	817	47.01226218028	1
2	828	47.326165126155	1
2	839	47.703321094294	1
2	850	48.198772898523	1
2	863	48.5562937498	1
2	866	48.6562937498	1
2	878	48.953899727161	1
2	890	50.214429632493	1
2	901	51.338281196403	1
2	912	53.455762078659	1
2	921	53.569868049746	1
2	933	55.03040550159	1
2	944	55.670444936559	1
2	953	55.944821219135	1
2	966	56.613514777696	1
2	975	56.80137299162	1
2	987	58.227489134818	1
2	998	58.436983088731	1
2	1003	58.536983088731	1
2	1017	60.843215695115	1
2	1030	61.416105547291	1
2	1033	61.516105547291	1
2	1047	61.999136968451	1
2	1056	62.10169387754	1
2	1066	62.442328076934	1
2	1079	62.622797446015	1
2	1082	62.722797446015	1
2	1095	62.936878181703	1
2	1100	63.036878181703	1
2	1115	63.574502222671	1
2	1124	63.67667307123	1
2	1132	63.827329844717	1
2	1146	64.697728117393	1
2	1157	64.805175344898	1
2	1162	64.905175344898	1
2	1172	65.005175344898	1
2	1176	65.105175344898	1
2	1182	65.205175344898	1
2	1191	65.339850044489	1
2	1205	65.895035751016	1
2	1217	66.259473988366	1
2	1229	67.382099143433	1
2	1240	68.040149804542	1
2	1249	68.280685325673	1
2	1264	69.169065612403	1
2	1269	69.269065612403	1
2	1274	69.369065612403	1
2	1289	70.190004345302	1
2	1300	71.511182769121	1
2	1315	71.867357631141	1
2	1318	71.967357631141	1
2	1323	72.067357631141	1
2	1334	72.179326197067	1
2	1348	73.464013121976	1
2	1357	73.5864900442	1
2	1369	74.483471985003	1
2	1380	74.714348156529	1
2	1385	74.814348156529	1
2	1397	75.039817956908	1
2	1405	75.174836539827	1
2	1417	75.554024857927	1
2	1430	76.273272934867	1
2	1439	76.567537601357	1
2	1450	76.779454064927	1
2	1461	76.912072370335	1
2	1473	77.349870564798	1
2	1484	77.484159971539	1
2	1489	77.584159971539	1
2	1495	77.684159971539	1
2	1510	78.58491249314	1
2	1521	79.30318634108	1
2	1532	79.704522053614	1
2	1541	80.000265322972	1
2	1554	80.403391735	1
2	1565	80.885645637734	1
2	1576	81.881165338252	1
2	1589	82.256201575983	1
2	1592	82.356201575983	1
2	1604	82.569910270231	1
2	1614	82.796002170789	1
2	1626	83.525930341371	1
2	1637	83.996104787994	1
2	1650	84.442934921457	1
2	1653	84.542934921457	1
2	1665	84.72089520262	1
2	1670	84.82089520262	1
2	1687	86.751645009717	1
2	1692	86.851645009717	1
2	1697	86.951645009717	1
2	1712	87.369990346758	1
2	1717	87.469990346758	1
2	1731	89.264400769262	1
2	1742	89.789285876906	1
2	1753	90.482648617841	1
2	1764	90.855072290349	1
2	1775	91.317020198489	1
2	1784	91.428286925045	1
2	1798	92.281233779264	1
2	1801	92.381233779264	1
2	1815	94.994698351672	1
2	1828	95.421281897241	1
2	1831	95.521281897241	1
2	1841	95.631348798924	1
2	1853	95.813125312009	1
2	1856	95.913125312009	1
2	1873	96.535093149427	1
2	1886	96.906081764087	1
2	1889	97.006081764087	1
2	1903	97.544931951846	1
2	1918	98.465567438744	1
2	1921	98.565567438744	1
2	1926	98.665567438744	1
2	1937	98.884888174041	1
2	1953	99.880898644406	1
2	1956	99.980898644406	1
2	1966	100.169596181495	1
2	1980	101.031415834032	1
2	1991	101.524970884483	1
2	2004	102.305402425154	1
2	2009	102.405402425154	1
2	2014	102.505402425154	1
2	2031	103.39423643136	1
2	2034	103.49423643136	1
2	2048	104.994347903679	1
2	2061	106.364529435212	1
2	2064	106.464529435212	1
2	2076	106.86056633657	1
2	2091	109.02732152847	1
2	2094	109.12732152847	1
2	2110	110.37422990171	1
2	2115	110.47422990171	1
2	2120	110.57422990171	1
2	2135	111.492777571025	1
2	2146	112.215868965231	1
2	2157	112.650271459994	1
2	2168	112.98441940099	1
2	2177	113.150783286168	1
2	2189	113.936578681595	1
2	2200	114.408264393295	1
2	2211	115.120722311182	1
2	2220	115.327886859308	1
2	2233	116.237280430469	1
2	2244	117.099904405496	1
2	2253	117.348805272535	1
2	2266	117.722488043632	1
2	2277	119.125090806319	1
2	2288	120.971406100842	1
2	2299	121.404042291746	1
2	2312	121.808082891085	1
2	2315	121.908082891085	1
2	2329	123.114789401659	1
2	2340	124.292881499912	1
2	2349	124.450963338053	1
2	2361	124.912698188508	1
2	2374	125.318088082523	1
2	2377	125.418088082523	1
2	2389	125.713539433631	1
2	2401	126.178252392566	1
2	2412	127.100618319952	1
2	2427	128.125799058335	1
2	2430	128.225799058335	1
2	2435	128.325799058335	1
2	2450	129.206309797693	1
2	2461	130.033246209135	1
2	2472	130.93021015497	1
2	2483	131.708706015788	1
2	2492	131.995485345775	1
2	2507	132.914623227174	1
2	2510	133.014623227174	1
2	2524	133.660429425693	1
2	2537	134.462223837926	1
2	2540	134.562223837926	1
2	2554	135.106008865383	1
2	2565	135.969233328086	1
2	2576	137.35106905486	1
2	2587	137.822302380607	1
2	2598	138.27407376327	1
2	2609	138.637605630598	1
2	2622	140.525907092063	1
2	2625	140.625907092063	1
2	2635	140.797087651136	1
2	2649	142.468713522753	1
2	2658	142.696322764471	1
2	2669	142.887799454447	1
2	2681	143.609732004905	1
2	2690	143.71150885063	1
2	2702	144.376211146047	1
2	2711	144.543364878888	1
2	2723	145.254104467017	1
2	2732	145.450384009569	1
2	2746	146.684460908463	1
2	2749	146.784460908463	1
2	2763	147.418402357325	1
2	2772	147.601549023868	1
2	2784	148.231950451474	1
2	2795	150.020672567782	1
2	2806	151.039412247248	1
2	2817	153.158181670576	1
2	2828	153.727966684734	1
2	2837	153.899295534496	1
2	2849	154.097591408393	1
2	2852	154.197591408393	1
2	2867	155.086562938942	1
2	2878	157.11646785305	1
2	2887	157.270834228481	1
2	2899	157.908471958574	1
2	2910	158.577632318205	1
2	2921	159.115208880771	1
2	2934	159.537405324753	1
2	2937	159.637405324753	1
2	2949	159.889104010897	1
2	2959	160.176696926064	1
2	2970	160.284918727197	1
2	2980	160.600951163042	1
2	2993	161.794495602735	1
2	3004	162.021032302245	1
2	3011	162.121032302245	1
2	3016	162.221032302245	1
2	3031	163.088379650024	1
2	3042	163.424305285617	1
2	3053	164.056991378434	1
2	3064	164.906287449574	1
2	3075	165.247241317603	1
2	3086	165.995147619336	1
2	3097	166.595082604442	1
2	3108	167.089762198251	1
2	3117	167.272479943489	1
2	3129	167.6621087652	1
2	3140	168.749692501207	1
2	3151	169.618862504075	1
2	3160	169.726991652642	1
2	3170	170.093432586647	1
2	3185	170.570179292641	1
2	3188	170.670179292641	1
2	3200	170.914251825101	1
2	3210	171.230822691797	1
2	3225	171.845983233752	1
2	3228	171.945983233752	1
2	3240	172.213951625273	1
2	3252	172.613431148328	1
2	3263	174.28942432754	1
2	3274	175.669439776568	1
2	3285	176.724932018682	1
2	3296	177.167946583992	1
2	3307	178.426218145579	1
2	3318	178.667652920707	1
2	3323	178.767652920707	1
2	3339	180.4031988272	1
2	3342	180.5031988272	1
2	3356	180.920932079752	1
2	3367	181.27732058555	1
2	3376	181.402604060949	1
2	3388	182.132441061034	1
2	3397	182.264031808193	1
2	3407	182.506327282092	1
2	3419	182.900269683702	1
2	3432	183.35740440059	1
2	3437	183.45740440059	1
2	3442	183.55740440059	1
2	3457	184.196710776139	1
2	3468	184.759293592197	1
2	3479	186.464118325499	1
2	3490	187.092884559552	1
2	3501	187.81532423188	1
2	3514	188.092293815432	1
2	3519	188.192293815432	1
2	3524	188.292293815432	1
2	3539	189.620673729276	1
2	3548	189.916924866109	1
2	3559	190.115336942801	1
2	3571	190.852985324335	1
2	3582	191.774881211107	1
2	3593	192.25767659987	1
2	3602	192.473314863422	1
2	3615	193.655424912904	1
2	3626	193.979094264898	1
2	3637	194.454584594368	1
2	3648	195.793395685176	1
2	3657	195.901184103469	1
2	3669	196.88062231742	1
2	3680	197.373356142659	1
2	3693	198.215435449916	1
2	3696	198.315435449916	1
2	3706	198.47945936703	1
2	3720	199.227617772119	1
2	3731	199.821179909516	1
2	3742	199.944622721704	1
3	8	0.205935589651	1
3	19	0.455240613964	1
3	30	0.838537493436	1
3	41	1.21881267591	1
3	58	1.595413794696	1
3	65	1.695413794696	1
3	75	1.795413794696	1
3	79	1.895413794696	2
3	87	1.995413794696	2
3	91	2.095413794696	3
3	95	2.195413794696	3
3	111	3.268540748444	1
3	126	3.566727859708	1
3	132	3.666727859708	1
3	145	3.804935460569	1
3	149	3.904935460569	2
3	153	4.004935460569	2
3	163	4.212489792856	2
3	173	4.445624683726	2
3	188	4.821006807974	1
3	193	4.92135606059	2
3	203	5.130010561191	2
3	217	6.289590637913	1
3	228	6.547170446686	1
3	239	8.205531082799	1
3	254	8.935235824424	1
3	257	9.035235824424	1
3	269	10.848435780047	1
3	280	11.50898680368	1
3	291	12.174018020816	1
3	306	12.641742940604	1
3	309	12.741742940604	1
3	325	13.97734627502	1
3	328	14.07734627502	1
3	340	14.662371289089	1
3	351	16.318975227851	1
3	362	16.755518081127	1
3	373	17.198444780326	1
3	384	17.865098189836	1
3	395	19.443654772314	1
3	406	19.712350559935	1
3	417	20.258522320797	1
3	428	20.910604951503	1
3	439	21.368265323333	1
3	450	22.326491469566	1
3	461	22.887740413583	1
3	472	23.23244674988	1
3	483	24.028983168161	1
3	494	25.581187306096	1
3	505	25.839873554811	1
3	516	26.735446145612	1
3	527	27.724099311071	1
3	544	29.976844751569	1
3	551	30.076844751569	1
3	557	30.176844751569	1
3	559	30.276844751569	2
3	575	30.590142879636	1
3	577	30.690142879636	2
3	591	32.22911107331	1
3	602	32.60050810059	1
3	616	33.177188618984	1
3	622	33.306464833085	1
3	634	34.391104916081	1
3	645	35.817392947859	1
3	656	37.761732808134	1
3	670	39.930397215345	1
3	676	40.043274833572	1
3	691	40.652423971622	1
3	697	40.805623636479	1
3	709	41.285047230711	1
3	720	42.421748390874	1
3	731	43.291530093227	1
3	746	44.593608159652	1
3	749	44.693608159652	1
3	761	45.400894073309	1
3	772	45.878360246571	1
3	787	46.112675654574	1
3	790	46.212675654574	1
3	804	46.497778380348	1
3	808	46.597778380348	1
3	820	47.11236218028	1
3	831	47.426265126155	1
3	842	47.803421094294	1
3	853	48.298872898523	1
3	868	48.6563937498	1
3	871	48.7563937498	1
3	881	49.053999727161	1
3	893	50.314529632493	1
3	904	51.438381196403	1
3	918	53.555862078659	1
3	924	53.669968049746	1
3	936	55.13050550159	1
3	947	55.770544936559	1
3	958	56.044921219135	1
3	972	56.713614777696	1
3	978	56.90147299162	1
3	990	58.327589134818	1
3	1005	58.537083088731	1
3	1008	58.637083088731	1
3	1020	60.943315695115	1
3	1035	61.516205547291	1
3	1038	61.616205547291	1
3	1053	62.099236968451	1
3	1059	62.20179387754	1
3	1074	62.542428076934	1
3	1084	62.722897446015	1
3	1088	62.822897446015	1
3	1102	63.036978181703	1
3	1104	63.136978181703	2
3	1121	63.674602222671	1
3	1130	63.77677307123	1
3	1137	63.927429844717	1
3	1152	64.797828117393	1
3	1164	64.905275344898	1
3	1174	65.005275344898	1
3	1178	65.105275344898	2
3	1184	65.205275344898	2
3	1189	65.305275344898	3
3	1196	65.439950044489	3
3	1208	65.995135751016	2
3	1220	66.359573988366	1
3	1232	67.482199143433	1
3	1243	68.140249804542	1
3	1254	68.380785325673	1
3	1271	69.269165612403	1
3	1276	69.369165612403	1
3	1280	69.469165612403	1
3	1292	70.290104345302	1
3	1303	71.611282769121	1
3	1320	71.967457631141	1
3	1325	72.067457631141	1
3	1332	72.167457631141	1
3	1337	72.279426197067	2
3	1354	73.564113121976	1
3	1360	73.6865900442	1
3	1372	74.583571985003	1
3	1387	74.814448156529	1
3	1390	74.914448156529	1
3	1403	75.139917956908	1
3	1410	75.274936539827	1
3	1422	75.654124857927	1
3	1433	76.373372934867	1
3	1444	76.667637601357	1
3	1458	76.879554064927	1
3	1464	77.012172370335	1
3	1481	77.449970564798	1
3	1491	77.584259971539	1
3	1497	77.684259971539	1
3	1499	77.784259971539	2
3	1513	78.68501249314	1
3	1524	79.40328634108	1
3	1535	79.804622053614	1
3	1546	80.100365322972	1
3	1557	80.503491735	1
3	1568	80.985745637734	1
3	1579	81.981265338252	1
3	1594	82.356301575983	1
3	1597	82.456301575983	1
3	1607	82.670010270231	1
3	1617	82.896102170789	1
3	1629	83.626030341371	1
3	1640	84.096204787994	1
3	1655	84.543034921457	1
3	1661	84.643034921457	1
3	1672	84.82099520262	1
3	1674	84.92099520262	2
3	1694	86.851745009717	1
3	1699	86.951745009717	1
3	1703	87.051745009717	1
3	1719	87.470090346758	1
3	1722	87.570090346758	1
3	1734	89.364500769262	1
3	1745	89.889385876906	1
3	1756	90.582748617841	1
3	1767	90.955172290349	1
3	1781	91.417120198489	1
3	1787	91.528386925045	1
3	1803	92.381333779264	1
3	1806	92.481333779264	1
3	1818	95.094798351672	1
3	1833	95.521381897241	1
3	1839	95.621381897241	1
3	1849	95.731448798924	1
3	1858	95.913225312009	2
3	1862	96.013225312009	2
3	1876	96.635193149427	1
3	1891	97.006181764087	1
3	1894	97.106181764087	1
3	1906	97.645031951846	1
3	1923	98.565667438744	1
3	1928	98.665667438744	1
3	1932	98.765667438744	1
3	1942	98.984988174041	1
3	1958	99.980998644406	1
3	1964	100.080998644406	1
3	1971	100.269696181495	1
3	1983	101.131515834032	1
3	1994	101.625070884483	1
3	2011	102.405502425154	1
3	2016	102.505502425154	1
3	2020	102.605502425154	1
3	2036	103.49433643136	1
3	2039	103.59433643136	1
3	2051	105.094447903679	1
3	2066	106.464629435212	1
3	2069	106.564629435212	1
3	2081	106.96066633657	1
3	2096	109.12742152847	1
3	2099	109.22742152847	1
3	2117	110.47432990171	1
3	2122	110.57432990171	1
3	2126	110.67432990171	1
3	2138	111.592877571025	1
3	2149	112.315968965231	1
3	2160	112.750371459994	1
3	2174	113.08451940099	1
3	2180	113.250883286168	1
3	2192	114.036678681595	1
3	2203	114.508364393295	1
3	2214	115.220822311182	1
3	2225	115.427986859308	1
3	2236	116.337380430469	1
3	2247	117.200004405496	1
3	2258	117.448905272535	1
3	2269	117.822588043632	1
3	2280	119.225190806319	1
3	2291	121.071506100842	1
3	2302	121.504142291746	1
3	2317	121.908182891085	1
3	2320	122.008182891085	1
3	2332	123.214889401659	1
3	2346	124.392981499912	1
3	2352	124.551063338053	1
3	2364	125.012798188508	1
3	2379	125.418188082523	1
3	2382	125.518188082523	1
3	2392	125.813639433631	1
3	2404	126.278352392566	1
3	2415	127.200718319952	1
3	2432	128.225899058335	1
3	2437	128.325899058335	1
3	2441	128.425899058335	1
3	2453	129.306409797693	1
3	2464	130.133346209135	1
3	2475	131.03031015497	1
3	2486	131.808806015788	1
3	2497	132.095585345775	1
3	2512	133.014723227174	1
3	2515	133.114723227174	1
3	2527	133.760529425693	1
3	2542	134.562323837926	1
3	2545	134.662323837926	1
3	2557	135.206108865383	1
3	2568	136.069333328086	1
3	2579	137.45116905486	1
3	2590	137.922402380607	1
3	2601	138.37417376327	1
3	2612	138.737705630598	1
3	2627	140.626007092063	1
3	2633	140.726007092063	1
3	2640	140.897187651136	1
3	2652	142.568813522753	1
3	2666	142.796422764471	1
3	2672	142.987899454447	1
3	2687	143.709832004905	1
3	2693	143.81160885063	1
3	2708	144.476311146047	1
3	2714	144.643464878888	1
3	2729	145.354204467017	1
3	2735	145.550484009569	1
3	2751	146.784560908463	1
3	2754	146.884560908463	1
3	2769	147.518502357325	1
3	2775	147.701649023868	1
3	2787	148.332050451474	1
3	2798	150.120772567782	1
3	2809	151.139512247248	1
3	2820	153.258281670576	1
3	2834	153.828066684734	1
3	2843	153.999395534496	1
3	2854	154.197691408393	1
3	2858	154.297691408393	1
3	2870	155.186662938942	1
3	2884	157.21656785305	1
3	2890	157.370934228481	1
3	2902	158.008571958574	1
3	2913	158.677732318205	1
3	2924	159.215308880771	1
3	2939	159.637505324753	1
3	2942	159.737505324753	1
3	2952	159.989204010897	1
3	2967	160.276796926064	1
3	2973	160.385018727197	1
3	2985	160.701051163042	1
3	2996	161.894595602735	1
3	3013	162.121132302245	1
3	3018	162.221132302245	1
3	3022	162.321132302245	1
3	3034	163.188479650024	1
3	3045	163.524405285617	1
3	3056	164.157091378434	1
3	3067	165.006387449574	1
3	3078	165.347341317603	1
3	3089	166.095247619336	1
3	3100	166.695182604442	1
3	3114	167.189862198251	1
3	3120	167.372579943489	1
3	3132	167.7622087652	1
3	3143	168.849792501207	1
3	3157	169.718962504075	1
3	3163	169.827091652642	1
3	3175	170.193532586647	1
3	3190	170.670279292641	1
3	3193	170.770279292641	1
3	3203	171.014351825101	1
3	3215	171.330922691797	1
3	3230	171.946083233752	1
3	3233	172.046083233752	1
3	3243	172.314051625273	1
3	3255	172.713531148328	1
3	3266	174.38952432754	1
3	3277	175.769539776568	1
3	3288	176.825032018682	1
3	3299	177.268046583992	1
3	3310	178.526318145579	1
3	3325	178.767752920707	1
3	3328	178.867752920707	1
3	3344	180.5032988272	1
3	3347	180.6032988272	1
3	3359	181.021032079752	1
3	3373	181.37742058555	1
3	3379	181.502704060949	1
3	3394	182.232541061034	1
3	3400	182.364131808193	1
3	3410	182.606427282092	1
3	3422	183.000369683702	1
3	3439	183.45750440059	1
3	3444	183.55750440059	1
3	3448	183.65750440059	1
3	3460	184.296810776139	1
3	3471	184.859393592197	1
3	3482	186.564218325499	1
3	3493	187.192984559552	1
3	3504	187.91542423188	1
3	3521	188.192393815432	1
3	3526	188.292393815432	1
3	3530	188.392393815432	1
3	3542	189.720773729276	1
3	3556	190.017024866109	1
3	3562	190.215436942801	1
3	3574	190.953085324335	1
3	3585	191.874981211107	1
3	3596	192.35777659987	1
3	3607	192.573414863422	1
3	3618	193.755524912904	1
3	3629	194.079194264898	1
3	3640	194.554684594368	1
3	3654	195.893495685176	1
3	3660	196.001284103469	1
3	3672	196.98072231742	1
3	3683	197.473456142659	1
3	3698	198.315535449916	1
3	3704	198.415535449916	1
3	3711	198.57955936703	1
3	3723	199.327717772119	1
3	3737	199.921279909516	1
4	16	0.405935589651	0.4002
4	24	0.655240613964	0.4002
4	35	1.038537493436	0.4002
4	48	1.41881267591	0.4002
4	73	1.795413794696	0.4002
4	85	1.995413794696	0.596035568795
4	93	2.195413794696	0.717015118741
4	96	2.395413794696	0.70794617262
4	98	2.595413794696	0.823641806398
4	100	2.795413794696	1.016265456688
4	102	2.995413794696	1.08062709069
4	121	3.468540748444	0.4002
4	140	3.766727859708	0.4002
4	150	3.966727859708	0.518826825913
4	160	4.166727859708	0.561992399139
4	170	4.366727859708	0.679925951264
4	174	4.566727859708	0.831633728896
4	185	4.766727859708	0.754438066852
4	197	4.966727859708	0.721303175982
4	204	5.166727859708	0.545921051734
4	206	5.366727859708	0.645571799118
4	208	5.566727859708	0.636917298517
4	225	6.489590637913	0.4002
4	230	6.747170446686	0.4002
4	241	8.405531082799	0.4002
4	258	9.135235824424	0.4002
4	260	9.335235824424	0.578464513242
4	271	11.048435780047	0.4002
4	282	11.70898680368	0.4002
4	293	12.374018020816	0.4002
4	310	12.841742940604	0.4002
4	312	13.041742940604	0.520165435335
4	329	14.17734627502	0.4002
4	331	14.37734627502	0.519795176561
4	342	14.862371289089	0.4002
4	353	16.518975227851	0.4002
4	364	16.955518081127	0.4002
4	375	17.398444780326	0.4002
4	386	18.065098189836	0.4002
4	403	19.643654772314	0.4002
4	408	19.912350559935	0.4002
4	419	20.458522320797	0.4002
4	430	21.110604951503	0.4002
4	441	21.568265323333	0.4002
4	452	22.526491469566	0.4002
4	466	23.087740413583	0.4002
4	474	23.43244674988	0.4002
4	485	24.228983168161	0.4002
4	502	25.781187306096	0.4002
4	507	26.039873554811	0.4002
4	518	26.935446145612	0.4002
4	529	27.924099311071	0.4002
4	555	30.176844751569	0.4002
4	560	30.376844751569	0.539520638993
4	570	30.576844751569	0.6372803487
4	578	30.776844751569	0.791829226152
4	580	30.976844751569	0.586901871933
4	582	31.176844751569	0.7483644828
4	596	32.42911107331	0.4002
4	604	32.80050810059	0.4002
4	623	33.377188618984	0.4002
4	625	33.577188618984	0.470923785899
4	636	34.591104916081	0.4002
4	647	36.017392947859	0.4002
4	658	37.961732808134	0.4002
4	677	40.130397215345	0.4002
4	679	40.330397215345	0.487322381773
4	698	40.852423971622	0.4002
4	700	41.052423971622	0.447000335143
4	711	41.485047230711	0.4002
4	722	42.621748390874	0.4002
4	733	43.491530093227	0.4002
4	750	44.793608159652	0.4002
4	752	44.993608159652	0.573895884001
4	763	45.600894073309	0.4002
4	782	46.078360246571	0.4002
4	794	46.312675654574	0.4002
4	805	46.512675654574	0.55761166168
4	809	46.712675654574	0.415097274226
4	814	46.912675654574	0.51915705228
4	825	47.31236218028	0.4002
4	836	47.626265126155	0.4002
4	844	48.003421094294	0.4002
4	858	48.498872898523	0.4002
4	875	48.8563937498	0.4002
4	882	49.0563937498	0.517146251534
4	884	49.2563937498	0.402594022639
4	895	50.514529632493	0.4002
4	906	51.638381196403	0.4002
4	925	53.755862078659	0.4002
4	927	53.955862078659	0.486094028913
4	938	55.33050550159	0.4002
4	955	55.970544936559	0.4002
4	960	56.244921219135	0.4002
4	979	56.913614777696	0.4002
4	981	57.113614777696	0.412341786076
4	1000	58.527589134818	0.4002
4	1009	58.737083088731	0.4002
4	1011	58.937083088731	0.578060159942
4	1022	61.143315695115	0.4002
4	1039	61.716205547291	0.4002
4	1044	61.916205547291	0.576111701206
4	1060	62.299236968451	0.4002
4	1068	62.499236968451	0.497643090911
4	1085	62.742428076934	0.4002
4	1097	62.942428076934	0.419730630919
4	1105	63.142428076934	0.589745214864
4	1107	63.342428076934	0.505649895231
4	1112	63.542428076934	0.684015933061
4	1134	63.874602222671	0.4002
4	1138	64.074602222671	0.498029151441
4	1140	64.274602222671	0.547372377954
4	1167	64.997828117393	0.4002
4	1179	65.197828117393	0.492752772495
4	1193	65.397828117393	0.595149415191
4	1197	65.597828117393	0.71959343709
4	1202	65.797828117393	0.837446902315
4	1209	65.997828117393	0.997482419496
4	1214	66.197828117393	0.958078072904
4	1221	66.397828117393	0.602892366377
4	1223	66.597828117393	0.438454129027
4	1234	67.682199143433	0.4002
4	1251	68.340249804542	0.4002
4	1256	68.580785325673	0.4002
4	1278	69.469165612403	0.4002
4	1281	69.669165612403	0.58072919695
4	1283	69.869165612403	0.610063197285
4	1294	70.490104345302	0.4002
4	1310	71.811282769121	0.4002
4	1330	72.167457631141	0.4002
4	1338	72.367457631141	0.587477147066
4	1340	72.567457631141	0.746841466048
4	1342	72.767457631141	0.688231434074
4	1361	73.764113121976	0.4002
4	1363	73.964113121976	0.477723077776
4	1382	74.783571985003	0.4002
4	1394	75.014448156529	0.4002
4	1407	75.214448156529	0.597684139363
4	1411	75.414448156529	0.474730199621
4	1419	75.614448156529	0.539711616702
4	1424	75.854124857927	0.4002
4	1441	76.573372934867	0.4002
4	1455	76.867637601357	0.4002
4	1465	77.079554064927	0.4002
4	1470	77.279554064927	0.467581694592
4	1492	77.649970564798	0.4002
4	1500	77.849970564798	0.465910593259
4	1502	78.049970564798	0.64530469962
4	1504	78.249970564798	0.699903658048
4	1515	78.88501249314	0.4002
4	1526	79.60328634108	0.4002
4	1543	80.004622053614	0.4002
4	1548	80.300365322972	0.4002
4	1559	80.703491735	0.4002
4	1570	81.185745637734	0.4002
4	1586	82.181265338252	0.4002
4	1601	82.556301575983	0.4002
4	1611	82.756301575983	0.595701882225
4	1618	82.956301575983	0.486491305752
4	1620	83.156301575983	0.460399405194
4	1631	83.826030341371	0.4002
4	1642	84.296204787994	0.4002
4	1667	84.743034921457	0.4002
4	1675	84.943034921457	0.520481766398
4	1677	85.143034921457	0.522239718837
4	1679	85.343034921457	0.634928595635
4	1701	87.051745009717	0.4002
4	1704	87.251745009717	0.569456656849
4	1714	87.451745009717	0.629377604127
4	1723	87.670090346758	0.4002
4	1725	87.870090346758	0.518034016255
4	1736	89.564500769262	0.4002
4	1747	90.089385876906	0.4002
4	1761	90.782748617841	0.4002
4	1769	91.155172290349	0.4002
4	1788	91.617120198489	0.4002
4	1790	91.817120198489	0.488933273444
4	1807	92.581333779264	0.4002
4	1809	92.781333779264	0.536532323347
4	1820	95.294798351672	0.4002
4	1846	95.721381897241	0.4002
4	1859	95.921381897241	0.577960225489
4	1863	96.121381897241	0.590133098317
4	1865	96.321381897241	0.608356585232
4	1870	96.521381897241	0.748538765966
4	1881	96.835193149427	0.4002
4	1895	97.206181764087	0.4002
4	1897	97.406181764087	0.511306645573
4	1908	97.845031951846	0.4002
4	1930	98.765667438744	0.4002
4	1939	98.965667438744	0.578910140813
4	1943	99.165667438744	0.762228936552
4	1945	99.365667438744	0.580879264703
4	1968	100.180998644406	0.4002
4	1972	100.380998644406	0.552217667783
4	1974	100.580998644406	0.511502462911
4	1985	101.331515834032	0.4002
4	1996	101.825070884483	0.4002
4	2018	102.605502425154	0.4002
4	2021	102.805502425154	0.596178164742
4	2023	103.005502425154	0.628878208848
4	2040	103.69433643136	0.4002
4	2042	103.89433643136	0.541726772857
4	2053	105.294447903679	0.4002
4	2070	106.664629435212	0.4002
4	2078	106.864629435212	0.504943669196
4	2083	107.16066633657	0.4002
4	2100	109.32742152847	0.4002
4	2102	109.52742152847	0.521363575891
4	2124	110.67432990171	0.4002
4	2127	110.87432990171	0.534532562822
4	2129	111.07432990171	0.695242713519
4	2140	111.792877571025	0.4002
4	2151	112.515968965231	0.4002
4	2165	112.950371459994	0.4002
4	2181	113.28451940099	0.4002
4	2183	113.48451940099	0.433836114822
4	2194	114.236678681595	0.4002
4	2205	114.708364393295	0.4002
4	2222	115.420822311182	0.4002
4	2227	115.627986859308	0.4002
4	2238	116.537380430469	0.4002
4	2255	117.400004405496	0.4002
4	2263	117.648905272535	0.4002
4	2271	118.022588043632	0.4002
4	2282	119.425190806319	0.4002
4	2293	121.271506100842	0.4002
4	2304	121.704142291746	0.4002
4	2321	122.108182891085	0.4002
4	2323	122.308182891085	0.576790283686
4	2334	123.414889401659	0.4002
4	2353	124.592981499912	0.4002
4	2355	124.792981499912	0.442118161859
4	2366	125.212798188508	0.4002
4	2386	125.618188082523	0.4002
4	2393	125.818188082523	0.592336443612
4	2395	126.018188082523	0.404748648892
4	2406	126.478352392566	0.4002
4	2417	127.400718319952	0.4002
4	2439	128.425899058335	0.4002
4	2442	128.625899058335	0.558393810073
4	2444	128.825899058335	0.714722758405
4	2455	129.506409797693	0.4002
4	2466	130.333346209135	0.4002
4	2477	131.23031015497	0.4002
4	2494	132.008806015788	0.4002
4	2499	132.295585345775	0.4002
4	2516	133.214723227174	0.4002
4	2518	133.414723227174	0.579777292625
4	2529	133.960529425693	0.4002
4	2546	134.762323837926	0.4002
4	2548	134.962323837926	0.581263663635
4	2559	135.406108865383	0.4002
4	2570	136.269333328086	0.4002
4	2581	137.65116905486	0.4002
4	2592	138.122402380607	0.4002
4	2606	138.57417376327	0.4002
4	2614	138.937705630598	0.4002
4	2637	140.826007092063	0.4002
4	2641	141.026007092063	0.531818133237
4	2643	141.226007092063	0.529019440927
4	2660	142.768813522753	0.4002
4	2673	142.996422764471	0.4002
4	2675	143.196422764471	0.408723310024
4	2694	143.909832004905	0.4002
4	2696	144.109832004905	0.498423154275
4	2715	144.676311146047	0.4002
4	2717	144.876311146047	0.433046267159
4	2736	145.554204467017	0.4002
4	2738	145.754204467017	0.403920457448
4	2755	146.984560908463	0.4002
4	2757	147.184560908463	0.559846604919
4	2776	147.718502357325	0.4002
4	2778	147.918502357325	0.417053333457
4	2789	148.532050451474	0.4002
4	2800	150.320772567782	0.4002
4	2811	151.339512247248	0.4002
4	2822	153.458281670576	0.4002
4	2846	154.028066684734	0.4002
4	2855	154.228066684734	0.428871150238
4	2859	154.428066684734	0.430575276341
4	2861	154.628066684734	0.612250897665
4	2872	155.386662938942	0.4002
4	2891	157.41656785305	0.4002
4	2893	157.61656785305	0.445833624569
4	2904	158.208571958574	0.4002
4	2915	158.877732318205	0.4002
4	2926	159.415308880771	0.4002
4	2946	159.837505324753	0.4002
4	2953	160.037505324753	0.512139594237
4	2964	160.237505324753	0.448501313856
4	2974	160.476796926064	0.4002
4	2982	160.676796926064	0.491978198867
4	2987	160.901051163042	0.4002
4	3008	162.094595602735	0.4002
4	3020	162.321132302245	0.4002
4	3023	162.521132302245	0.554200509227
4	3025	162.721132302245	0.628001896255
4	3039	163.388479650024	0.4002
4	3047	163.724405285617	0.4002
4	3058	164.357091378434	0.4002
4	3072	165.206387449574	0.4002
4	3080	165.547341317603	0.4002
4	3091	166.295247619336	0.4002
4	3102	166.895182604442	0.4002
4	3121	167.389862198251	0.4002
4	3126	167.589862198251	0.417482254762
4	3134	167.9622087652	0.4002
4	3145	169.049792501207	0.4002
4	3164	169.918962504075	0.4002
4	3172	170.118962504075	0.492070851433
4	3177	170.393532586647	0.4002
4	3197	170.870279292641	0.4002
4	3204	171.070279292641	0.598744042805
4	3212	171.270279292641	0.45612746754
4	3217	171.530922691797	0.4002
4	3237	172.146083233752	0.4002
4	3244	172.346083233752	0.587807230071
4	3249	172.546083233752	0.432231608479
4	3257	172.913531148328	0.4002
4	3268	174.58952432754	0.4002
4	3279	175.969539776568	0.4002
4	3290	177.025032018682	0.4002
4	3301	177.468046583992	0.4002
4	3320	178.726318145579	0.4002
4	3329	178.967752920707	0.4002
4	3331	179.167752920707	0.585954080624
4	3348	180.7032988272	0.4002
4	3353	180.9032988272	0.50664281179
4	3364	181.221032079752	0.4002
4	3380	181.57742058555	0.4002
4	3382	181.77742058555	0.474916524601
4	3404	182.432541061034	0.4002
4	3411	182.632541061034	0.468609252841
4	3416	182.832541061034	0.426313778942
4	3424	183.200369683702	0.4002
4	3446	183.65750440059	0.4002
4	3449	183.85750440059	0.517683346835
4	3451	184.05750440059	0.69208872532
4	3462	184.496810776139	0.4002
4	3473	185.059393592197	0.4002
4	3484	186.764218325499	0.4002
4	3495	187.392984559552	0.4002
4	3516	188.11542423188	0.4002
4	3528	188.392393815432	0.4002
4	3531	188.592393815432	0.588535206414
4	3533	188.792393815432	0.707706241594
4	3550	189.920773729276	0.4002
4	3563	190.217024866109	0.4002
4	3565	190.417024866109	0.401787923308
4	3576	191.153085324335	0.4002
4	3587	192.074981211107	0.4002
4	3604	192.55777659987	0.4002
4	3609	192.773414863422	0.4002
4	3623	193.955524912904	0.4002
4	3631	194.279194264898	0.4002
4	3642	194.754684594368	0.4002
4	3661	196.093495685176	0.4002
4	3663	196.293495685176	0.492411581707
4	3674	197.18072231742	0.4002
4	3685	197.673456142659	0.4002
4	3708	198.515535449916	0.4002
4	3712	198.715535449916	0.569739085296
4	3714	198.915535449916	0.536176082886
4	3725	199.527717772119	0.4002
5	16	0.405935589651	1
5	24	0.655240613964	1
5	35	1.038537493436	1
5	48	1.41881267591	1
5	73	1.795413794696	1
5	85	1.995413794696	1
5	93	2.195413794696	1
5	96	2.395413794696	1
5	98	2.595413794696	1
5	100	2.795413794696	1
5	102	2.995413794696	1
5	121	3.468540748444	1
5	140	3.766727859708	1
5	150	3.966727859708	1
5	160	4.166727859708	1
5	170	4.366727859708	1
5	174	4.566727859708	1
5	185	4.766727859708	1
5	197	4.966727859708	1
5	204	5.166727859708	1
5	206	5.366727859708	1
5	208	5.566727859708	1
5	225	6.489590637913	1
5	230	6.747170446686	1
5	241	8.405531082799	1
5	258	9.135235824424	1
5	260	9.335235824424	1
5	271	11.048435780047	1
5	282	11.70898680368	1
5	293	12.374018020816	1
5	310	12.841742940604	1
5	312	13.041742940604	1
5	329	14.17734627502	1
5	331	14.37734627502	1
5	342	14.862371289089	1
5	353	16.518975227851	1
5	364	16.955518081127	1
5	375	17.398444780326	1
5	386	18.065098189836	1
5	403	19.643654772314	1
5	408	19.912350559935	1
5	419	20.458522320797	1
5	430	21.110604951503	1
5	441	21.568265323333	1
5	452	22.526491469566	1
5	466	23.087740413583	1
5	474	23.43244674988	1
5	485	24.228983168161	1
5	502	25.781187306096	1
5	507	26.039873554811	1
5	518	26.935446145612	1
5	529	27.924099311071	1
5	555	30.176844751569	1
5	560	30.376844751569	1
5	570	30.576844751569	1
5	578	30.776844751569	1
5	580	30.976844751569	1
5	582	31.176844751569	1
5	596	32.42911107331	1
5	604	32.80050810059	1
5	623	33.377188618984	1
5	625	33.577188618984	1
5	636	34.591104916081	1
5	647	36.017392947859	1
5	658	37.961732808134	1
5	677	40.130397215345	1
5	679	40.330397215345	1
5	698	40.852423971622	1
5	700	41.052423971622	1
5	711	41.485047230711	1
5	722	42.621748390874	1
5	733	43.491530093227	1
5	750	44.793608159652	1
5	752	44.993608159652	1
5	763	45.600894073309	1
5	782	46.078360246571	1
5	794	46.312675654574	1
5	805	46.512675654574	1
5	809	46.712675654574	1
5	814	46.912675654574	1
5	825	47.31236218028	1
5	836	47.626265126155	1
5	844	48.003421094294	1
5	858	48.498872898523	1
5	875	48.8563937498	1
5	882	49.0563937498	1
5	884	49.2563937498	1
5	895	50.514529632493	1
5	906	51.638381196403	1
5	925	53.755862078659	1
5	927	53.955862078659	1
5	938	55.33050550159	1
5	955	55.970544936559	1
5	960	56.244921219135	1
5	979	56.913614777696	1
5	981	57.113614777696	1
5	1000	58.527589134818	1
5	1009	58.737083088731	1
5	1011	58.937083088731	1
5	1022	61.143315695115	1
5	1039	61.716205547291	1
5	1044	61.916205547291	1
5	1060	62.299236968451	1
5	1068	62.499236968451	1
5	1085	62.742428076934	1
5	1097	62.942428076934	1
5	1105	63.142428076934	1
5	1107	63.342428076934	1
5	1112	63.542428076934	1
5	1134	63.874602222671	1
5	1138	64.074602222671	1
5	1140	64.274602222671	1
5	1167	64.997828117393	1
5	1179	65.197828117393	1
5	1193	65.397828117393	1
5	1197	65.597828117393	1
5	1202	65.797828117393	1
5	1209	65.997828117393	1
5	1214	66.197828117393	1
5	1221	66.397828117393	1
5	1223	66.597828117393	1
5	1234	67.682199143433	1
5	1251	68.340249804542	1
5	1256	68.580785325673	1
5	1278	69.469165612403	1
5	1281	69.669165612403	1
5	1283	69.869165612403	1
5	1294	70.490104345302	1
5	1310	71.811282769121	1
5	1330	72.167457631141	1
5	1338	72.367457631141	1
5	1340	72.567457631141	1
5	1342	72.767457631141	1
5	1361	73.764113121976	1
5	1363	73.964113121976	1
5	1382	74.783571985003	1
5	1394	75.014448156529	1
5	1407	75.214448156529	1
5	1411	75.414448156529	1
5	1419	75.614448156529	1
5	1424	75.854124857927	1
5	1441	76.573372934867	1
5	1455	76.867637601357	1
5	1465	77.079554064927	1
5	1470	77.279554064927	1
5	1492	77.649970564798	1
5	1500	77.849970564798	1
5	1502	78.049970564798	1
5	1504	78.249970564798	1
5	1515	78.88501249314	1
5	1526	79.60328634108	1
5	1543	80.004622053614	1
5	1548	80.300365322972	1
5	1559	80.703491735	1
5	1570	81.185745637734	1
5	1586	82.181265338252	1
5	1601	82.556301575983	1
5	1611	82.756301575983	1
5	1618	82.956301575983	1
5	1620	83.156301575983	1
5	1631	83.826030341371	1
5	1642	84.296204787994	1
5	1667	84.743034921457	1
5	1675	84.943034921457	1
5	1677	85.143034921457	1
5	1679	85.343034921457	1
5	1701	87.051745009717	1
5	1704	87.251745009717	1
5	1714	87.451745009717	1
5	1723	87.670090346758	1
5	1725	87.870090346758	1
5	1736	89.564500769262	1
5	1747	90.089385876906	1
5	1761	90.782748617841	1
5	1769	91.155172290349	1
5	1788	91.617120198489	1
5	1790	91.817120198489	1
5	1807	92.581333779264	1
5	1809	92.781333779264	1
5	1820	95.294798351672	1
5	1846	95.721381897241	1
5	1859	95.921381897241	1
5	1863	96.121381897241	1
5	1865	96.321381897241	1
5	1870	96.521381897241	1
5	1881	96.835193149427	1
5	1895	97.206181764087	1
5	1897	97.406181764087	1
5	1908	97.845031951846	1
5	1930	98.765667438744	1
5	1939	98.965667438744	1
5	1943	99.165667438744	1
5	1945	99.365667438744	1
5	1968	100.180998644406	1
5	1972	100.380998644406	1
5	1974	100.580998644406	1
5	1985	101.331515834032	1
5	1996	101.825070884483	1
5	2018	102.605502425154	1
5	2021	102.805502425154	1
5	2023	103.005502425154	1
5	2040	103.69433643136	1
5	2042	103.89433643136	1
5	2053	105.294447903679	1
5	2070	106.664629435212	1
5	2078	106.864629435212	1
5	2083	107.16066633657	1
5	2100	109.32742152847	1
5	2102	109.52742152847	1
5	2124	110.67432990171	1
5	2127	110.87432990171	1
5	2129	111.07432990171	1
5	2140	111.792877571025	1
5	2151	112.515968965231	1
5	2165	112.950371459994	1
5	2181	113.28451940099	1
5	2183	113.48451940099	1
5	2194	114.236678681595	1
5	2205	114.708364393295	1
5	2222	115.420822311182	1
5	2227	115.627986859308	1
5	2238	116.537380430469	1
5	2255	117.400004405496	1
5	2263	117.648905272535	1
5	2271	118.022588043632	1
5	2282	119.425190806319	1
5	2293	121.271506100842	1
5	2304	121.704142291746	1
5	2321	122.108182891085	1
5	2323	122.308182891085	1
5	2334	123.414889401659	1
5	2353	124.592981499912	1
5	2355	124.792981499912	1
5	2366	125.212798188508	1
5	2386	125.618188082523	1
5	2393	125.818188082523	1
5	2395	126.018188082523	1
5	2406	126.478352392566	1
5	2417	127.400718319952	1
5	2439	128.425899058335	1
5	2442	128.625899058335	1
5	2444	128.825899058335	1
5	2455	129.506409797693	1
5	2466	130.333346209135	1
5	2477	131.23031015497	1
5	2494	132.008806015788	1
5	2499	132.295585345775	1
5	2516	133.214723227174	1
5	2518	133.414723227174	1
5	2529	133.960529425693	1
5	2546	134.762323837926	1
5	2548	134.962323837926	1
5	2559	135.406108865383	1
5	2570	136.269333328086	1
5	2581	137.65116905486	1
5	2592	138.122402380607	1
5	2606	138.57417376327	1
5	2614	138.937705630598	1
5	2637	140.826007092063	1
5	2641	141.026007092063	1
5	2643	141.226007092063	1
5	2660	142.768813522753	1
5	2673	142.996422764471	1
5	2675	143.196422764471	1
5	2694	143.909832004905	1
5	2696	144.109832004905	1
5	2715	144.676311146047	1
5	2717	144.876311146047	1
5	2736	145.554204467017	1
5	2738	145.754204467017	1
5	2755	146.984560908463	1
5	2757	147.184560908463	1
5	2776	147.718502357325	1
5	2778	147.918502357325	1
5	2789	148.532050451474	1
5	2800	150.320772567782	1
5	2811	151.339512247248	1
5	2822	153.458281670576	1
5	2846	154.028066684734	1
5	2855	154.228066684734	1
5	2859	154.428066684734	1
5	2861	154.628066684734	1
5	2872	155.386662938942	1
5	2891	157.41656785305	1
5	2893	157.61656785305	1
5	2904	158.208571958574	1
5	2915	158.877732318205	1
5	2926	159.415308880771	1
5	2946	159.837505324753	1
5	2953	160.037505324753	1
5	2964	160.237505324753	1
5	2974	160.476796926064	1
5	2982	160.676796926064	1
5	2987	160.901051163042	1
5	3008	162.094595602735	1
5	3020	162.321132302245	1
5	3023	162.521132302245	1
5	3025	162.721132302245	1
5	3039	163.388479650024	1
5	3047	163.724405285617	1
5	3058	164.357091378434	1
5	3072	165.206387449574	1
5	3080	165.547341317603	1
5	3091	166.295247619336	1
5	3102	166.895182604442	1
5	3121	167.389862198251	1
5	3126	167.589862198251	1
5	3134	167.9622087652	1
5	3145	169.049792501207	1
5	3164	169.918962504075	1
5	3172	170.118962504075	1
5	3177	170.393532586647	1
5	3197	170.870279292641	1
5	3204	171.070279292641	1
5	3212	171.270279292641	1
5	3217	171.530922691797	1
5	3237	172.146083233752	1
5	3244	172.346083233752	1
5	3249	172.546083233752	1
5	3257	172.913531148328	1
5	3268	174.58952432754	1
5	3279	175.969539776568	1
5	3290	177.025032018682	1
5	3301	177.468046583992	1
5	3320	178.726318145579	1
5	3329	178.967752920707	1
5	3331	179.167752920707	1
5	3348	180.7032988272	1
5	3353	180.9032988272	1
5	3364	181.221032079752	1
5	3380	181.57742058555	1
5	3382	181.77742058555	1
5	3404	182.432541061034	1
5	3411	182.632541061034	1
5	3416	182.832541061034	1
5	3424	183.200369683702	1
5	3446	183.65750440059	1
5	3449	183.85750440059	1
5	3451	184.05750440059	1
5	3462	184.496810776139	1
5	3473	185.059393592197	1
5	3484	186.764218325499	1
5	3495	187.392984559552	1
5	3516	188.11542423188	1
5	3528	188.392393815432	1
5	3531	188.592393815432	1
5	3533	188.792393815432	1
5	3550	189.920773729276	1
5	3563	190.217024866109	1
5	3565	190.417024866109	1
5	3576	191.153085324335	1
5	3587	192.074981211107	1
5	3604	192.55777659987	1
5	3609	192.773414863422	1
5	3623	193.955524912904	1
5	3631	194.279194264898	1
5	3642	194.754684594368	1
5	3661	196.093495685176	1
5	3663	196.293495685176	1
5	3674	197.18072231742	1
5	3685	197.673456142659	1
5	3708	198.515535449916	1
5	3712	198.715535449916	1
5	3714	198.915535449916	1
5	3725	199.527717772119	1

