version 3
run FeedbackVersion-5-20240511-20:45:11-11876
attr configname FeedbackVersion
attr datetime 20240511-20:45:11
attr datetimef 20240511-204511
attr experiment FeedbackVersion
attr inifile omnetpp.ini
attr iterationvars $genInterval=0.35
attr iterationvarsd genInterval=0.35
attr iterationvarsf genInterval=0.35-
attr measurement $genInterval=0.35
attr network NetworkFV
attr processid 11876
attr repetition 0
attr replication #0
attr resultdir results
attr runnumber 5
attr seedset 5
itervar genInterval 0.35
config network NetworkFV
config sim-time-limit 200s
config NetworkFV.nodeTx.gen.generationInterval exponential(0.35)
config NetworkFV.nodeTx.gen.packetByteSize 12500
config NetworkFV.queueOne.bufferSize 200
config NetworkFV.nodeRx.queue.bufferSize 200
config NetworkFV.nodeTx.queue.bufferSize 2000000
config NetworkFV.queueZero.bufferSize 200

vector 0 NetworkFV.nodeRx.queue PacketsLost ETV
vector 1 NetworkFV.nodeRx.queue PacketsAsked ETV
vector 2 NetworkFV.queueOne bufferSize ETV
vector 3 NetworkFV.nodeTx.gen packetGen ETV
vector 4 NetworkFV.nodeTx.queue BufferSize ETV
vector 5 NetworkFV.nodeTx.queue PacketsSent ETV
vector 6 NetworkFV.queueZero bufferSize ETV
vector 7 NetworkFV.nodeRx.queue BufferSize ETV
vector 8 NetworkFV.nodeRx.sink Delay ETV
vector 9 NetworkFV.nodeRx.sink packetUsed ETV
0	1	0	1
0	14	0.2	1
0	26	0.4	1
0	29	0.6002	1
0	32	0.8004	1
0	39	1.0006	1
0	46	1.401	1
0	55	1.6012	1
0	73	1.8014	1
0	86	2.2018	1
0	87	2.402	1
0	91	2.6022	1
0	112	3.2028	1
0	113	3.403	1
0	114	3.6032	1
0	115	3.8034	1
0	119	4.0036	1
0	176	5.2048	1
0	186	5.405	1
0	204	5.8054	1
0	237	6.406	1
0	240	6.6062	1
0	241	6.8064	1
0	242	7.0066	1
0	243	7.2068	1
0	244	7.407	1
0	249	7.6072	1
0	258	7.8074	1
0	269	8.2078	1
0	280	8.408	1
0	297	8.8084	1
0	311	9.2088	1
0	327	9.6092	1
0	331	9.8094	1
0	371	10.6102	1
0	387	11.0106	1
0	388	11.2108	1
0	394	11.411	1
0	449	12.412	1
0	452	12.6122	1
0	461	12.8124	1
0	491	13.413	1
0	529	14.2138	1
0	542	14.6142	1
0	630	16.2158	1
0	638	16.416	1
0	655	17.0166	1
0	659	17.2168	1
0	678	17.8174	1
0	679	18.0176	1
0	684	18.2178	1
0	688	18.418	1
0	698	18.8184	1
0	699	19.0186	1
0	700	19.2188	1
0	701	19.419	1
0	712	19.6192	1
0	723	19.8194	1
0	739	20.2198	1
0	740	20.42	1
0	741	20.6202	1
0	742	20.8204	1
0	748	21.0206	1
0	771	21.6212	1
0	772	21.8214	1
0	773	22.0216	1
0	774	22.2218	1
0	775	22.422	1
0	776	22.6222	1
0	781	22.8224	1
0	787	23.0226	1
0	801	23.2228	1
0	819	23.6232	1
0	826	23.8234	1
0	847	24.2238	1
0	870	24.8244	1
0	886	25.2248	1
0	893	25.425	1
0	963	26.8264	1
0	991	27.6272	1
0	998	27.8274	1
0	1017	28.428	1
0	1018	28.6282	1
0	1019	28.8284	1
0	1030	29.0286	1
0	1037	29.429	1
0	1038	29.6292	1
0	1039	29.8294	1
0	1040	30.0296	1
0	1041	30.2298	1
0	1051	30.43	1
0	1065	30.6302	1
0	1068	30.8304	1
0	1072	31.0306	1
0	1086	31.431	1
0	1093	31.6312	1
0	1114	32.0316	1
0	1126	32.432	1
0	1132	32.6322	1
0	1148	33.0326	1
0	1149	33.2328	1
0	1150	33.433	1
0	1154	33.6332	1
0	1230	35.2348	1
0	1231	35.435	1
0	1232	35.6352	1
0	1233	35.8354	1
0	1234	36.0356	1
0	1238	36.2358	1
0	1282	37.0366	1
0	1294	37.2368	1
0	1316	37.6372	1
0	1337	38.2378	1
0	1343	38.438	1
0	1379	39.2388	1
0	1380	39.439	1
0	1381	39.6392	1
0	1392	39.8394	1
0	1448	40.8404	1
0	1451	41.0406	1
0	1454	41.2408	1
0	1460	41.441	1
0	1493	42.0416	1
0	1505	42.442	1
0	1518	42.6422	1
0	1525	43.0426	1
0	1526	43.2428	1
0	1527	43.443	1
0	1534	43.6432	1
0	1567	44.444	1
0	1596	45.0446	1
0	1606	45.2448	1
0	1622	45.6452	1
0	1625	45.8454	1
0	1626	46.0456	1
0	1632	46.2458	1
0	1649	46.8464	1
0	1650	47.0466	1
0	1661	47.2468	1
0	1669	47.447	1
0	1678	47.6472	1
0	1689	48.0476	1
0	1693	48.2478	1
0	1703	48.6482	1
0	1704	48.8484	1
0	1705	49.0486	1
0	1714	49.2488	1
0	1726	49.449	1
0	1735	49.6492	1
0	1746	49.8494	1
0	1757	50.0496	1
0	1834	51.2508	1
0	1856	51.8514	1
0	1876	52.452	1
0	1885	52.6522	1
0	1902	53.0526	1
0	1942	53.8534	1
0	1991	54.8544	1
0	1994	55.0546	1
0	1995	55.2548	1
0	1996	55.455	1
0	2003	55.6552	1
0	2042	56.6562	1
0	2047	56.8564	1
0	2054	57.0566	1
0	2061	57.457	1
0	2062	57.6572	1
0	2063	57.8574	1
0	2070	58.0576	1
0	2081	58.458	1
0	2082	58.6582	1
0	2083	58.8584	1
0	2090	59.0586	1
0	2101	59.459	1
0	2102	59.6592	1
0	2103	59.8594	1
0	2114	60.0596	1
0	2129	60.46	1
0	2138	60.6602	1
0	2149	61.0606	1
0	2155	61.2608	1
0	2169	61.6612	1
0	2170	61.8614	1
0	2171	62.0616	1
0	2172	62.2618	1
0	2173	62.462	1
0	2174	62.6622	1
0	2179	62.8624	1
0	2183	63.0626	1
0	2217	63.6632	1
0	2243	64.2638	1
0	2288	65.2648	1
0	2291	65.465	1
0	2292	65.6652	1
0	2298	65.8654	1
0	2332	66.466	1
0	2335	66.6662	1
0	2339	66.8664	1
0	2404	68.0676	1
0	2407	68.2678	1
0	2413	68.468	1
0	2437	69.0686	1
0	2480	70.0696	1
0	2481	70.2698	1
0	2486	70.47	1
0	2487	70.6702	1
0	2491	70.8704	1
0	2501	71.2708	1
0	2505	71.471	1
0	2588	73.0726	1
0	2591	73.2728	1
0	2592	73.473	1
0	2593	73.6732	1
0	2594	73.8734	1
0	2601	74.0736	1
0	2615	74.474	1
0	2625	74.8744	1
0	2629	75.0746	1
0	2651	75.475	1
0	2665	75.8754	1
0	2683	76.2758	1
0	2684	76.476	1
0	2685	76.6762	1
0	2686	76.8764	1
0	2687	77.0766	1
0	2688	77.2768	1
0	2693	77.477	1
0	2700	77.6772	1
0	2715	77.8774	1
0	2721	78.0776	1
0	2765	78.8784	1
0	2814	79.8794	1
0	2815	80.0796	1
0	2819	80.2798	1
0	2829	80.6802	1
0	2833	80.8804	1
0	2847	81.2808	1
0	2848	81.481	1
0	2849	81.6812	1
0	2853	81.8814	1
0	2863	82.2818	1
0	2867	82.482	1
0	2901	83.2828	1
0	2902	83.483	1
0	2909	83.6832	1
0	2920	84.0836	1
0	2924	84.2838	1
0	2970	85.0846	1
0	2989	85.6852	1
0	2990	85.8854	1
0	2991	86.0856	1
0	2998	86.2858	1
0	3011	86.6862	1
0	3025	87.0866	1
0	3035	87.487	1
0	3036	87.6872	1
0	3045	87.8874	1
0	3060	88.2878	1
0	3063	88.488	1
0	3064	88.6882	1
0	3065	88.8884	1
0	3071	89.0886	1
0	3098	89.6892	1
0	3117	90.2898	1
0	3124	90.49	1
0	3131	90.8904	1
0	3132	91.0906	1
0	3133	91.2908	1
0	3138	91.491	1
0	3139	91.6912	1
0	3143	91.8914	1
0	3156	92.2918	1
0	3170	92.6922	1
0	3171	92.8924	1
0	3175	93.0926	1
0	3185	93.493	1
0	3195	93.6932	1
0	3206	94.0936	1
0	3213	94.2938	1
0	3239	94.8944	1
0	3242	95.0946	1
0	3243	95.2948	1
0	3244	95.495	1
0	3245	95.6952	1
0	3255	95.8954	1
0	3275	96.0956	1
0	3351	97.497	1
0	3360	97.6972	1
0	3386	98.2978	1
0	3400	98.6982	1
0	3456	99.8994	1
0	3462	100.0996	1
0	3475	100.5	1
0	3525	101.3008	1
0	3542	101.7012	1
0	3570	102.3018	1
0	3616	103.1026	1
0	3622	103.3028	1
0	3633	103.7032	1
0	3637	103.9034	1
0	3647	104.3038	1
0	3648	104.504	1
0	3653	104.7042	1
0	3660	104.9044	1
0	3670	105.3048	1
0	3680	105.7052	1
0	3687	105.9054	1
0	3700	106.3058	1
0	3711	106.7062	1
0	3715	106.9064	1
0	3725	107.3068	1
0	3726	107.507	1
0	3727	107.7072	1
0	3734	107.9074	1
0	3746	108.1076	1
0	3749	108.3078	1
0	3760	108.508	1
0	3768	108.7082	1
0	3771	108.9084	1
0	3772	109.1086	1
0	3773	109.3088	1
0	3774	109.509	1
0	3778	109.7092	1
1	1	0	2
1	21	0.388056992192	2
1	55	1.6012	1
1	61	1.646907198619	1
1	77	1.886209576054	2
1	102	2.864189467379	3
1	144	4.458399226058	5
1	208	5.816322168926	7
1	244	7.407	3
1	282	8.465597494041	3
1	318	9.331342660967	5
1	378	10.797725377366	8
1	461	12.8124	4
1	505	13.773210127838	4
1	565	14.899840041377	6
1	620	15.910972984947	9
1	679	18.0176	4
1	701	19.419	1
1	714	19.709034266599	1
1	730	19.997442697141	2
1	761	21.226038695362	3
1	776	22.6222	1
1	792	23.163869197701	1
1	810	23.399611369809	2
1	833	23.983930526241	4
1	877	24.954004493207	6
1	950	26.578664915345	9
1	1019	28.8284	4
1	1041	30.2298	1
1	1059	30.588382891915	1
1	1077	31.141594323519	2
1	1100	31.809294650058	3
1	1139	32.809601624767	5
1	1197	34.50196628656	7
1	1238	36.2358	3
1	1269	36.624645262667	3
1	1302	37.427370755811	5
1	1369	38.856527682267	8
1	1440	40.567183428161	12
1	1505	42.442	6
1	1567	44.444	2
1	1586	44.721273685165	2
1	1614	45.431890327682	3
1	1650	47.0466	1
1	1663	47.275550190629	1
1	1680	47.742099739976	2
1	1714	49.2488	1
1	1720	49.269265397697	1
1	1740	49.707356779867	1
1	1759	50.057332774623	2
1	1784	50.462419201928	4
1	1816	51.023791685691	6
1	1890	52.716753944024	9
1	1983	54.6512895663	13
1	2042	56.6562	6
1	2070	58.0576	2
1	2092	59.078763866715	2
1	2121	60.184742398286	3
1	2160	61.390409687543	5
1	2174	62.6622	2
1	2204	63.355755460363	2
1	2230	63.876814794099	3
1	2262	64.620412142576	5
1	2324	66.169989368397	8
1	2394	67.730669831271	12
1	2481	70.2698	6
1	2554	72.387130861826	6
1	2601	74.0736	3
1	2634	75.223285838082	3
1	2674	76.07077923735	4
1	2688	77.2768	2
1	2710	77.783987018373	2
1	2734	78.306777985295	3
1	2775	79.019949829671	5
1	2838	80.984109504347	8
1	2867	82.482	4
1	2911	83.760414915202	4
1	2954	84.776484229242	6
1	3011	86.6862	3
1	3049	87.971809007724	3
1	3082	89.294689238629	4
1	3133	91.2908	2
1	3161	92.450105279959	2
1	3197	93.695248515223	3
1	3231	94.629327757756	5
1	3255	95.8954	2
1	3270	96.053715624745	2
1	3297	96.423890924435	3
1	3329	96.91663811258	5
1	3388	98.301617983961	8
1	3483	100.600649194207	13
1	3608	102.900482428136	19
1	3648	104.504	10
1	3700	106.3058	3
1	3734	107.9074	1
1	3740	107.913337139962	1
1	3762	108.587136992381	1
1	3778	109.7092	0
2	2	0	1
2	22	0.388056992192	1
2	56	1.6012	1
2	63	1.646907198619	1
2	79	1.886209576054	1
2	103	2.864189467379	1
2	145	4.458399226058	1
2	210	5.816322168926	1
2	245	7.407	1
2	284	8.465597494041	1
2	320	9.331342660967	1
2	380	10.797725377366	1
2	462	12.8124	1
2	507	13.773210127838	1
2	566	14.899840041377	1
2	621	15.910972984947	1
2	680	18.0176	1
2	702	19.419	1
2	716	19.709034266599	1
2	732	19.997442697141	1
2	762	21.226038695362	1
2	777	22.6222	1
2	794	23.163869197701	1
2	812	23.399611369809	1
2	834	23.983930526241	1
2	879	24.954004493207	1
2	951	26.578664915345	1
2	1020	28.8284	1
2	1042	30.2298	1
2	1061	30.588382891915	1
2	1079	31.141594323519	1
2	1101	31.809294650058	1
2	1141	32.809601624767	1
2	1198	34.50196628656	1
2	1239	36.2358	1
2	1270	36.624645262667	1
2	1303	37.427370755811	1
2	1370	38.856527682267	1
2	1441	40.567183428161	1
2	1506	42.442	1
2	1568	44.444	1
2	1587	44.721273685165	1
2	1615	45.431890327682	1
2	1651	47.0466	1
2	1665	47.275550190629	1
2	1682	47.742099739976	1
2	1715	49.2488	1
2	1722	49.269265397697	1
2	1742	49.707356779867	1
2	1761	50.057332774623	1
2	1785	50.462419201928	1
2	1817	51.023791685691	1
2	1892	52.716753944024	1
2	1984	54.6512895663	1
2	2043	56.6562	1
2	2071	58.0576	1
2	2094	59.078763866715	1
2	2122	60.184742398286	1
2	2162	61.390409687543	1
2	2175	62.6622	1
2	2205	63.355755460363	1
2	2231	63.876814794099	1
2	2263	64.620412142576	1
2	2325	66.169989368397	1
2	2395	67.730669831271	1
2	2482	70.2698	1
2	2555	72.387130861826	1
2	2602	74.0736	1
2	2636	75.223285838082	1
2	2676	76.07077923735	1
2	2689	77.2768	1
2	2711	77.783987018373	1
2	2735	78.306777985295	1
2	2776	79.019949829671	1
2	2840	80.984109504347	1
2	2868	82.482	1
2	2913	83.760414915202	1
2	2955	84.776484229242	1
2	3012	86.6862	1
2	3051	87.971809007724	1
2	3083	89.294689238629	1
2	3134	91.2908	1
2	3163	92.450105279959	1
2	3199	93.695248515223	1
2	3232	94.629327757756	1
2	3256	95.8954	1
2	3271	96.053715624745	1
2	3298	96.423890924435	1
2	3330	96.91663811258	1
2	3390	98.301617983961	1
2	3485	100.600649194207	1
2	3609	102.900482428136	1
2	3649	104.504	1
2	3701	106.3058	1
2	3735	107.9074	1
2	3742	107.913337139962	1
2	3764	108.587136992381	1
2	3779	109.7092	1
3	6	0.087856992192	1
3	9	0.107723332959	1
3	33	0.823777783242	1
3	47	1.446707198619	1
3	50	1.527759485918	1
3	67	1.686009576054	1
3	88	2.563989467379	1
3	116	3.92361729734	1
3	126	4.158199226058	1
3	129	4.191139137606	1
3	149	4.522270639911	1
3	158	4.699161120275	1
3	177	5.207375288622	1
3	183	5.360384608913	1
3	198	5.616122168926	1
3	214	5.849493078192	1
3	220	5.97273320139	1
3	250	7.614523570689	1
3	253	7.687292658748	1
3	272	8.265397494041	1
3	275	8.294863175281	1
3	289	8.661760216099	1
3	308	9.131142660967	1
3	328	9.730298490325	1
3	338	9.934054186594	1
3	342	10.031278966658	1
3	347	10.091599136589	1
3	368	10.597525377366	1
3	389	11.339434011982	1
3	392	11.380575261141	1
3	398	11.492688790369	1
3	405	11.572611472865	1
3	418	11.759804295575	1
3	421	11.804186360201	1
3	429	11.927068024952	1
3	453	12.663097046349	1
3	470	13.009940641585	1
3	483	13.269520062536	1
3	495	13.573010127838	1
3	511	13.810149679565	1
3	524	14.130789489591	1
3	539	14.591490093033	1
3	546	14.699640041377	1
3	549	14.704780874439	1
3	558	14.822042602668	1
3	561	14.856347211501	1
3	570	14.958714448991	1
3	599	15.571876096645	1
3	608	15.710772984947	1
3	631	16.338223723274	1
3	636	16.392710622383	1
3	656	17.173013588239	1
3	660	17.23638381183	1
3	685	18.346026306061	1
3	706	19.508834266599	1
3	720	19.797242697141	1
3	743	20.925838695362	1
3	746	20.95905853321	1
3	752	21.03212653551	1
3	782	22.963669197701	1
3	785	22.972281591855	1
3	798	23.199411369809	1
3	802	23.279510360296	1
3	820	23.683730526241	1
3	841	24.104938602396	1
3	867	24.753804493207	1
3	887	25.282977795382	1
3	897	25.61808104735	1
3	901	25.626201098165	1
3	914	25.916089035664	1
3	927	26.217772018513	1
3	936	26.378464915345	1
3	939	26.379040147334	1
3	958	26.790007123509	1
3	973	27.043610581857	1
3	992	27.636416519095	1
3	1002	27.993795371567	1
3	1024	28.903404773762	1
3	1046	30.388182891915	1
3	1049	30.390195941243	1
3	1055	30.495156170243	1
3	1069	30.941394323519	1
3	1087	31.509094650058	1
3	1106	31.894021281637	1
3	1129	32.609401624767	1
3	1133	32.687399247017	1
3	1151	33.583645408897	1
3	1168	34.0011664475	1
3	1171	34.00194228208	1
3	1187	34.30176628656	1
3	1202	34.523635978323	1
3	1215	34.827029086004	1
3	1235	36.222932756393	1
3	1243	36.24627128352	1
3	1253	36.424445262667	1
3	1257	36.49272962711	1
3	1283	37.080929595643	1
3	1291	37.227170755811	1
3	1310	37.503903185776	1
3	1322	37.832303759415	1
3	1338	38.347992472222	1
3	1341	38.424118586097	1
3	1355	38.656327682267	1
3	1358	38.701685773111	1
3	1360	38.7120260708	1
3	1382	39.666983428161	1
3	1385	39.698658435819	1
3	1390	39.82902813869	1
3	1398	39.870387165521	1
3	1411	40.095456796456	1
3	1417	40.196727058094	1
3	1419	40.219207870647	1
3	1457	41.391704394648	1
3	1466	41.504424816321	1
3	1483	41.854087700512	1
3	1486	41.94374663893	1
3	1510	42.537491539682	1
3	1528	43.540466814291	1
3	1538	43.832681709932	1
3	1547	43.998459100006	1
3	1562	44.351551104924	1
3	1575	44.521073685165	1
3	1597	45.105851681506	1
3	1603	45.231690327682	1
3	1627	46.146225488028	1
3	1630	46.222201992195	1
3	1655	47.075350190629	1
3	1672	47.541899739976	1
3	1690	48.151560630723	1
3	1706	49.069065397697	1
3	1709	49.103694315169	1
3	1729	49.507156779867	1
3	1736	49.663931088675	1
3	1747	49.857132774623	1
3	1750	49.869786959262	1
3	1765	50.162219201928	1
3	1779	50.438875903205	1
3	1789	50.523591685691	1
3	1822	51.080208992983	1
3	1825	51.13999782262	1
3	1827	51.158371761929	1
3	1853	51.790736488651	1
3	1857	51.863913650683	1
3	1877	52.516553944024	1
3	1886	52.675762977097	1
3	1899	53.036939134134	1
3	1903	53.134973688025	1
3	1908	53.185425630498	1
3	1932	53.740235862259	1
3	1935	53.808297522637	1
3	1947	53.960201408329	1
3	1958	54.094601075372	1
3	1973	54.4510895663	1
3	1997	55.544724399695	1
3	2007	55.782746539651	1
3	2011	55.8726754496	1
3	2026	56.179229318657	1
3	2048	56.953972334266	1
3	2064	57.934602640466	1
3	2084	58.878563866715	1
3	2104	59.884542398286	1
3	2107	59.915673500392	1
3	2109	59.957126529581	1
3	2132	60.540942001076	1
3	2152	61.190209687543	1
3	2180	63.006913620389	1
3	2187	63.155555460363	1
3	2197	63.307798867658	1
3	2200	63.344996913631	1
3	2212	63.576614794099	1
3	2221	63.745857105585	1
3	2240	64.220212142576	1
3	2253	64.470138119813	1
3	2267	64.633395215021	1
3	2293	65.769789368397	1
3	2296	65.782316011469	1
3	2302	65.944869777612	1
3	2309	66.002849701874	1
3	2311	66.007205993856	1
3	2318	66.143062332216	1
3	2336	66.830469831271	1
3	2340	66.874221711103	1
3	2342	66.915445631443	1
3	2353	67.07147382312	1
3	2366	67.299231917781	1
3	2390	67.717831631819	1
3	2408	68.381777035081	1
3	2429	68.931759357901	1
3	2441	69.184832547747	1
3	2453	69.39164675015	1
3	2465	69.598737674457	1
3	2488	70.834868525403	1
3	2502	71.399006521856	1
3	2512	71.649189011518	1
3	2515	71.656399765385	1
3	2529	71.889403361057	1
3	2542	72.186930861826	1
3	2545	72.206143097603	1
3	2559	72.391636312236	1
3	2565	72.490617886438	1
3	2595	73.963721165301	1
3	2612	74.457321258477	1
3	2626	75.023085838082	1
3	2641	75.368714164086	1
3	2644	75.388129589806	1
3	2662	75.87057923735	1
3	2666	75.944538104378	1
3	2694	77.483787018373	1
3	2706	77.694572627711	1
3	2718	78.006577985295	1
3	2741	78.431417827279	1
3	2754	78.67851111441	1
3	2760	78.819749829671	1
3	2769	78.905494207043	1
3	2780	79.061685504042	1
3	2796	79.360406455615	1
3	2816	80.250905062129	1
3	2830	80.783909504347	1
3	2850	81.858799232583	1
3	2864	82.479428113915	1
3	2875	82.66272938845	1
3	2882	82.759275703617	1
3	2903	83.560214915202	1
3	2921	84.235984758002	1
3	2928	84.376284229242	1
3	2931	84.43013871283	1
3	2936	84.460365674451	1
3	2962	84.959691643103	1
3	2973	85.221513673933	1
3	2992	86.170435909831	1
3	3003	86.548889595108	1
3	3022	86.989436119005	1
3	3037	87.771609007724	1
3	3040	87.819567678603	1
3	3066	88.994489238629	1
3	3069	89.040154066029	1
3	3090	89.554438216888	1
3	3102	89.879817672075	1
3	3118	90.377997065433	1
3	3140	91.816590062279	1
3	3153	92.249905279959	1
3	3172	93.071841692845	1
3	3186	93.495048515223	1
3	3192	93.600925725261	1
3	3207	94.111274746333	1
3	3221	94.429127757756	1
3	3246	95.711244723435	1
3	3252	95.853515624745	1
3	3266	96.017297762419	1
3	3283	96.223690924435	1
3	3286	96.254038436513	1
3	3307	96.61643811258	1
3	3313	96.71232546147	1
3	3322	96.858644742026	1
3	3334	96.946272192234	1
3	3354	97.596851166164	1
3	3363	97.755025848024	1
3	3378	98.101417983961	1
3	3397	98.683253235285	1
3	3401	98.761434203791	1
3	3403	98.78312640527	1
3	3414	98.950983293722	1
3	3427	99.160063091182	1
3	3440	99.419522716349	1
3	3457	100.006668366454	1
3	3470	100.400449194207	1
3	3479	100.507846376226	1
3	3489	100.623435313699	1
3	3492	100.646360324601	1
3	3515	101.136404981488	1
3	3520	101.233429864273	1
3	3537	101.656645359616	1
3	3540	101.687763239452	1
3	3543	101.723096932908	1
3	3567	102.300282428136	1
3	3571	102.337932766901	1
3	3576	102.403253589721	1
3	3586	102.550796477851	1
3	3592	102.626865897252	1
3	3617	103.227047792847	1
3	3634	103.816960969917	1
3	3654	104.721905229483	1
3	3667	105.303687524756	1
3	3681	105.800493966796	1
3	3692	106.112019216477	1
3	3712	106.851442938321	1
3	3728	107.713137139962	1
3	3750	108.386936992381	1
3	3753	108.408526978876	1
3	3755	108.473931444704	1
3	3775	109.647240403752	1
3	3790	109.954818940591	1
3	3796	110.251003146664	1
3	3800	110.402150821924	1
3	3804	110.528248376892	1
3	3809	110.997913321856	1
3	3815	111.609367098765	1
3	3818	111.619656666536	1
3	3823	111.996640702406	1
3	3826	112.063107251878	1
3	3837	113.569917670167	1
3	3840	113.620227418178	1
3	3843	113.660028378997	1
3	3853	115.033275942855	1
3	3858	115.337667414249	1
3	3865	116.278860699316	1
3	3869	116.50294074187	1
3	3875	116.931665077536	1
3	3879	117.301381005277	1
3	3887	118.26372380932	1
3	3891	118.360633896876	1
3	3896	118.828342003276	1
3	3899	118.839410717996	1
3	3903	119.00928100988	1
3	3907	119.284301256015	1
3	3914	120.055854968913	1
3	3918	120.214640860001	1
3	3922	120.514938349503	1
3	3929	121.294988477064	1
3	3935	121.913867704884	1
3	3940	122.129108962546	1
3	3943	122.164167515646	1
3	3947	122.354010790428	1
3	3950	122.400681731941	1
3	3955	122.751429361496	1
3	3960	123.201464792912	1
3	3964	123.463628107795	1
3	3968	123.545148374176	1
3	3976	124.682516177748	1
3	3980	124.840064169905	1
3	3986	125.384644939961	1
3	3994	126.398260889962	1
3	3998	126.638556870158	1
3	4003	127.113058271285	1
3	4007	127.196066961006	1
3	4011	127.39138114872	1
3	4015	127.715586506139	1
3	4019	127.779108512151	1
3	4024	128.262323326942	1
3	4028	128.525411118372	1
3	4034	129.018921323477	1
3	4037	129.059383876682	1
3	4049	130.822183108456	1
3	4054	131.247818574415	1
3	4058	131.334106625018	1
3	4063	131.871299065539	1
3	4067	132.065372056286	1
3	4074	132.751129997851	1
3	4078	132.944115286242	1
3	4083	133.368104710971	1
3	4086	133.502390583823	1
3	4093	134.311869931064	1
3	4097	134.470999129899	1
3	4103	134.977496169341	1
3	4107	135.204987512864	1
3	4112	135.703861923016	1
3	4117	135.977241156957	1
3	4120	136.00524987734	1
3	4123	136.113119210442	1
3	4127	136.149656637826	1
3	4130	136.200158302572	1
3	4133	136.314141507121	1
3	4137	136.439922059738	1
3	4140	136.497823451982	1
3	4144	136.549181869076	1
3	4147	136.589936611567	1
3	4150	136.723736758028	1
3	4155	136.952020945985	1
3	4160	137.349930147228	1
3	4163	137.486701016871	1
3	4168	137.808578253451	1
3	4173	138.226685819714	1
3	4186	140.28723150251	1
3	4190	140.481412995694	1
3	4195	140.769484460499	1
3	4201	141.425108590011	1
3	4205	141.703596950029	1
3	4209	141.924438022304	1
3	4214	142.284307716159	1
3	4221	142.976163601548	1
3	4226	143.43029289601	1
3	4229	143.452317540877	1
3	4234	143.78713708802	1
3	4237	143.842297926827	1
3	4242	144.153079173533	1
3	4246	144.519057966246	1
3	4251	144.844166119641	1
3	4255	145.015369799348	1
3	4259	145.168730140463	1
3	4263	145.385898112856	1
3	4268	145.911702403418	1
3	4272	145.951369218435	1
3	4276	146.276122233357	1
3	4279	146.344583283935	1
3	4283	146.474065599203	1
3	4288	146.77343126484	1
3	4291	146.872087039769	1
3	4296	147.152318873337	1
3	4299	147.178195387265	1
3	4303	147.399684185401	1
3	4307	147.549237579479	1
3	4313	148.198636468981	1
3	4316	148.20316243187	1
3	4319	148.327411995742	1
3	4323	148.390794372729	1
3	4327	148.741786642213	1
3	4331	148.763579497282	1
3	4334	148.946227816356	1
3	4338	149.060308965986	1
3	4342	149.286532606468	1
3	4346	149.436409617916	1
3	4353	150.150193412687	1
3	4357	150.463297751634	1
3	4361	150.629273930715	1
3	4367	151.151373565047	1
3	4371	151.382689541052	1
3	4375	151.725750689856	1
3	4379	151.778695874409	1
3	4382	151.839586642215	1
3	4385	151.867040899232	1
3	4392	152.651768746313	1
3	4397	153.059532293669	1
3	4402	153.518566252578	1
3	4408	154.118868602166	1
3	4413	154.35991120333	1
3	4417	154.695540468344	1
3	4422	155.056675521075	1
3	4429	155.849125043908	1
3	4433	156.098422771513	1
3	4438	156.446910875366	1
3	4441	156.511371445995	1
3	4447	157.07524087233	1
3	4452	157.434245798521	1
3	4456	157.591577171432	1
3	4466	159.144501831833	1
3	4469	159.154338385621	1
3	4475	159.669226532446	1
3	4483	160.596634124928	1
3	4486	160.66672474918	1
3	4490	160.956227318515	1
3	4494	161.000877143555	1
3	4500	161.667183124206	1
3	4508	162.599637553511	1
3	4512	162.795856142888	1
3	4519	163.639016205574	1
3	4524	164.073276744928	1
3	4529	164.557340150597	1
3	4536	165.259157401029	1
3	4541	165.75942414737	1
3	4545	165.954374436417	1
3	4549	166.008334789883	1
3	4558	167.337112896323	1
3	4564	167.921968665935	1
3	4569	168.293059700028	1
3	4572	168.367798329877	1
3	4576	168.454950229044	1
3	4579	168.513791199253	1
3	4582	168.521487522525	1
3	4586	168.704430436633	1
3	4591	169.082964683244	1
3	4594	169.083098723747	1
3	4597	169.166518037005	1
3	4604	169.820204815816	1
3	4607	169.929887971281	1
3	4611	169.991383829488	1
3	4616	170.545856470675	1
3	4622	171.016325077237	1
3	4625	171.03784120397	1
3	4629	171.343900525318	1
3	4633	171.489260307147	1
3	4639	172.004042771073	1
3	4643	172.297891429069	1
3	4648	172.618587205772	1
3	4653	172.991119239931	1
3	4661	174.130807719531	1
3	4665	174.370721347353	1
3	4669	174.537908794886	1
3	4674	174.83428652448	1
3	4678	175.074801512504	1
3	4688	176.436367924304	1
3	4692	176.580918417408	1
3	4697	177.080011593872	1
3	4702	177.555210018317	1
3	4715	179.565638030719	1
3	4719	179.690722282531	1
3	4726	180.550944170673	1
3	4732	181.11212983231	1
3	4740	182.042483047561	1
3	4743	182.073937464853	1
3	4746	182.112274339036	1
3	4750	182.206335903862	1
3	4753	182.213276413079	1
3	4757	182.415070313926	1
3	4760	182.513839237856	1
3	4763	182.560993816834	1
3	4766	182.571929033487	1
3	4770	182.651358290497	1
3	4773	182.717705773677	1
3	4779	183.3625004016	1
3	4785	183.97810466792	1
3	4789	184.141171055096	1
3	4797	185.083879739944	1
3	4800	185.170250180928	1
3	4807	185.920956423873	1
3	4813	186.576039373638	1
3	4816	186.581531429353	1
3	4821	186.881323252731	1
3	4825	187.002677060523	1
3	4829	187.354198716183	1
3	4835	187.881161107669	1
3	4842	188.650314652998	1
3	4846	188.883630407402	1
3	4851	189.321697523906	1
3	4857	189.851216572849	1
3	4860	189.959029898447	1
3	4873	191.957436265914	1
3	4876	191.960850776258	1
3	4880	191.992783737842	1
3	4884	192.271844370662	1
3	4887	192.331620721734	1
3	4892	192.761903814883	1
3	4896	192.97699121352	1
3	4902	193.55040467462	1
3	4911	194.752179411352	1
3	4915	194.826215488455	1
3	4918	194.827935928781	1
3	4922	195.179933579357	1
3	4926	195.255067702095	1
3	4934	196.231420401314	1
3	4938	196.424433909541	1
3	4941	196.52896395015	1
3	4948	197.314278951418	1
3	4952	197.435375461003	1
3	4957	197.959071987161	1
3	4961	198.153149048334	1
3	4965	198.245860476015	1
3	4969	198.542210645196	1
3	4973	198.615270682819	1
4	7	0.087856992192	1
4	10	0.107723332959	1
4	34	0.823777783242	1
4	48	1.446707198619	1
4	51	1.527759485918	1
4	68	1.686009576054	2
4	89	2.563989467379	2
4	117	3.92361729734	1
4	127	4.158199226058	1
4	130	4.191139137606	1
4	150	4.522270639911	1
4	159	4.699161120275	1
4	178	5.207375288622	1
4	184	5.360384608913	1
4	199	5.616122168926	1
4	215	5.849493078192	1
4	221	5.97273320139	1
4	251	7.614523570689	1
4	254	7.687292658748	1
4	273	8.265397494041	1
4	276	8.294863175281	1
4	290	8.661760216099	2
4	309	9.131142660967	1
4	329	9.730298490325	1
4	339	9.934054186594	1
4	343	10.031278966658	1
4	348	10.091599136589	1
4	369	10.597525377366	1
4	390	11.339434011982	1
4	393	11.380575261141	1
4	399	11.492688790369	1
4	406	11.572611472865	1
4	419	11.759804295575	1
4	422	11.804186360201	1
4	430	11.927068024952	1
4	454	12.663097046349	1
4	471	13.009940641585	1
4	484	13.269520062536	1
4	496	13.573010127838	1
4	512	13.810149679565	1
4	525	14.130789489591	1
4	540	14.591490093033	1
4	547	14.699640041377	1
4	550	14.704780874439	1
4	559	14.822042602668	2
4	562	14.856347211501	3
4	571	14.958714448991	4
4	600	15.571876096645	1
4	609	15.710772984947	1
4	632	16.338223723274	1
4	637	16.392710622383	1
4	657	17.173013588239	1
4	661	17.23638381183	1
4	686	18.346026306061	1
4	707	19.508834266599	1
4	721	19.797242697141	1
4	744	20.925838695362	1
4	747	20.95905853321	1
4	753	21.03212653551	1
4	783	22.963669197701	2
4	786	22.972281591855	2
4	799	23.199411369809	3
4	803	23.279510360296	3
4	821	23.683730526241	4
4	842	24.104938602396	3
4	868	24.753804493207	1
4	888	25.282977795382	1
4	898	25.61808104735	1
4	902	25.626201098165	1
4	915	25.916089035664	1
4	928	26.217772018513	1
4	937	26.378464915345	1
4	940	26.379040147334	1
4	959	26.790007123509	2
4	974	27.043610581857	1
4	993	27.636416519095	1
4	1003	27.993795371567	1
4	1025	28.903404773762	1
4	1047	30.388182891915	1
4	1050	30.390195941243	1
4	1056	30.495156170243	2
4	1070	30.941394323519	3
4	1088	31.509094650058	3
4	1107	31.894021281637	2
4	1130	32.609401624767	1
4	1134	32.687399247017	1
4	1152	33.583645408897	2
4	1169	34.0011664475	1
4	1172	34.00194228208	1
4	1188	34.30176628656	1
4	1203	34.523635978323	1
4	1216	34.827029086004	1
4	1236	36.222932756393	1
4	1244	36.24627128352	1
4	1254	36.424445262667	1
4	1258	36.49272962711	1
4	1284	37.080929595643	1
4	1292	37.227170755811	1
4	1311	37.503903185776	1
4	1323	37.832303759415	1
4	1339	38.347992472222	1
4	1342	38.424118586097	1
4	1356	38.656327682267	1
4	1359	38.701685773111	1
4	1361	38.7120260708	2
4	1383	39.666983428161	3
4	1386	39.698658435819	3
4	1391	39.82902813869	3
4	1399	39.870387165521	3
4	1412	40.095456796456	2
4	1418	40.196727058094	2
4	1420	40.219207870647	3
4	1458	41.391704394648	2
4	1467	41.504424816321	1
4	1484	41.854087700512	1
4	1487	41.94374663893	1
4	1511	42.537491539682	1
4	1529	43.540466814291	1
4	1539	43.832681709932	1
4	1548	43.998459100006	1
4	1563	44.351551104924	1
4	1576	44.521073685165	1
4	1598	45.105851681506	1
4	1604	45.231690327682	1
4	1628	46.146225488028	1
4	1631	46.222201992195	1
4	1656	47.075350190629	1
4	1673	47.541899739976	1
4	1691	48.151560630723	1
4	1707	49.069065397697	1
4	1710	49.103694315169	1
4	1730	49.507156779867	2
4	1737	49.663931088675	2
4	1748	49.857132774623	3
4	1751	49.869786959262	3
4	1766	50.162219201928	4
4	1780	50.438875903205	3
4	1790	50.523591685691	4
4	1823	51.080208992983	1
4	1826	51.13999782262	1
4	1828	51.158371761929	2
4	1854	51.790736488651	1
4	1858	51.863913650683	1
4	1878	52.516553944024	1
4	1887	52.675762977097	1
4	1900	53.036939134134	2
4	1904	53.134973688025	2
4	1909	53.185425630498	2
4	1933	53.740235862259	1
4	1936	53.808297522637	1
4	1948	53.960201408329	1
4	1959	54.094601075372	1
4	1974	54.4510895663	1
4	1998	55.544724399695	1
4	2008	55.782746539651	1
4	2012	55.8726754496	1
4	2027	56.179229318657	1
4	2049	56.953972334266	1
4	2065	57.934602640466	1
4	2085	58.878563866715	1
4	2105	59.884542398286	1
4	2108	59.915673500392	1
4	2110	59.957126529581	2
4	2133	60.540942001076	2
4	2153	61.190209687543	1
4	2181	63.006913620389	1
4	2188	63.155555460363	1
4	2198	63.307798867658	1
4	2201	63.344996913631	2
4	2213	63.576614794099	3
4	2222	63.745857105585	2
4	2241	64.220212142576	3
4	2254	64.470138119813	1
4	2268	64.633395215021	2
4	2294	65.769789368397	1
4	2297	65.782316011469	1
4	2303	65.944869777612	1
4	2310	66.002849701874	1
4	2312	66.007205993856	2
4	2319	66.143062332216	3
4	2337	66.830469831271	4
4	2341	66.874221711103	4
4	2343	66.915445631443	5
4	2354	67.07147382312	4
4	2367	67.299231917781	3
4	2391	67.717831631819	1
4	2409	68.381777035081	2
4	2430	68.931759357901	1
4	2442	69.184832547747	1
4	2454	69.39164675015	1
4	2466	69.598737674457	1
4	2489	70.834868525403	1
4	2503	71.399006521856	1
4	2513	71.649189011518	1
4	2516	71.656399765385	1
4	2530	71.889403361057	1
4	2543	72.186930861826	1
4	2546	72.206143097603	1
4	2560	72.391636312236	2
4	2566	72.490617886438	2
4	2596	73.963721165301	1
4	2613	74.457321258477	1
4	2627	75.023085838082	1
4	2642	75.368714164086	1
4	2645	75.388129589806	1
4	2663	75.87057923735	1
4	2667	75.944538104378	1
4	2695	77.483787018373	2
4	2707	77.694572627711	1
4	2719	78.006577985295	2
4	2742	78.431417827279	1
4	2755	78.67851111441	1
4	2761	78.819749829671	1
4	2770	78.905494207043	1
4	2781	79.061685504042	2
4	2797	79.360406455615	1
4	2817	80.250905062129	1
4	2831	80.783909504347	1
4	2851	81.858799232583	1
4	2865	82.479428113915	1
4	2876	82.66272938845	1
4	2883	82.759275703617	1
4	2904	83.560214915202	1
4	2922	84.235984758002	1
4	2929	84.376284229242	1
4	2932	84.43013871283	1
4	2937	84.460365674451	2
4	2963	84.959691643103	1
4	2974	85.221513673933	1
4	2993	86.170435909831	1
4	3004	86.548889595108	1
4	3023	86.989436119005	1
4	3038	87.771609007724	1
4	3041	87.819567678603	1
4	3067	88.994489238629	1
4	3070	89.040154066029	1
4	3091	89.554438216888	1
4	3103	89.879817672075	1
4	3119	90.377997065433	1
4	3141	91.816590062279	1
4	3154	92.249905279959	1
4	3173	93.071841692845	1
4	3187	93.495048515223	1
4	3193	93.600925725261	1
4	3208	94.111274746333	2
4	3222	94.429127757756	1
4	3247	95.711244723435	1
4	3253	95.853515624745	1
4	3267	96.017297762419	1
4	3284	96.223690924435	1
4	3287	96.254038436513	1
4	3308	96.61643811258	1
4	3314	96.71232546147	1
4	3323	96.858644742026	1
4	3335	96.946272192234	1
4	3355	97.596851166164	1
4	3364	97.755025848024	1
4	3379	98.101417983961	1
4	3398	98.683253235285	1
4	3402	98.761434203791	1
4	3404	98.78312640527	2
4	3415	98.950983293722	1
4	3428	99.160063091182	1
4	3441	99.419522716349	1
4	3458	100.006668366454	1
4	3471	100.400449194207	1
4	3480	100.507846376226	1
4	3490	100.623435313699	2
4	3493	100.646360324601	2
4	3516	101.136404981488	1
4	3521	101.233429864273	1
4	3538	101.656645359616	1
4	3541	101.687763239452	1
4	3544	101.723096932908	2
4	3568	102.300282428136	1
4	3572	102.337932766901	1
4	3577	102.403253589721	1
4	3587	102.550796477851	1
4	3593	102.626865897252	1
4	3618	103.227047792847	1
4	3635	103.816960969917	1
4	3655	104.721905229483	1
4	3668	105.303687524756	1
4	3682	105.800493966796	1
4	3693	106.112019216477	1
4	3713	106.851442938321	1
4	3729	107.713137139962	1
4	3751	108.386936992381	1
4	3754	108.408526978876	1
4	3756	108.473931444704	2
4	3776	109.647240403752	3
4	3791	109.954818940591	3
4	3797	110.251003146664	4
4	3801	110.402150821924	5
4	3805	110.528248376892	6
4	3810	110.997913321856	7
4	3816	111.609367098765	8
4	3819	111.619656666536	9
4	3824	111.996640702406	10
4	3827	112.063107251878	11
4	3838	113.569917670167	12
4	3841	113.620227418178	13
4	3844	113.660028378997	14
4	3854	115.033275942855	15
4	3859	115.337667414249	16
4	3866	116.278860699316	17
4	3870	116.50294074187	18
4	3876	116.931665077536	19
4	3880	117.301381005277	20
4	3888	118.26372380932	21
4	3892	118.360633896876	22
4	3897	118.828342003276	23
4	3900	118.839410717996	24
4	3904	119.00928100988	25
4	3908	119.284301256015	26
4	3915	120.055854968913	27
4	3919	120.214640860001	28
4	3923	120.514938349503	29
4	3930	121.294988477064	30
4	3936	121.913867704884	31
4	3941	122.129108962546	32
4	3944	122.164167515646	33
4	3948	122.354010790428	34
4	3951	122.400681731941	35
4	3956	122.751429361496	36
4	3961	123.201464792912	37
4	3965	123.463628107795	38
4	3969	123.545148374176	39
4	3977	124.682516177748	40
4	3981	124.840064169905	41
4	3987	125.384644939961	42
4	3995	126.398260889962	43
4	3999	126.638556870158	44
4	4004	127.113058271285	45
4	4008	127.196066961006	46
4	4012	127.39138114872	47
4	4016	127.715586506139	48
4	4020	127.779108512151	49
4	4025	128.262323326942	50
4	4029	128.525411118372	51
4	4035	129.018921323477	52
4	4038	129.059383876682	53
4	4050	130.822183108456	54
4	4055	131.247818574415	55
4	4059	131.334106625018	56
4	4064	131.871299065539	57
4	4068	132.065372056286	58
4	4075	132.751129997851	59
4	4079	132.944115286242	60
4	4084	133.368104710971	61
4	4087	133.502390583823	62
4	4094	134.311869931064	63
4	4098	134.470999129899	64
4	4104	134.977496169341	65
4	4108	135.204987512864	66
4	4113	135.703861923016	67
4	4118	135.977241156957	68
4	4121	136.00524987734	69
4	4124	136.113119210442	70
4	4128	136.149656637826	71
4	4131	136.200158302572	72
4	4134	136.314141507121	73
4	4138	136.439922059738	74
4	4141	136.497823451982	75
4	4145	136.549181869076	76
4	4148	136.589936611567	77
4	4151	136.723736758028	78
4	4156	136.952020945985	79
4	4161	137.349930147228	80
4	4164	137.486701016871	81
4	4169	137.808578253451	82
4	4174	138.226685819714	83
4	4187	140.28723150251	84
4	4191	140.481412995694	85
4	4196	140.769484460499	86
4	4202	141.425108590011	87
4	4206	141.703596950029	88
4	4210	141.924438022304	89
4	4215	142.284307716159	90
4	4222	142.976163601548	91
4	4227	143.43029289601	92
4	4230	143.452317540877	93
4	4235	143.78713708802	94
4	4238	143.842297926827	95
4	4243	144.153079173533	96
4	4247	144.519057966246	97
4	4252	144.844166119641	98
4	4256	145.015369799348	99
4	4260	145.168730140463	100
4	4264	145.385898112856	101
4	4269	145.911702403418	102
4	4273	145.951369218435	103
4	4277	146.276122233357	104
4	4280	146.344583283935	105
4	4284	146.474065599203	106
4	4289	146.77343126484	107
4	4292	146.872087039769	108
4	4297	147.152318873337	109
4	4300	147.178195387265	110
4	4304	147.399684185401	111
4	4308	147.549237579479	112
4	4314	148.198636468981	113
4	4317	148.20316243187	114
4	4320	148.327411995742	115
4	4324	148.390794372729	116
4	4328	148.741786642213	117
4	4332	148.763579497282	118
4	4335	148.946227816356	119
4	4339	149.060308965986	120
4	4343	149.286532606468	121
4	4347	149.436409617916	122
4	4354	150.150193412687	123
4	4358	150.463297751634	124
4	4362	150.629273930715	125
4	4368	151.151373565047	126
4	4372	151.382689541052	127
4	4376	151.725750689856	128
4	4380	151.778695874409	129
4	4383	151.839586642215	130
4	4386	151.867040899232	131
4	4393	152.651768746313	132
4	4398	153.059532293669	133
4	4403	153.518566252578	134
4	4409	154.118868602166	135
4	4414	154.35991120333	136
4	4418	154.695540468344	137
4	4423	155.056675521075	138
4	4430	155.849125043908	139
4	4434	156.098422771513	140
4	4439	156.446910875366	141
4	4442	156.511371445995	142
4	4448	157.07524087233	143
4	4453	157.434245798521	144
4	4457	157.591577171432	145
4	4467	159.144501831833	146
4	4470	159.154338385621	147
4	4476	159.669226532446	148
4	4484	160.596634124928	149
4	4487	160.66672474918	150
4	4491	160.956227318515	151
4	4495	161.000877143555	152
4	4501	161.667183124206	153
4	4509	162.599637553511	154
4	4513	162.795856142888	155
4	4520	163.639016205574	156
4	4525	164.073276744928	157
4	4530	164.557340150597	158
4	4537	165.259157401029	159
4	4542	165.75942414737	160
4	4546	165.954374436417	161
4	4550	166.008334789883	162
4	4559	167.337112896323	163
4	4565	167.921968665935	164
4	4570	168.293059700028	165
4	4573	168.367798329877	166
4	4577	168.454950229044	167
4	4580	168.513791199253	168
4	4583	168.521487522525	169
4	4587	168.704430436633	170
4	4592	169.082964683244	171
4	4595	169.083098723747	172
4	4598	169.166518037005	173
4	4605	169.820204815816	174
4	4608	169.929887971281	175
4	4612	169.991383829488	176
4	4617	170.545856470675	177
4	4623	171.016325077237	178
4	4626	171.03784120397	179
4	4630	171.343900525318	180
4	4634	171.489260307147	181
4	4640	172.004042771073	182
4	4644	172.297891429069	183
4	4649	172.618587205772	184
4	4654	172.991119239931	185
4	4662	174.130807719531	186
4	4666	174.370721347353	187
4	4670	174.537908794886	188
4	4675	174.83428652448	189
4	4679	175.074801512504	190
4	4689	176.436367924304	191
4	4693	176.580918417408	192
4	4698	177.080011593872	193
4	4703	177.555210018317	194
4	4716	179.565638030719	195
4	4720	179.690722282531	196
4	4727	180.550944170673	197
4	4733	181.11212983231	198
4	4741	182.042483047561	199
4	4744	182.073937464853	200
4	4747	182.112274339036	201
4	4751	182.206335903862	202
4	4754	182.213276413079	203
4	4758	182.415070313926	204
4	4761	182.513839237856	205
4	4764	182.560993816834	206
4	4767	182.571929033487	207
4	4771	182.651358290497	208
4	4774	182.717705773677	209
4	4780	183.3625004016	210
4	4786	183.97810466792	211
4	4790	184.141171055096	212
4	4798	185.083879739944	213
4	4801	185.170250180928	214
4	4808	185.920956423873	215
4	4814	186.576039373638	216
4	4817	186.581531429353	217
4	4822	186.881323252731	218
4	4826	187.002677060523	219
4	4830	187.354198716183	220
4	4836	187.881161107669	221
4	4843	188.650314652998	222
4	4847	188.883630407402	223
4	4852	189.321697523906	224
4	4858	189.851216572849	225
4	4861	189.959029898447	226
4	4874	191.957436265914	227
4	4877	191.960850776258	228
4	4881	191.992783737842	229
4	4885	192.271844370662	230
4	4888	192.331620721734	231
4	4893	192.761903814883	232
4	4897	192.97699121352	233
4	4903	193.55040467462	234
4	4912	194.752179411352	235
4	4916	194.826215488455	236
4	4919	194.827935928781	237
4	4923	195.179933579357	238
4	4927	195.255067702095	239
4	4935	196.231420401314	240
4	4939	196.424433909541	241
4	4942	196.52896395015	242
4	4949	197.314278951418	243
4	4953	197.435375461003	244
4	4958	197.959071987161	245
4	4962	198.153149048334	246
4	4966	198.245860476015	247
4	4970	198.542210645196	248
4	4974	198.615270682819	249
5	8	0.087856992192	1
5	11	0.187856992192	2
5	35	0.823777783242	3
5	49	1.446707198619	4
5	69	1.686009576054	5
5	90	2.563989467379	6
5	92	2.663989467379	7
5	118	3.92361729734	8
5	128	4.158199226058	9
5	132	4.258199226058	10
5	151	4.522270639911	11
5	160	4.699161120275	12
5	179	5.207375288622	13
5	185	5.360384608913	14
5	200	5.616122168926	15
5	216	5.849493078192	16
5	222	5.97273320139	17
5	252	7.614523570689	18
5	255	7.714523570689	19
5	274	8.265397494041	20
5	291	8.661760216099	21
5	294	8.761760216099	22
5	310	9.131142660967	23
5	330	9.730298490325	24
5	340	9.934054186594	25
5	344	10.034054186594	26
5	351	10.134054186594	27
5	370	10.597525377366	28
5	391	11.339434011982	29
5	395	11.439434011982	30
5	400	11.539434011982	31
5	408	11.639434011982	32
5	420	11.759804295575	33
5	426	11.859804295575	34
5	433	11.959804295575	35
5	455	12.663097046349	36
5	472	13.009940641585	37
5	485	13.269520062536	38
5	497	13.573010127838	39
5	513	13.810149679565	40
5	526	14.130789489591	41
5	541	14.591490093033	42
5	548	14.699640041377	43
5	572	14.958714448991	44
5	576	15.058714448991	45
5	579	15.158714448991	46
5	586	15.258714448991	47
5	601	15.571876096645	48
5	610	15.710772984947	49
5	633	16.338223723274	50
5	639	16.438223723274	51
5	658	17.173013588239	52
5	662	17.273013588239	53
5	687	18.346026306061	54
5	708	19.508834266599	55
5	722	19.797242697141	56
5	745	20.925838695362	57
5	749	21.025838695362	58
5	784	22.963669197701	59
5	800	23.199411369809	60
5	822	23.683730526241	61
5	823	23.783730526241	62
5	843	24.104938602396	63
5	844	24.204938602396	64
5	850	24.304938602396	65
5	869	24.753804493207	66
5	889	25.282977795382	67
5	899	25.61808104735	68
5	905	25.71808104735	69
5	916	25.916089035664	70
5	929	26.217772018513	71
5	938	26.378464915345	72
5	960	26.790007123509	73
5	964	26.890007123509	74
5	975	27.043610581857	75
5	994	27.636416519095	76
5	1004	27.993795371567	77
5	1026	28.903404773762	78
5	1048	30.388182891915	79
5	1071	30.941394323519	80
5	1089	31.509094650058	81
5	1090	31.609094650058	82
5	1108	31.894021281637	83
5	1111	31.994021281637	84
5	1131	32.609401624767	85
5	1153	33.583645408897	86
5	1155	33.683645408897	87
5	1170	34.0011664475	88
5	1174	34.1011664475	89
5	1189	34.30176628656	90
5	1204	34.523635978323	91
5	1217	34.827029086004	92
5	1237	36.222932756393	93
5	1245	36.322932756393	94
5	1255	36.424445262667	95
5	1261	36.524445262667	96
5	1285	37.080929595643	97
5	1293	37.227170755811	98
5	1312	37.503903185776	99
5	1324	37.832303759415	100
5	1340	38.347992472222	101
5	1344	38.447992472222	102
5	1357	38.656327682267	103
5	1384	39.666983428161	104
5	1387	39.766983428161	105
5	1393	39.866983428161	106
5	1400	39.966983428161	107
5	1405	40.066983428161	108
5	1413	40.166983428161	109
5	1422	40.266983428161	110
5	1428	40.366983428161	111
5	1459	41.391704394648	112
5	1463	41.491704394648	113
5	1468	41.591704394648	114
5	1485	41.854087700512	115
5	1488	41.954087700512	116
5	1512	42.537491539682	117
5	1530	43.540466814291	118
5	1540	43.832681709932	119
5	1549	43.998459100006	120
5	1564	44.351551104924	121
5	1577	44.521073685165	122
5	1599	45.105851681506	123
5	1605	45.231690327682	124
5	1629	46.146225488028	125
5	1633	46.246225488028	126
5	1657	47.075350190629	127
5	1674	47.541899739976	128
5	1692	48.151560630723	129
5	1708	49.069065397697	130
5	1731	49.507156779867	131
5	1749	49.857132774623	132
5	1767	50.162219201928	133
5	1771	50.262219201928	134
5	1791	50.523591685691	135
5	1794	50.623591685691	136
5	1798	50.723591685691	137
5	1804	50.823591685691	138
5	1824	51.080208992983	139
5	1831	51.180208992983	140
5	1835	51.280208992983	141
5	1855	51.790736488651	142
5	1859	51.890736488651	143
5	1879	52.516553944024	144
5	1901	53.036939134134	145
5	1905	53.136939134134	146
5	1910	53.236939134134	147
5	1916	53.336939134134	148
5	1934	53.740235862259	149
5	1939	53.840235862259	150
5	1949	53.960201408329	151
5	1960	54.094601075372	152
5	1975	54.4510895663	153
5	1999	55.544724399695	154
5	2009	55.782746539651	155
5	2013	55.882746539651	156
5	2028	56.179229318657	157
5	2050	56.953972334266	158
5	2066	57.934602640466	159
5	2086	58.878563866715	160
5	2106	59.884542398286	161
5	2111	59.984542398286	162
5	2134	60.540942001076	163
5	2135	60.640942001076	164
5	2154	61.190209687543	165
5	2182	63.006913620389	166
5	2189	63.155555460363	167
5	2214	63.576614794099	168
5	2218	63.676614794099	169
5	2242	64.220212142576	170
5	2244	64.320212142576	171
5	2247	64.420212142576	172
5	2269	64.633395215021	173
5	2271	64.733395215021	174
5	2295	65.769789368397	175
5	2299	65.869789368397	176
5	2304	65.969789368397	177
5	2338	66.830469831271	178
5	2344	66.930469831271	179
5	2347	67.030469831271	180
5	2355	67.130469831271	181
5	2359	67.230469831271	182
5	2368	67.330469831271	183
5	2372	67.430469831271	184
5	2379	67.530469831271	185
5	2410	68.381777035081	186
5	2414	68.481777035081	187
5	2431	68.931759357901	188
5	2443	69.184832547747	189
5	2455	69.39164675015	190
5	2467	69.598737674457	191
5	2490	70.834868525403	192
5	2504	71.399006521856	193
5	2514	71.649189011518	194
5	2518	71.749189011518	195
5	2531	71.889403361057	196
5	2544	72.186930861826	197
5	2561	72.391636312236	198
5	2567	72.491636312236	199
5	2570	72.591636312236	200
5	2597	73.963721165301	201
5	2614	74.457321258477	202
5	2628	75.023085838082	203
5	2643	75.368714164086	204
5	2648	75.468714164086	205
5	2664	75.87057923735	206
5	2696	77.483787018373	207
5	2697	77.583787018373	208
5	2720	78.006577985295	209
5	2724	78.106577985295	210
5	2743	78.431417827279	211
5	2756	78.67851111441	212
5	2762	78.819749829671	213
5	2782	79.061685504042	214
5	2786	79.161685504042	215
5	2798	79.360406455615	216
5	2818	80.250905062129	217
5	2832	80.783909504347	218
5	2852	81.858799232583	219
5	2866	82.479428113915	220
5	2877	82.66272938845	221
5	2884	82.76272938845	222
5	2905	83.560214915202	223
5	2923	84.235984758002	224
5	2930	84.376284229242	225
5	2938	84.476284229242	226
5	2942	84.576284229242	227
5	2964	84.959691643103	228
5	2975	85.221513673933	229
5	2994	86.170435909831	230
5	3005	86.548889595108	231
5	3024	86.989436119005	232
5	3039	87.771609007724	233
5	3042	87.871609007724	234
5	3068	88.994489238629	235
5	3072	89.094489238629	236
5	3092	89.554438216888	237
5	3104	89.879817672075	238
5	3120	90.377997065433	239
5	3142	91.816590062279	240
5	3155	92.249905279959	241
5	3174	93.071841692845	242
5	3188	93.495048515223	243
5	3209	94.111274746333	244
5	3210	94.211274746333	245
5	3223	94.429127757756	246
5	3248	95.711244723435	247
5	3254	95.853515624745	248
5	3268	96.017297762419	249
5	3285	96.223690924435	250
5	3291	96.323690924435	251
5	3309	96.61643811258	252
5	3315	96.71643811258	253
5	3324	96.858644742026	254
5	3336	96.958644742026	255
5	3356	97.596851166164	256
5	3365	97.755025848024	257
5	3380	98.101417983961	258
5	3399	98.683253235285	259
5	3405	98.783253235285	260
5	3408	98.883253235285	261
5	3416	98.983253235285	262
5	3429	99.160063091182	263
5	3442	99.419522716349	264
5	3459	100.006668366454	265
5	3472	100.400449194207	266
5	3491	100.623435313699	267
5	3495	100.723435313699	268
5	3500	100.823435313699	269
5	3517	101.136404981488	270
5	3522	101.236404981488	271
5	3539	101.656645359616	272
5	3545	101.756645359616	273
5	3550	101.856645359616	274
5	3569	102.300282428136	275
5	3573	102.400282428136	276
5	3580	102.500282428136	277
5	3588	102.600282428136	278
5	3594	102.700282428136	279
5	3619	103.227047792847	280
5	3636	103.816960969917	281
5	3656	104.721905229483	282
5	3669	105.303687524756	283
5	3683	105.800493966796	284
5	3694	106.112019216477	285
5	3714	106.851442938321	286
5	3730	107.713137139962	287
5	3752	108.386936992381	288
5	3777	109.647240403752	289
6	12	0.187956992192	1
6	16	0.287956992192	1
6	37	0.923877783242	1
6	53	1.546807198619	1
6	71	1.786109576054	1
6	93	2.664089467379	1
6	96	2.764089467379	1
6	121	4.02371729734	1
6	133	4.258299226058	1
6	138	4.358299226058	1
6	156	4.622370639911	1
6	166	4.799261120275	1
6	181	5.307475288622	1
6	191	5.460484608913	1
6	202	5.716222168926	1
6	218	5.949593078192	1
6	230	6.07283320139	1
6	256	7.714623570689	1
6	260	7.814623570689	1
6	278	8.365497494041	1
6	295	8.761860216099	1
6	299	8.861860216099	1
6	313	9.231242660967	1
6	333	9.830398490325	1
6	345	10.034154186594	1
6	352	10.134154186594	1
6	358	10.234154186594	1
6	373	10.697625377366	1
6	396	11.439534011982	1
6	401	11.539534011982	1
6	409	11.639534011982	1
6	413	11.739534011982	1
6	427	11.859904295575	1
6	434	11.959904295575	1
6	439	12.059904295575	1
6	459	12.763197046349	1
6	475	13.110040641585	1
6	487	13.369620062536	1
6	502	13.673110127838	1
6	516	13.910249679565	1
6	531	14.230889489591	1
6	544	14.691590093033	1
6	555	14.799740041377	1
6	577	15.058814448991	1
6	580	15.158814448991	1
6	587	15.258814448991	1
6	591	15.358814448991	1
6	606	15.671976096645	1
6	616	15.810872984947	1
6	640	16.438323723274	1
6	643	16.538323723274	1
6	663	17.273113588239	1
6	666	17.373113588239	1
6	690	18.446126306061	1
6	710	19.608934266599	1
6	725	19.897342697141	1
6	750	21.025938695362	1
6	755	21.125938695362	1
6	789	23.063769197701	1
6	805	23.299511369809	1
6	824	23.783830526241	1
6	828	23.883830526241	1
6	845	24.205038602396	1
6	851	24.305038602396	1
6	856	24.405038602396	1
6	872	24.853904493207	1
6	891	25.383077795382	1
6	906	25.71818104735	1
6	909	25.81818104735	1
6	920	26.016189035664	1
6	934	26.317872018513	1
6	947	26.478564915345	1
6	965	26.890107123509	1
6	968	26.990107123509	1
6	979	27.143710581857	1
6	996	27.736516519095	1
6	1009	28.093895371567	1
6	1028	29.003504773762	1
6	1053	30.488282891915	1
6	1074	31.041494323519	1
6	1091	31.609194650058	1
6	1095	31.709194650058	1
6	1112	31.994121281637	1
6	1116	32.094121281637	1
6	1136	32.709501624767	1
6	1156	33.683745408897	1
6	1159	33.783745408897	1
6	1175	34.1012664475	1
6	1180	34.2012664475	1
6	1193	34.40186628656	1
6	1208	34.623735978323	1
6	1220	34.927129086004	1
6	1246	36.323032756393	1
6	1249	36.423032756393	1
6	1262	36.524545262667	1
6	1267	36.624545262667	1
6	1287	37.181029595643	1
6	1299	37.327270755811	1
6	1314	37.604003185776	1
6	1329	37.932403759415	1
6	1345	38.448092472222	1
6	1348	38.548092472222	1
6	1365	38.756427682267	1
6	1388	39.767083428161	1
6	1394	39.867083428161	1
6	1401	39.967083428161	1
6	1406	40.067083428161	1
6	1414	40.167083428161	1
6	1423	40.267083428161	1
6	1429	40.367083428161	1
6	1434	40.467083428161	1
6	1464	41.491804394648	1
6	1469	41.591804394648	1
6	1475	41.691804394648	1
6	1489	41.954187700512	1
6	1495	42.054187700512	1
6	1516	42.637591539682	1
6	1532	43.640566814291	1
6	1543	43.932781709932	1
6	1555	44.098559100006	1
6	1573	44.451651104924	1
6	1582	44.621173685165	1
6	1601	45.205951681506	1
6	1611	45.331790327682	1
6	1634	46.246325488028	1
6	1637	46.346325488028	1
6	1659	47.175450190629	1
6	1676	47.641999739976	1
6	1695	48.251660630723	1
6	1712	49.169165397697	1
6	1733	49.607256779867	1
6	1755	49.957232774623	1
6	1772	50.262319201928	1
6	1775	50.362319201928	1
6	1795	50.623691685691	1
6	1799	50.723691685691	1
6	1805	50.823691685691	1
6	1810	50.923691685691	1
6	1832	51.180308992983	1
6	1836	51.280308992983	1
6	1842	51.380308992983	1
6	1860	51.890836488651	1
6	1865	51.990836488651	1
6	1883	52.616653944024	1
6	1906	53.137039134134	1
6	1911	53.237039134134	1
6	1917	53.337039134134	1
6	1921	53.437039134134	1
6	1940	53.840335862259	1
6	1944	53.940335862259	1
6	1956	54.060301408329	1
6	1964	54.194701075372	1
6	1978	54.5511895663	1
6	2001	55.644824399695	1
6	2014	55.882846539651	1
6	2019	55.982846539651	1
6	2033	56.279329318657	1
6	2052	57.054072334266	1
6	2068	58.034702640466	1
6	2088	58.978663866715	1
6	2112	59.984642398286	1
6	2116	60.084642398286	1
6	2136	60.641042001076	1
6	2140	60.741042001076	1
6	2157	61.290309687543	1
6	2185	63.107013620389	1
6	2194	63.255655460363	1
6	2219	63.676714794099	1
6	2224	63.776714794099	1
6	2245	64.320312142576	1
6	2248	64.420312142576	1
6	2256	64.520312142576	1
6	2272	64.733495215021	1
6	2277	64.833495215021	1
6	2300	65.869889368397	1
6	2305	65.969889368397	1
6	2315	66.069889368397	1
6	2345	66.930569831271	1
6	2348	67.030569831271	1
6	2356	67.130569831271	1
6	2360	67.230569831271	1
6	2369	67.330569831271	1
6	2373	67.430569831271	1
6	2380	67.530569831271	1
6	2384	67.630569831271	1
6	2415	68.481877035081	1
6	2418	68.581877035081	1
6	2435	69.031859357901	1
6	2446	69.284932547747	1
6	2458	69.49174675015	1
6	2470	69.698837674457	1
6	2493	70.934968525403	1
6	2507	71.499106521856	1
6	2519	71.749289011518	1
6	2524	71.849289011518	1
6	2535	71.989503361057	1
6	2551	72.287030861826	1
6	2568	72.491736312236	1
6	2571	72.591736312236	1
6	2578	72.691736312236	1
6	2599	74.063821165301	1
6	2617	74.557421258477	1
6	2631	75.123185838082	1
6	2649	75.468814164086	1
6	2653	75.568814164086	1
6	2671	75.97067923735	1
6	2698	77.583887018373	1
6	2702	77.683887018373	1
6	2725	78.106677985295	1
6	2728	78.206677985295	1
6	2746	78.531517827279	1
6	2758	78.77861111441	1
6	2772	78.919849829671	1
6	2787	79.161785504042	1
6	2790	79.261785504042	1
6	2802	79.460506455615	1
6	2821	80.351005062129	1
6	2835	80.884009504347	1
6	2855	81.958899232583	1
6	2873	82.579528113915	1
6	2885	82.76282938845	1
6	2888	82.86282938845	1
6	2907	83.660314915202	1
6	2926	84.336084758002	1
6	2939	84.476384229242	1
6	2943	84.576384229242	1
6	2949	84.676384229242	1
6	2968	85.059791643103	1
6	2980	85.321613673933	1
6	2996	86.270535909831	1
6	3009	86.648989595108	1
6	3027	87.089536119005	1
6	3043	87.871709007724	1
6	3047	87.971709007724	1
6	3073	89.094589238629	1
6	3076	89.194589238629	1
6	3096	89.654538216888	1
6	3109	89.979917672075	1
6	3122	90.478097065433	1
6	3145	91.916690062279	1
6	3158	92.350005279959	1
6	3177	93.171941692845	1
6	3190	93.595148515223	1
6	3211	94.211374746333	1
6	3215	94.311374746333	1
6	3228	94.529227757756	1
6	3250	95.811344723435	1
6	3264	95.953615624745	1
6	3279	96.117397762419	1
6	3292	96.323790924435	1
6	3295	96.423790924435	1
6	3316	96.71653811258	1
6	3319	96.81653811258	1
6	3337	96.958744742026	1
6	3340	97.058744742026	1
6	3358	97.696951166164	1
6	3370	97.855125848024	1
6	3384	98.201517983961	1
6	3406	98.783353235285	1
6	3409	98.883353235285	1
6	3417	98.983353235285	1
6	3421	99.083353235285	1
6	3433	99.260163091182	1
6	3447	99.519622716349	1
6	3464	100.106768366454	1
6	3477	100.500549194207	1
6	3496	100.723535313699	1
6	3501	100.823535313699	1
6	3507	100.923535313699	1
6	3523	101.236504981488	1
6	3527	101.336504981488	1
6	3546	101.756745359616	1
6	3551	101.856745359616	1
6	3557	101.956745359616	1
6	3574	102.400382428136	1
6	3581	102.500382428136	1
6	3589	102.600382428136	1
6	3595	102.700382428136	1
6	3602	102.800382428136	1
6	3624	103.327147792847	1
6	3639	103.917060969917	1
6	3658	104.822005229483	1
6	3672	105.403787524756	1
6	3685	105.900593966796	1
6	3698	106.212119216477	1
6	3717	106.951542938321	1
6	3732	107.813237139962	1
6	3758	108.487036992381	1
6	3784	109.747340403752	1
7	18	0.288056992192	1
7	21	0.388056992192	1
7	41	1.023977783242	1
7	61	1.646907198619	1
7	77	1.886209576054	1
7	98	2.764189467379	1
7	102	2.864189467379	1
7	124	4.12381729734	1
7	140	4.358399226058	1
7	144	4.458399226058	1
7	162	4.722470639911	1
7	170	4.899361120275	1
7	188	5.407575288622	1
7	194	5.560584608913	1
7	208	5.816322168926	1
7	227	6.049693078192	1
7	233	6.17293320139	1
7	262	7.814723570689	1
7	265	7.914723570689	1
7	282	8.465597494041	1
7	301	8.861960216099	1
7	304	8.961960216099	1
7	318	9.331342660967	1
7	336	9.930498490325	1
7	354	10.134254186594	1
7	360	10.234254186594	1
7	364	10.334254186594	1
7	378	10.797725377366	1
7	403	11.539634011982	1
7	411	11.639634011982	1
7	417	11.739634011982	1
7	425	11.839634011982	2
7	436	11.960004295575	2
7	441	12.060004295575	3
7	445	12.160004295575	3
7	467	12.863297046349	1
7	480	13.210140641585	1
7	493	13.469720062536	1
7	505	13.773210127838	1
7	521	14.010349679565	1
7	534	14.330989489591	1
7	552	14.791690093033	1
7	565	14.899840041377	1
7	582	15.158914448991	1
7	589	15.258914448991	1
7	593	15.358914448991	2
7	598	15.458914448991	2
7	612	15.772076096645	2
7	620	15.910972984947	2
7	645	16.538423723274	1
7	649	16.638423723274	1
7	668	17.373213588239	1
7	672	17.473213588239	1
7	693	18.546226306061	1
7	714	19.709034266599	1
7	730	19.997442697141	1
7	757	21.126038695362	1
7	761	21.226038695362	1
7	792	23.163869197701	1
7	810	23.399611369809	1
7	830	23.883930526241	1
7	833	23.983930526241	1
7	853	24.305138602396	1
7	858	24.405138602396	1
7	863	24.505138602396	1
7	877	24.954004493207	1
7	895	25.483177795382	1
7	911	25.81828104735	1
7	918	25.91828104735	1
7	926	26.116289035664	1
7	942	26.417972018513	1
7	950	26.578664915345	1
7	970	26.990207123509	1
7	977	27.090207123509	1
7	985	27.243810581857	1
7	1000	27.836616519095	1
7	1012	28.193995371567	1
7	1032	29.103604773762	1
7	1059	30.588382891915	1
7	1077	31.141594323519	1
7	1097	31.709294650058	1
7	1100	31.809294650058	1
7	1118	32.094221281637	1
7	1122	32.194221281637	1
7	1139	32.809601624767	1
7	1161	33.783845408897	1
7	1165	33.883845408897	1
7	1182	34.2013664475	1
7	1186	34.3013664475	1
7	1197	34.50196628656	1
7	1212	34.723835978323	1
7	1225	35.027229086004	1
7	1251	36.423132756393	1
7	1260	36.523132756393	1
7	1269	36.624645262667	1
7	1276	36.724645262667	2
7	1296	37.281129595643	1
7	1302	37.427370755811	1
7	1320	37.704103185776	1
7	1332	38.032503759415	1
7	1350	38.548192472222	1
7	1354	38.648192472222	1
7	1369	38.856527682267	1
7	1396	39.867183428161	1
7	1403	39.967183428161	1
7	1410	40.067183428161	1
7	1416	40.167183428161	2
7	1427	40.267183428161	2
7	1431	40.367183428161	3
7	1438	40.467183428161	3
7	1440	40.567183428161	4
7	1471	41.591904394648	1
7	1477	41.691904394648	1
7	1481	41.791904394648	1
7	1497	42.054287700512	1
7	1499	42.154287700512	2
7	1520	42.737691539682	1
7	1536	43.740666814291	1
7	1551	44.032881709932	1
7	1558	44.198659100006	1
7	1579	44.551751104924	1
7	1586	44.721273685165	1
7	1608	45.306051681506	1
7	1614	45.431890327682	1
7	1639	46.346425488028	1
7	1643	46.446425488028	1
7	1663	47.275550190629	1
7	1680	47.742099739976	1
7	1698	48.351760630723	1
7	1720	49.269265397697	1
7	1740	49.707356779867	1
7	1759	50.057332774623	1
7	1777	50.362419201928	1
7	1784	50.462419201928	1
7	1801	50.723791685691	1
7	1807	50.823791685691	1
7	1812	50.923791685691	2
7	1816	51.023791685691	2
7	1838	51.280408992983	2
7	1844	51.380408992983	2
7	1847	51.480408992983	3
7	1867	51.990936488651	1
7	1870	52.090936488651	2
7	1890	52.716753944024	1
7	1913	53.237139134134	1
7	1919	53.337139134134	1
7	1925	53.437139134134	1
7	1928	53.537139134134	2
7	1946	53.940435862259	1
7	1953	54.040435862259	1
7	1962	54.160401408329	2
7	1970	54.294801075372	2
7	1983	54.6512895663	1
7	2005	55.744924399695	1
7	2021	55.982946539651	1
7	2025	56.082946539651	1
7	2036	56.379429318657	1
7	2056	57.154172334266	1
7	2076	58.134802640466	1
7	2092	59.078763866715	1
7	2118	60.084742398286	1
7	2121	60.184742398286	1
7	2142	60.741142001076	1
7	2145	60.841142001076	1
7	2160	61.390409687543	1
7	2191	63.207113620389	1
7	2204	63.355755460363	1
7	2226	63.776814794099	1
7	2230	63.876814794099	1
7	2250	64.420412142576	1
7	2258	64.520412142576	1
7	2262	64.620412142576	1
7	2279	64.833595215021	1
7	2282	64.933595215021	2
7	2307	65.969989368397	1
7	2317	66.069989368397	1
7	2324	66.169989368397	1
7	2350	67.030669831271	1
7	2358	67.130669831271	1
7	2364	67.230669831271	1
7	2371	67.330669831271	2
7	2377	67.430669831271	2
7	2382	67.530669831271	3
7	2388	67.630669831271	3
7	2394	67.730669831271	4
7	2420	68.581977035081	1
7	2425	68.681977035081	1
7	2439	69.131959357901	1
7	2451	69.385032547747	1
7	2463	69.59184675015	1
7	2475	69.798937674457	1
7	2496	71.035068525403	1
7	2510	71.599206521856	1
7	2526	71.849389011518	1
7	2533	71.949389011518	1
7	2541	72.089603361057	1
7	2554	72.387130861826	1
7	2573	72.591836312236	1
7	2580	72.691836312236	1
7	2582	72.791836312236	2
7	2607	74.163921165301	1
7	2620	74.657521258477	1
7	2634	75.223285838082	1
7	2655	75.568914164086	1
7	2658	75.668914164086	1
7	2674	76.07077923735	1
7	2704	77.683987018373	1
7	2710	77.783987018373	1
7	2730	78.206777985295	1
7	2734	78.306777985295	1
7	2751	78.631617827279	1
7	2767	78.87871111441	1
7	2775	79.019949829671	1
7	2792	79.261885504042	1
7	2800	79.361885504042	1
7	2808	79.560606455615	1
7	2824	80.451105062129	1
7	2838	80.984109504347	1
7	2858	82.058999232583	1
7	2879	82.679628113915	1
7	2890	82.86292938845	1
7	2895	82.96292938845	1
7	2911	83.760414915202	1
7	2934	84.436184758002	1
7	2945	84.576484229242	1
7	2951	84.676484229242	1
7	2954	84.776484229242	2
7	2972	85.159891643103	1
7	2983	85.421713673933	1
7	3000	86.370635909831	1
7	3017	86.749089595108	1
7	3030	87.189636119005	1
7	3049	87.971809007724	1
7	3056	88.071809007724	1
7	3078	89.194689238629	1
7	3082	89.294689238629	1
7	3100	89.754638216888	1
7	3112	90.080017672075	1
7	3126	90.578197065433	1
7	3148	92.016790062279	1
7	3161	92.450105279959	1
7	3180	93.272041692845	1
7	3197	93.695248515223	1
7	3217	94.311474746333	1
7	3220	94.411474746333	1
7	3231	94.629327757756	1
7	3261	95.911444723435	1
7	3270	96.053715624745	1
7	3282	96.217497762419	1
7	3297	96.423890924435	1
7	3306	96.523890924435	1
7	3321	96.81663811258	1
7	3329	96.91663811258	1
7	3342	97.058844742026	2
7	3347	97.158844742026	2
7	3367	97.797051166164	1
7	3374	97.955225848024	1
7	3388	98.301617983961	1
7	3411	98.883453235285	1
7	3419	98.983453235285	1
7	3425	99.083453235285	1
7	3431	99.183453235285	2
7	3439	99.360263091182	2
7	3450	99.619722716349	2
7	3467	100.206868366454	1
7	3483	100.600649194207	1
7	3503	100.823635313699	1
7	3509	100.923635313699	1
7	3513	101.023635313699	1
7	3529	101.336604981488	1
7	3533	101.436604981488	1
7	3553	101.856845359616	1
7	3559	101.956845359616	1
7	3563	102.056845359616	1
7	3583	102.500482428136	1
7	3591	102.600482428136	1
7	3599	102.700482428136	1
7	3604	102.800482428136	2
7	3608	102.900482428136	2
7	3627	103.427247792847	1
7	3642	104.017160969917	1
7	3662	104.922105229483	1
7	3675	105.503887524756	1
7	3689	106.000693966796	1
7	3706	106.312219216477	1
7	3720	107.051642938321	1
7	3740	107.913337139962	1
7	3762	108.587136992381	1
7	3787	109.847440403752	1
8	27	0.488056992192	0.4002
8	30	0.688056992192	0.580333659233
8	44	1.223977783242	0.4002
8	74	1.846907198619	0.4002
8	84	2.086209576054	0.558450090136
8	107	2.964189467379	1.278179891325
8	110	3.164189467379	0.6002
8	135	4.32381729734	0.4002
8	152	4.558399226058	0.4002
8	163	4.758399226058	0.567260088452
8	171	4.958399226058	0.436128586147
8	174	5.158399226058	0.459238105783
8	196	5.607575288622	0.4002
8	205	5.807575288622	0.447190679709
8	224	6.016322168926	0.4002
8	235	6.249693078192	0.4002
8	238	6.449693078192	0.476959876802
8	267	8.014723570689	0.4002
8	270	8.214723570689	0.527430911941
8	292	8.665597494041	0.4002
8	306	9.061960216099	0.767097040818
8	315	9.261960216099	0.6002
8	325	9.531342660967	0.4002
8	349	10.130498490325	0.4002
8	362	10.334254186594	0.4002
8	366	10.534254186594	0.502975219936
8	375	10.734254186594	0.642655050005
8	385	10.997725377366	0.4002
8	415	11.739634011982	0.4002
8	431	11.939634011982	0.559058750841
8	442	12.139634011982	0.646945221613
8	447	12.339634011982	0.767022539117
8	450	12.539634011982	0.779829716407
8	456	12.739634011982	0.935447651781
8	468	12.939634011982	1.01256598703
8	477	13.139634011982	0.476536965633
8	489	13.410140641585	0.4002
8	499	13.669720062536	0.4002
8	518	13.973210127838	0.4002
8	527	14.210349679565	0.4002
8	537	14.530989489591	0.4002
8	573	14.991690093033	0.4002
8	583	15.191690093033	0.492050051656
8	594	15.391690093033	0.686909218594
8	602	15.591690093033	0.769647490365
8	613	15.791690093033	0.935342881532
8	625	15.991690093033	1.032975644042
8	628	16.191690093033	0.619813996388
8	634	16.391690093033	0.680917108086
8	650	16.738423723274	0.4002
8	653	16.938423723274	0.545713100891
8	673	17.573213588239	0.4002
8	676	17.773213588239	0.536829776409
8	696	18.746226306061	0.4002
8	727	19.909034266599	0.4002
8	737	20.197442697141	0.4002
8	766	21.326038695362	0.4002
8	769	21.526038695362	0.566980162152
8	807	23.363869197701	2.331742662191
8	817	23.599611369809	0.635942172108
8	839	24.083930526241	1.111648934386
8	848	24.283930526241	1.084519156432
8	861	24.505138602396	1.2256282421
8	865	24.705138602396	1.021408076155
8	874	24.905138602396	0.8002
8	884	25.154004493207	0.4002
8	903	25.683177795382	0.4002
8	922	26.01828104735	0.4002
8	930	26.21828104735	0.592079949185
8	943	26.41828104735	0.502192011686
8	955	26.61828104735	0.400509028837
8	961	26.81828104735	0.439816132005
8	981	27.190207123509	0.811166976175
8	986	27.390207123509	0.6002
8	989	27.590207123509	0.546596541652
8	1006	28.036616519095	0.4002
8	1015	28.393995371567	0.4002
8	1035	29.303604773762	0.4002
8	1066	30.788382891915	0.4002
8	1084	31.341594323519	0.951398382276
8	1109	31.909294650058	1.414138479815
8	1119	32.109294650058	1.167900326539
8	1124	32.309294650058	0.8002
8	1127	32.509294650058	0.615273368421
8	1146	33.009601624767	0.4002
8	1166	33.983845408897	1.29644616188
8	1177	34.183845408897	0.6002
8	1190	34.4013664475	0.4002
8	1205	34.6013664475	0.59942416542
8	1213	34.8013664475	0.49960016094
8	1222	35.0013664475	0.477730469177
8	1228	35.227229086004	0.4002
8	1264	36.623132756393	0.4002
8	1277	36.823132756393	0.576861472873
8	1280	37.023132756393	0.598687493726
8	1289	37.223132756393	0.730403129283
8	1308	37.481129595643	0.4002
8	1317	37.681129595643	0.453958839832
8	1326	37.904103185776	0.4002
8	1335	38.232503759415	0.4002
8	1362	38.748192472222	0.4002
8	1374	38.948192472222	0.524073886125
8	1377	39.148192472222	0.491864789955
8	1408	40.067183428161	1.36549765505
8	1425	40.267183428161	1.555157357361
8	1436	40.467183428161	0.8002
8	1446	40.667183428161	0.968524992342
8	1449	40.867183428161	1.038155289471
8	1452	41.067183428161	1.19679626264
8	1455	41.267183428161	1.171726631705
8	1461	41.467183428161	1.270456370067
8	1479	41.791904394648	1.572696524001
8	1491	41.991904394648	0.6002
8	1500	42.191904394648	0.687479578327
8	1503	42.391904394648	0.537816694136
8	1513	42.591904394648	0.648157755718
8	1523	42.937691539682	0.4002
8	1545	43.940666814291	0.4002
8	1559	44.232881709932	0.4002
8	1565	44.432881709932	0.434422609926
8	1591	44.751751104924	0.4002
8	1594	44.951751104924	0.430677419759
8	1620	45.506051681506	0.4002
8	1623	45.706051681506	0.474361353824
8	1644	46.546425488028	0.4002
8	1647	46.746425488028	0.524223495833
8	1670	47.475550190629	0.4002
8	1687	47.942099739976	0.4002
8	1701	48.551760630723	0.4002
8	1727	49.469265397697	0.4002
8	1752	49.907356779867	0.803662464698
8	1769	50.257332774623	0.750175994756
8	1792	50.562419201928	0.898488113253
8	1802	50.762419201928	0.905286427305
8	1813	50.962419201928	1.092632242666
8	1829	51.162419201928	1.0002
8	1839	51.362419201928	0.923543298723
8	1848	51.562419201928	1.038827516237
8	1851	51.762419201928	0.682210208945
8	1862	51.962419201928	0.822421379308
8	1871	52.162419201928	1.004047439999
8	1874	52.362419201928	0.571682713277
8	1880	52.562419201928	0.698505551245
8	1897	52.916753944024	0.4002
8	1923	53.437139134134	0.761376157037
8	1929	53.637139134134	0.6002
8	1937	53.837139134134	0.702165446109
8	1950	54.037139134134	0.851713503636
8	1966	54.237139134134	0.496903271875
8	1971	54.437139134134	0.628841611497
8	1980	54.637139134134	0.676937725805
8	1989	54.837139134134	0.742538058762
8	1992	55.037139134134	0.586049567834
8	2016	55.944924399695	0.4002
8	2029	56.182946539651	0.4002
8	2037	56.382946539651	0.510271090051
8	2040	56.582946539651	0.403717220994
8	2059	57.354172334266	0.4002
8	2079	58.334802640466	0.4002
8	2099	59.278763866715	0.4002
8	2127	60.284742398286	0.4002
8	2130	60.484742398286	0.569068897894
8	2147	60.941142001076	0.984015471495
8	2150	61.141142001076	0.6002
8	2167	61.590409687543	0.4002
8	2209	63.407113620389	0.4002
8	2215	63.607113620389	0.451558160026
8	2235	63.976814794099	0.669015926441
8	2238	64.176814794099	0.831817880468
8	2260	64.620412142576	1.043797348477
8	2274	64.820412142576	1.074555036991
8	2283	65.020412142576	0.8002
8	2286	65.220412142576	0.750274022763
8	2289	65.420412142576	0.787016927555
8	2322	66.169989368397	0.4002
8	2330	66.369989368397	0.587673356928
8	2333	66.569989368397	0.625119590785
8	2362	67.230669831271	1.227820129397
8	2375	67.430669831271	1.423463837415
8	2386	67.630669831271	1.487607499055
8	2399	67.830669831271	1.0002
8	2402	68.030669831271	1.156448120168
8	2405	68.230669831271	1.315224199828
8	2411	68.430669831271	1.359196008151
8	2421	68.630669831271	1.33143791349
8	2426	68.830669831271	1.112838199452
8	2432	69.030669831271	0.64889279619
8	2448	69.331959357901	0.4002
8	2460	69.585032547747	0.4002
8	2472	69.79184675015	0.4002
8	2478	69.998937674457	0.4002
8	2499	71.235068525403	0.4002
8	2521	71.799206521856	0.4002
8	2537	72.049389011518	0.4002
8	2547	72.249389011518	0.592989246133
8	2562	72.449389011518	0.559985650461
8	2574	72.649389011518	0.462458149692
8	2583	72.849389011518	0.643245913915
8	2586	73.049389011518	0.657752699282
8	2589	73.249389011518	0.75877112508
8	2610	74.363921165301	0.4002
8	2623	74.857521258477	0.4002
8	2646	75.423285838082	0.4002
8	2660	75.768914164086	0.4002
8	2668	75.968914164086	0.58078457428
8	2681	76.27077923735	0.4002
8	2716	77.883987018373	1.939448913995
8	2722	78.083987018373	0.6002
8	2739	78.406777985295	0.712205357584
8	2748	78.606777985295	0.6002
8	2763	78.831617827279	0.4002
8	2784	79.07871111441	0.4002
8	2793	79.27871111441	0.458961284739
8	2804	79.47871111441	0.573216907367
8	2809	79.67871111441	0.617025610368
8	2812	79.87871111441	0.518304658795
8	2827	80.651105062129	0.4002
8	2845	81.184109504347	0.4002
8	2861	82.258999232583	0.4002
8	2891	82.879628113915	0.4002
8	2896	83.079628113915	0.416898725465
8	2899	83.279628113915	0.520352410298
8	2918	83.960414915202	0.4002
8	2946	84.636184758002	0.4002
8	2959	84.836184758002	0.45990052876
8	2965	85.036184758002	0.606046045172
8	2976	85.236184758002	0.775819083551
8	2984	85.436184758002	0.476493114899
8	2987	85.636184758002	0.414671084069
8	3006	86.570635909831	0.4002
8	3020	86.949089595108	0.4002
8	3033	87.389636119005	0.4002
8	3058	88.171809007724	0.4002
8	3061	88.371809007724	0.552241329121
8	3087	89.394689238629	0.4002
8	3093	89.594689238629	0.5545351726
8	3106	89.954638216888	0.4002
8	3115	90.280017672075	0.4002
8	3129	90.778197065433	0.4002
8	3151	92.216790062279	0.4002
8	3168	92.650105279959	0.4002
8	3183	93.472041692845	0.4002
8	3204	93.895248515223	0.4002
8	3225	94.511474746333	0.910549021072
8	3237	94.711474746333	0.6002
8	3240	94.911474746333	0.482346988577
8	3276	96.111444723435	0.4002
8	3289	96.311444723435	0.45792909869
8	3303	96.511444723435	0.494146961016
8	3311	96.711444723435	0.487753799
8	3326	96.911444723435	0.657406286922
8	3344	97.111444723435	0.495006610855
8	3349	97.311444723435	0.599119261965
8	3352	97.511444723435	0.652799981409
8	3361	97.711444723435	0.765172531201
8	3375	97.997051166164	0.4002
8	3381	98.197051166164	0.44202531814
8	3395	98.501617983961	0.4002
8	3423	99.083453235285	0.4002
8	3435	99.283453235285	0.522019031494
8	3443	99.483453235285	0.700326830015
8	3451	99.683453235285	0.732469941563
8	3454	99.883453235285	0.723390144103
8	3460	100.083453235285	0.663930518936
8	3473	100.406868366454	0.4002
8	3498	100.800649194207	0.4002
8	3511	101.023635313699	0.515788937473
8	3518	101.223635313699	0.6002
8	3530	101.423635313699	0.777274989098
8	3535	101.623635313699	0.487230332211
8	3548	101.823635313699	0.590205449426
8	3561	102.056845359616	0.4002
8	3565	102.256845359616	0.569082120164
8	3578	102.456845359616	0.733748426708
8	3597	102.700482428136	0.4002
8	3606	102.900482428136	0.562549661235
8	3614	103.100482428136	0.697228838415
8	3620	103.300482428136	0.749685950285
8	3628	103.500482428136	0.873616530884
8	3631	103.700482428136	0.473434635289
8	3645	104.217160969917	0.4002
8	3665	105.122105229483	0.4002
8	3678	105.703887524756	0.4002
8	3695	106.200693966796	0.4002
8	3709	106.512219216477	0.4002
8	3723	107.251642938321	0.4002
8	3747	108.113337139962	0.4002
8	3769	108.787136992381	0.4002
8	3793	110.047440403752	1.638913424876
9	27	0.488056992192	1
9	30	0.688056992192	1
9	44	1.223977783242	1
9	74	1.846907198619	1
9	84	2.086209576054	1
9	107	2.964189467379	1
9	110	3.164189467379	1
9	135	4.32381729734	1
9	152	4.558399226058	1
9	163	4.758399226058	1
9	171	4.958399226058	1
9	174	5.158399226058	1
9	196	5.607575288622	1
9	205	5.807575288622	1
9	224	6.016322168926	1
9	235	6.249693078192	1
9	238	6.449693078192	1
9	267	8.014723570689	1
9	270	8.214723570689	1
9	292	8.665597494041	1
9	306	9.061960216099	1
9	315	9.261960216099	1
9	325	9.531342660967	1
9	349	10.130498490325	1
9	362	10.334254186594	1
9	366	10.534254186594	1
9	375	10.734254186594	1
9	385	10.997725377366	1
9	415	11.739634011982	1
9	431	11.939634011982	1
9	442	12.139634011982	1
9	447	12.339634011982	1
9	450	12.539634011982	1
9	456	12.739634011982	1
9	468	12.939634011982	1
9	477	13.139634011982	1
9	489	13.410140641585	1
9	499	13.669720062536	1
9	518	13.973210127838	1
9	527	14.210349679565	1
9	537	14.530989489591	1
9	573	14.991690093033	1
9	583	15.191690093033	1
9	594	15.391690093033	1
9	602	15.591690093033	1
9	613	15.791690093033	1
9	625	15.991690093033	1
9	628	16.191690093033	1
9	634	16.391690093033	1
9	650	16.738423723274	1
9	653	16.938423723274	1
9	673	17.573213588239	1
9	676	17.773213588239	1
9	696	18.746226306061	1
9	727	19.909034266599	1
9	737	20.197442697141	1
9	766	21.326038695362	1
9	769	21.526038695362	1
9	807	23.363869197701	1
9	817	23.599611369809	1
9	839	24.083930526241	1
9	848	24.283930526241	1
9	861	24.505138602396	1
9	865	24.705138602396	1
9	874	24.905138602396	1
9	884	25.154004493207	1
9	903	25.683177795382	1
9	922	26.01828104735	1
9	930	26.21828104735	1
9	943	26.41828104735	1
9	955	26.61828104735	1
9	961	26.81828104735	1
9	981	27.190207123509	1
9	986	27.390207123509	1
9	989	27.590207123509	1
9	1006	28.036616519095	1
9	1015	28.393995371567	1
9	1035	29.303604773762	1
9	1066	30.788382891915	1
9	1084	31.341594323519	1
9	1109	31.909294650058	1
9	1119	32.109294650058	1
9	1124	32.309294650058	1
9	1127	32.509294650058	1
9	1146	33.009601624767	1
9	1166	33.983845408897	1
9	1177	34.183845408897	1
9	1190	34.4013664475	1
9	1205	34.6013664475	1
9	1213	34.8013664475	1
9	1222	35.0013664475	1
9	1228	35.227229086004	1
9	1264	36.623132756393	1
9	1277	36.823132756393	1
9	1280	37.023132756393	1
9	1289	37.223132756393	1
9	1308	37.481129595643	1
9	1317	37.681129595643	1
9	1326	37.904103185776	1
9	1335	38.232503759415	1
9	1362	38.748192472222	1
9	1374	38.948192472222	1
9	1377	39.148192472222	1
9	1408	40.067183428161	1
9	1425	40.267183428161	1
9	1436	40.467183428161	1
9	1446	40.667183428161	1
9	1449	40.867183428161	1
9	1452	41.067183428161	1
9	1455	41.267183428161	1
9	1461	41.467183428161	1
9	1479	41.791904394648	1
9	1491	41.991904394648	1
9	1500	42.191904394648	1
9	1503	42.391904394648	1
9	1513	42.591904394648	1
9	1523	42.937691539682	1
9	1545	43.940666814291	1
9	1559	44.232881709932	1
9	1565	44.432881709932	1
9	1591	44.751751104924	1
9	1594	44.951751104924	1
9	1620	45.506051681506	1
9	1623	45.706051681506	1
9	1644	46.546425488028	1
9	1647	46.746425488028	1
9	1670	47.475550190629	1
9	1687	47.942099739976	1
9	1701	48.551760630723	1
9	1727	49.469265397697	1
9	1752	49.907356779867	1
9	1769	50.257332774623	1
9	1792	50.562419201928	1
9	1802	50.762419201928	1
9	1813	50.962419201928	1
9	1829	51.162419201928	1
9	1839	51.362419201928	1
9	1848	51.562419201928	1
9	1851	51.762419201928	1
9	1862	51.962419201928	1
9	1871	52.162419201928	1
9	1874	52.362419201928	1
9	1880	52.562419201928	1
9	1897	52.916753944024	1
9	1923	53.437139134134	1
9	1929	53.637139134134	1
9	1937	53.837139134134	1
9	1950	54.037139134134	1
9	1966	54.237139134134	1
9	1971	54.437139134134	1
9	1980	54.637139134134	1
9	1989	54.837139134134	1
9	1992	55.037139134134	1
9	2016	55.944924399695	1
9	2029	56.182946539651	1
9	2037	56.382946539651	1
9	2040	56.582946539651	1
9	2059	57.354172334266	1
9	2079	58.334802640466	1
9	2099	59.278763866715	1
9	2127	60.284742398286	1
9	2130	60.484742398286	1
9	2147	60.941142001076	1
9	2150	61.141142001076	1
9	2167	61.590409687543	1
9	2209	63.407113620389	1
9	2215	63.607113620389	1
9	2235	63.976814794099	1
9	2238	64.176814794099	1
9	2260	64.620412142576	1
9	2274	64.820412142576	1
9	2283	65.020412142576	1
9	2286	65.220412142576	1
9	2289	65.420412142576	1
9	2322	66.169989368397	1
9	2330	66.369989368397	1
9	2333	66.569989368397	1
9	2362	67.230669831271	1
9	2375	67.430669831271	1
9	2386	67.630669831271	1
9	2399	67.830669831271	1
9	2402	68.030669831271	1
9	2405	68.230669831271	1
9	2411	68.430669831271	1
9	2421	68.630669831271	1
9	2426	68.830669831271	1
9	2432	69.030669831271	1
9	2448	69.331959357901	1
9	2460	69.585032547747	1
9	2472	69.79184675015	1
9	2478	69.998937674457	1
9	2499	71.235068525403	1
9	2521	71.799206521856	1
9	2537	72.049389011518	1
9	2547	72.249389011518	1
9	2562	72.449389011518	1
9	2574	72.649389011518	1
9	2583	72.849389011518	1
9	2586	73.049389011518	1
9	2589	73.249389011518	1
9	2610	74.363921165301	1
9	2623	74.857521258477	1
9	2646	75.423285838082	1
9	2660	75.768914164086	1
9	2668	75.968914164086	1
9	2681	76.27077923735	1
9	2716	77.883987018373	1
9	2722	78.083987018373	1
9	2739	78.406777985295	1
9	2748	78.606777985295	1
9	2763	78.831617827279	1
9	2784	79.07871111441	1
9	2793	79.27871111441	1
9	2804	79.47871111441	1
9	2809	79.67871111441	1
9	2812	79.87871111441	1
9	2827	80.651105062129	1
9	2845	81.184109504347	1
9	2861	82.258999232583	1
9	2891	82.879628113915	1
9	2896	83.079628113915	1
9	2899	83.279628113915	1
9	2918	83.960414915202	1
9	2946	84.636184758002	1
9	2959	84.836184758002	1
9	2965	85.036184758002	1
9	2976	85.236184758002	1
9	2984	85.436184758002	1
9	2987	85.636184758002	1
9	3006	86.570635909831	1
9	3020	86.949089595108	1
9	3033	87.389636119005	1
9	3058	88.171809007724	1
9	3061	88.371809007724	1
9	3087	89.394689238629	1
9	3093	89.594689238629	1
9	3106	89.954638216888	1
9	3115	90.280017672075	1
9	3129	90.778197065433	1
9	3151	92.216790062279	1
9	3168	92.650105279959	1
9	3183	93.472041692845	1
9	3204	93.895248515223	1
9	3225	94.511474746333	1
9	3237	94.711474746333	1
9	3240	94.911474746333	1
9	3276	96.111444723435	1
9	3289	96.311444723435	1
9	3303	96.511444723435	1
9	3311	96.711444723435	1
9	3326	96.911444723435	1
9	3344	97.111444723435	1
9	3349	97.311444723435	1
9	3352	97.511444723435	1
9	3361	97.711444723435	1
9	3375	97.997051166164	1
9	3381	98.197051166164	1
9	3395	98.501617983961	1
9	3423	99.083453235285	1
9	3435	99.283453235285	1
9	3443	99.483453235285	1
9	3451	99.683453235285	1
9	3454	99.883453235285	1
9	3460	100.083453235285	1
9	3473	100.406868366454	1
9	3498	100.800649194207	1
9	3511	101.023635313699	1
9	3518	101.223635313699	1
9	3530	101.423635313699	1
9	3535	101.623635313699	1
9	3548	101.823635313699	1
9	3561	102.056845359616	1
9	3565	102.256845359616	1
9	3578	102.456845359616	1
9	3597	102.700482428136	1
9	3606	102.900482428136	1
9	3614	103.100482428136	1
9	3620	103.300482428136	1
9	3628	103.500482428136	1
9	3631	103.700482428136	1
9	3645	104.217160969917	1
9	3665	105.122105229483	1
9	3678	105.703887524756	1
9	3695	106.200693966796	1
9	3709	106.512219216477	1
9	3723	107.251642938321	1
9	3747	108.113337139962	1
9	3769	108.787136992381	1
9	3793	110.047440403752	1

