version 3
run BaseVersion-11-20240511-20:45:07-11874
attr configname BaseVersion
attr datetime 20240511-20:45:07
attr datetimef 20240511-204507
attr experiment BaseVersion
attr inifile omnetpp.ini
attr iterationvars $genInterval=0.65
attr iterationvarsd genInterval=0.65
attr iterationvarsf genInterval=0.65-
attr measurement $genInterval=0.65
attr network Network
attr processid 11874
attr repetition 0
attr replication #0
attr resultdir results
attr runnumber 11
attr seedset 11
itervar genInterval 0.65
config network Network
config sim-time-limit 200s
config Network.nodeTx.gen.generationInterval exponential(0.65)
config Network.nodeTx.gen.packetByteSize 12500
config Network.nodeTx.queue.bufferSize 200
config Network.nodeRx.queue.bufferSize 200
config Network.queue.bufferSize 200

vector 0 Network.nodeTx.gen packetGen ETV
vector 1 Network.nodeTx.queue bufferSize ETV
vector 2 Network.queue bufferSize ETV
vector 3 Network.nodeRx.queue bufferSize ETV
vector 4 Network.nodeRx.sink Delay ETV
vector 5 Network.nodeRx.sink packetUsed ETV
0	1	0.129206927313	1
0	4	0.175195567897	1
0	6	0.187979365877	1
0	26	0.898293011456	1
0	39	1.302699748899	1
0	45	1.442979497632	1
0	60	2.281963057724	1
0	71	3.976851901931	1
0	80	4.331152782965	1
0	85	4.403385516726	1
0	99	4.83525724539	1
0	107	5.001535249662	1
0	110	5.009896321962	1
0	130	6.483216348047	1
0	141	6.917548995043	1
0	152	8.054881797456	1
0	163	9.903471540669	1
0	166	9.966785513898	1
0	182	11.203368038366	1
0	193	12.636374685952	1
0	204	13.487355804356	1
0	215	14.300461223757	1
0	218	14.375285764811	1
0	232	14.849526199282	1
0	245	16.307744328285	1
0	256	17.308046795098	1
0	267	18.572940220557	1
0	278	19.148789010188	1
0	284	19.266066750093	1
0	299	20.133802891845	1
0	310	20.784180153602	1
0	321	21.509774177271	1
0	324	21.523226778697	1
0	340	23.804029392566	1
0	343	23.88471556387	1
0	359	26.791717847991	1
0	368	27.038935276986	1
0	381	28.017538140537	1
0	387	28.129254372486	1
0	390	28.145810469222	1
0	410	29.070678343142	1
0	421	30.722875602872	1
0	432	31.83129634229	1
0	441	32.175263457448	1
0	452	32.449918954673	1
0	460	32.586649099496	1
0	471	32.836182520195	1
0	479	32.984491639533	1
0	486	33.061453010132	1
0	503	34.358288520297	1
0	506	34.415285569262	1
0	511	34.524869148932	1
0	530	35.335626231059	1
0	541	36.304712744325	1
0	552	36.899560158932	1
0	563	37.328506804323	1
0	566	37.365741073916	1
0	582	38.35977558014	1
0	593	38.784574437318	1
0	596	38.814438221331	1
0	608	39.148293608002	1
0	622	39.779420099115	1
0	633	41.003848901752	1
0	642	41.383607130937	1
0	655	42.206060918678	1
0	666	43.687725978321	1
0	677	44.286677726958	1
0	680	44.333214924219	1
0	694	44.855697380708	1
0	707	45.314650178758	1
0	718	47.250310833399	1
0	729	47.656764193094	1
0	740	50.463456247209	1
0	751	51.201872333823	1
0	760	51.470043726204	1
0	773	51.901576651554	1
0	779	52.079853426578	1
0	792	52.441991298824	1
0	805	53.476644141508	1
0	814	53.806765126759	1
0	817	53.849538281296	1
0	821	53.878109409276	1
0	835	54.17290077756	1
0	845	54.314853994088	1
0	848	54.362040880439	1
0	865	54.782674597323	1
0	877	55.032751096519	1
0	880	55.057218655862	1
0	882	55.104657069305	1
0	884	55.108568609438	1
0	895	55.331428737599	1
0	923	57.005210114496	1
0	934	58.019944222541	1
0	945	58.755580177961	1
0	956	60.288345903502	1
0	967	63.177258094523	1
0	978	64.199844003627	1
0	989	64.612074493385	1
0	1000	65.148404143465	1
0	1011	66.275919595657	1
0	1022	66.898073988879	1
0	1025	66.931880327878	1
0	1037	67.223475412649	1
0	1051	68.108912050035	1
0	1057	68.22910072365	1
0	1066	68.427668667179	1
0	1080	68.8002020599	1
0	1093	71.256044160248	1
0	1104	72.113948379446	1
0	1115	72.825752068203	1
0	1118	72.867970912832	1
0	1134	76.182816857096	1
0	1137	76.196434960803	1
0	1147	76.447213851618	1
0	1163	77.404053952478	1
0	1174	78.41543937918	1
0	1183	78.647233531623	1
0	1189	78.804417429613	1
0	1206	79.589527252281	1
0	1217	81.551318515342	1
0	1228	82.413720557711	1
0	1237	82.678646157117	1
0	1250	84.434712298544	1
0	1261	84.887566447917	1
0	1270	85.219958998304	1
0	1283	86.048700862434	1
0	1292	86.337202933325	1
0	1303	86.639506168535	1
0	1316	87.707341114601	1
0	1322	87.819565018047	1
0	1337	88.759469297398	1
0	1340	88.795846440214	1
0	1356	89.483104996676	1
0	1367	90.166940669384	1
0	1378	91.249731100777	1
0	1381	91.276396165088	1
0	1397	91.944480882287	1
0	1403	92.112736890007	1
0	1418	94.164745126668	1
0	1427	94.562157986999	1
0	1438	94.826238082596	1
0	1449	95.04382288814	1
0	1462	95.915066921019	1
0	1473	96.763226607833	1
0	1484	98.708289201351	1
0	1493	98.917115808322	1
0	1504	99.181673956704	1
0	1507	99.24739328977	1
0	1525	99.862164532411	1
0	1536	102.230708946224	1
0	1545	102.526579990064	1
0	1548	102.587585402459	1
0	1564	102.989963101511	1
0	1575	103.213004381203	1
0	1578	103.263680784289	1
0	1583	103.339810198266	1
0	1585	103.352506579406	1
0	1594	103.450202174548	1
0	1618	104.376879130453	1
0	1631	104.99103219742	1
0	1640	105.382895289952	1
0	1651	105.703436258488	1
0	1664	106.337231688993	1
0	1673	106.700694748858	1
0	1686	107.576171424336	1
0	1697	108.09373695868	1
0	1706	108.446313468673	1
0	1717	108.773701201999	1
0	1728	109.071570877569	1
0	1739	109.413800862355	1
0	1747	109.534154960317	1
0	1762	111.209502653301	1
0	1773	112.236021598624	1
0	1784	113.112660154353	1
0	1795	114.276150727824	1
0	1804	114.526076198885	1
0	1817	115.387365210057	1
0	1820	115.40330021792	1
0	1836	116.756470812917	1
0	1847	118.041412726098	1
0	1858	118.720197628507	1
0	1864	118.913949173697	1
0	1879	119.688063612362	1
0	1890	120.158901873904	1
0	1896	120.298296985832	1
0	1905	120.440344515053	1
0	1921	121.388976597355	1
0	1932	121.856800907985	1
0	1941	122.121084461314	1
0	1944	122.145539450412	1
0	1958	122.520056995118	1
0	1972	123.106657046335	1
0	1981	123.35625864299	1
0	1984	123.429972056867	1
0	2002	123.975972350799	1
0	2008	124.128607856571	1
0	2023	124.827339010939	1
0	2034	126.106830909157	1
0	2045	126.663868682571	1
0	2056	127.471696307182	1
0	2065	127.720646400946	1
0	2073	127.912543432224	1
0	2082	128.072381586932	1
0	2098	128.911853658128	1
0	2109	130.123410512282	1
0	2120	131.713016067576	1
0	2129	131.946867959069	1
0	2142	133.307313189783	1
0	2151	133.682133192368	1
0	2164	134.754101234494	1
0	2167	134.816414382171	1
0	2172	134.932239975028	1
0	2187	135.164988554621	1
0	2197	135.446375182366	1
0	2200	135.504609237927	1
0	2207	135.621444074611	1
0	2221	135.895196489972	1
0	2229	135.995941800742	1
0	2247	136.798995341035	1
0	2250	136.848525762591	1
0	2266	139.220010898849	1
0	2275	139.588744913958	1
0	2288	140.226673765359	1
0	2299	140.708559754769	1
0	2308	140.912501902661	1
0	2319	141.149113261935	1
0	2332	141.844077812343	1
0	2343	143.521151519512	1
0	2354	144.162162672851	1
0	2365	145.070608036298	1
0	2376	146.205965176537	1
0	2385	146.441727760414	1
0	2398	146.937621316704	1
0	2409	147.714598217017	1
0	2420	149.287914665461	1
0	2431	150.275448336545	1
0	2440	150.624501441306	1
0	2451	151.02384578122	1
0	2462	151.242853454521	1
0	2475	151.918136567642	1
0	2486	152.393874234947	1
0	2497	153.830417780829	1
0	2508	155.49236086311	1
0	2514	155.616438007301	1
0	2529	156.453009426464	1
0	2540	158.308440498786	1
0	2551	158.751120848172	1
0	2562	159.949655202322	1
0	2573	160.396954251108	1
0	2579	160.505779269927	1
0	2594	161.185794911943	1
0	2605	161.714924533279	1
0	2614	162.10088982044	1
0	2627	163.174268155396	1
0	2638	163.694222495583	1
0	2649	164.565705798924	1
0	2660	166.870943416909	1
0	2669	167.122857784048	1
0	2682	168.8741854321	1
0	2693	170.453769130898	1
0	2704	171.647737637417	1
0	2713	172.012506351295	1
0	2718	172.100825101157	1
0	2734	174.0844474242	1
0	2745	174.612965714026	1
0	2754	174.960518469624	1
0	2765	175.257165717789	1
0	2778	176.141229839554	1
0	2789	177.719492986191	1
0	2798	177.951499765042	1
0	2809	178.196166303505	1
0	2817	178.383589987635	1
0	2832	180.119260361614	1
0	2841	180.464768584633	1
0	2849	180.641739551376	1
0	2858	180.775575683786	1
0	2872	181.130086427393	1
0	2885	181.854555384121	1
0	2896	183.946217973896	1
0	2907	184.385046029956	1
0	2918	184.97334194301	1
0	2929	185.652374333848	1
0	2940	187.401157453018	1
0	2946	187.513539550279	1
0	2961	188.016660701401	1
0	2972	189.574298147846	1
0	2978	189.742530167581	1
0	2984	189.797317171744	1
0	3001	190.608610696202	1
0	3010	190.842237662472	1
0	3023	191.321451896284	1
0	3026	191.321563870075	1
0	3040	191.779263885971	1
0	3048	191.972422142767	1
0	3054	192.067805384379	1
0	3067	192.278041707959	1
0	3075	192.379805454371	1
0	3091	194.019954339392	1
0	3102	195.744816894894	1
0	3111	196.06108880969	1
0	3124	198.092267846925	1
0	3127	198.116224312097	1
1	2	0.129206927313	1
1	5	0.175195567897	1
1	7	0.187979365877	2
1	27	0.898293011456	1
1	40	1.302699748899	1
1	46	1.442979497632	1
1	61	2.281963057724	1
1	72	3.976851901931	1
1	81	4.331152782965	1
1	86	4.403385516726	1
1	100	4.83525724539	1
1	108	5.001535249662	1
1	111	5.009896321962	1
1	131	6.483216348047	1
1	142	6.917548995043	1
1	153	8.054881797456	1
1	164	9.903471540669	1
1	167	9.966785513898	1
1	183	11.203368038366	1
1	194	12.636374685952	1
1	205	13.487355804356	1
1	216	14.300461223757	1
1	219	14.375285764811	1
1	233	14.849526199282	1
1	246	16.307744328285	1
1	257	17.308046795098	1
1	268	18.572940220557	1
1	279	19.148789010188	1
1	285	19.266066750093	1
1	300	20.133802891845	1
1	311	20.784180153602	1
1	322	21.509774177271	1
1	325	21.523226778697	1
1	341	23.804029392566	1
1	344	23.88471556387	1
1	360	26.791717847991	1
1	369	27.038935276986	1
1	382	28.017538140537	1
1	388	28.129254372486	1
1	391	28.145810469222	1
1	411	29.070678343142	1
1	422	30.722875602872	1
1	433	31.83129634229	1
1	442	32.175263457448	1
1	453	32.449918954673	1
1	461	32.586649099496	1
1	472	32.836182520195	1
1	480	32.984491639533	1
1	487	33.061453010132	1
1	504	34.358288520297	1
1	507	34.415285569262	1
1	512	34.524869148932	1
1	531	35.335626231059	1
1	542	36.304712744325	1
1	553	36.899560158932	1
1	564	37.328506804323	1
1	567	37.365741073916	1
1	583	38.35977558014	1
1	594	38.784574437318	1
1	597	38.814438221331	1
1	609	39.148293608002	1
1	623	39.779420099115	1
1	634	41.003848901752	1
1	643	41.383607130937	1
1	656	42.206060918678	1
1	667	43.687725978321	1
1	678	44.286677726958	1
1	681	44.333214924219	1
1	695	44.855697380708	1
1	708	45.314650178758	1
1	719	47.250310833399	1
1	730	47.656764193094	1
1	741	50.463456247209	1
1	752	51.201872333823	1
1	761	51.470043726204	1
1	774	51.901576651554	1
1	780	52.079853426578	1
1	793	52.441991298824	1
1	806	53.476644141508	1
1	815	53.806765126759	1
1	818	53.849538281296	1
1	822	53.878109409276	2
1	836	54.17290077756	1
1	846	54.314853994088	1
1	849	54.362040880439	1
1	866	54.782674597323	1
1	878	55.032751096519	1
1	881	55.057218655862	1
1	883	55.104657069305	2
1	885	55.108568609438	3
1	896	55.331428737599	2
1	924	57.005210114496	1
1	935	58.019944222541	1
1	946	58.755580177961	1
1	957	60.288345903502	1
1	968	63.177258094523	1
1	979	64.199844003627	1
1	990	64.612074493385	1
1	1001	65.148404143465	1
1	1012	66.275919595657	1
1	1023	66.898073988879	1
1	1026	66.931880327878	1
1	1038	67.223475412649	1
1	1052	68.108912050035	1
1	1058	68.22910072365	1
1	1067	68.427668667179	1
1	1081	68.8002020599	1
1	1094	71.256044160248	1
1	1105	72.113948379446	1
1	1116	72.825752068203	1
1	1119	72.867970912832	1
1	1135	76.182816857096	1
1	1138	76.196434960803	1
1	1148	76.447213851618	1
1	1164	77.404053952478	1
1	1175	78.41543937918	1
1	1184	78.647233531623	1
1	1190	78.804417429613	1
1	1207	79.589527252281	1
1	1218	81.551318515342	1
1	1229	82.413720557711	1
1	1238	82.678646157117	1
1	1251	84.434712298544	1
1	1262	84.887566447917	1
1	1271	85.219958998304	1
1	1284	86.048700862434	1
1	1293	86.337202933325	1
1	1304	86.639506168535	1
1	1317	87.707341114601	1
1	1323	87.819565018047	1
1	1338	88.759469297398	1
1	1341	88.795846440214	1
1	1357	89.483104996676	1
1	1368	90.166940669384	1
1	1379	91.249731100777	1
1	1382	91.276396165088	1
1	1398	91.944480882287	1
1	1404	92.112736890007	1
1	1419	94.164745126668	1
1	1428	94.562157986999	1
1	1439	94.826238082596	1
1	1450	95.04382288814	1
1	1463	95.915066921019	1
1	1474	96.763226607833	1
1	1485	98.708289201351	1
1	1494	98.917115808322	1
1	1505	99.181673956704	1
1	1508	99.24739328977	1
1	1526	99.862164532411	1
1	1537	102.230708946224	1
1	1546	102.526579990064	1
1	1549	102.587585402459	1
1	1565	102.989963101511	1
1	1576	103.213004381203	1
1	1579	103.263680784289	1
1	1584	103.339810198266	1
1	1586	103.352506579406	2
1	1595	103.450202174548	2
1	1619	104.376879130453	1
1	1632	104.99103219742	1
1	1641	105.382895289952	1
1	1652	105.703436258488	1
1	1665	106.337231688993	1
1	1674	106.700694748858	1
1	1687	107.576171424336	1
1	1698	108.09373695868	1
1	1707	108.446313468673	1
1	1718	108.773701201999	1
1	1729	109.071570877569	1
1	1740	109.413800862355	1
1	1748	109.534154960317	1
1	1763	111.209502653301	1
1	1774	112.236021598624	1
1	1785	113.112660154353	1
1	1796	114.276150727824	1
1	1805	114.526076198885	1
1	1818	115.387365210057	1
1	1821	115.40330021792	1
1	1837	116.756470812917	1
1	1848	118.041412726098	1
1	1859	118.720197628507	1
1	1865	118.913949173697	1
1	1880	119.688063612362	1
1	1891	120.158901873904	1
1	1897	120.298296985832	1
1	1906	120.440344515053	1
1	1922	121.388976597355	1
1	1933	121.856800907985	1
1	1942	122.121084461314	1
1	1945	122.145539450412	1
1	1959	122.520056995118	1
1	1973	123.106657046335	1
1	1982	123.35625864299	1
1	1985	123.429972056867	1
1	2003	123.975972350799	1
1	2009	124.128607856571	1
1	2024	124.827339010939	1
1	2035	126.106830909157	1
1	2046	126.663868682571	1
1	2057	127.471696307182	1
1	2066	127.720646400946	1
1	2074	127.912543432224	1
1	2083	128.072381586932	1
1	2099	128.911853658128	1
1	2110	130.123410512282	1
1	2121	131.713016067576	1
1	2130	131.946867959069	1
1	2143	133.307313189783	1
1	2152	133.682133192368	1
1	2165	134.754101234494	1
1	2168	134.816414382171	1
1	2173	134.932239975028	1
1	2188	135.164988554621	1
1	2198	135.446375182366	1
1	2201	135.504609237927	1
1	2208	135.621444074611	1
1	2222	135.895196489972	1
1	2230	135.995941800742	1
1	2248	136.798995341035	1
1	2251	136.848525762591	1
1	2267	139.220010898849	1
1	2276	139.588744913958	1
1	2289	140.226673765359	1
1	2300	140.708559754769	1
1	2309	140.912501902661	1
1	2320	141.149113261935	1
1	2333	141.844077812343	1
1	2344	143.521151519512	1
1	2355	144.162162672851	1
1	2366	145.070608036298	1
1	2377	146.205965176537	1
1	2386	146.441727760414	1
1	2399	146.937621316704	1
1	2410	147.714598217017	1
1	2421	149.287914665461	1
1	2432	150.275448336545	1
1	2441	150.624501441306	1
1	2452	151.02384578122	1
1	2463	151.242853454521	1
1	2476	151.918136567642	1
1	2487	152.393874234947	1
1	2498	153.830417780829	1
1	2509	155.49236086311	1
1	2515	155.616438007301	1
1	2530	156.453009426464	1
1	2541	158.308440498786	1
1	2552	158.751120848172	1
1	2563	159.949655202322	1
1	2574	160.396954251108	1
1	2580	160.505779269927	1
1	2595	161.185794911943	1
1	2606	161.714924533279	1
1	2615	162.10088982044	1
1	2628	163.174268155396	1
1	2639	163.694222495583	1
1	2650	164.565705798924	1
1	2661	166.870943416909	1
1	2670	167.122857784048	1
1	2683	168.8741854321	1
1	2694	170.453769130898	1
1	2705	171.647737637417	1
1	2714	172.012506351295	1
1	2719	172.100825101157	1
1	2735	174.0844474242	1
1	2746	174.612965714026	1
1	2755	174.960518469624	1
1	2766	175.257165717789	1
1	2779	176.141229839554	1
1	2790	177.719492986191	1
1	2799	177.951499765042	1
1	2810	178.196166303505	1
1	2818	178.383589987635	1
1	2833	180.119260361614	1
1	2842	180.464768584633	1
1	2850	180.641739551376	1
1	2859	180.775575683786	1
1	2873	181.130086427393	1
1	2886	181.854555384121	1
1	2897	183.946217973896	1
1	2908	184.385046029956	1
1	2919	184.97334194301	1
1	2930	185.652374333848	1
1	2941	187.401157453018	1
1	2947	187.513539550279	1
1	2962	188.016660701401	1
1	2973	189.574298147846	1
1	2979	189.742530167581	1
1	2985	189.797317171744	1
1	3002	190.608610696202	1
1	3011	190.842237662472	1
1	3024	191.321451896284	1
1	3027	191.321563870075	1
1	3041	191.779263885971	1
1	3049	191.972422142767	1
1	3055	192.067805384379	1
1	3068	192.278041707959	1
1	3076	192.379805454371	1
1	3092	194.019954339392	1
1	3103	195.744816894894	1
1	3112	196.06108880969	1
1	3125	198.092267846925	1
1	3128	198.116224312097	1
2	9	0.229306927313	1
2	12	0.329306927313	1
2	17	0.429306927313	1
2	32	0.998393011456	1
2	43	1.402799748899	1
2	52	1.543079497632	1
2	64	2.382063057724	1
2	75	4.076951901931	1
2	88	4.431252782965	1
2	91	4.531252782965	1
2	105	4.93535724539	1
2	116	5.101635249662	1
2	119	5.201635249662	1
2	134	6.583316348047	1
2	145	7.017648995043	1
2	156	8.154981797456	1
2	169	10.003571540669	1
2	172	10.103571540669	1
2	186	11.303468038366	1
2	197	12.736474685952	1
2	208	13.587455804356	1
2	221	14.400561223757	1
2	224	14.500561223757	1
2	238	14.949626199282	1
2	249	16.407844328285	1
2	260	17.408146795098	1
2	271	18.673040220557	1
2	282	19.248889010188	1
2	291	19.366166750093	1
2	303	20.233902891845	1
2	314	20.884280153602	1
2	327	21.609874177271	1
2	330	21.709874177271	1
2	346	23.904129392566	1
2	349	24.004129392566	1
2	363	26.891817847991	1
2	372	27.139035276986	1
2	385	28.117638140537	1
2	396	28.229354372486	1
2	399	28.329354372486	1
2	414	29.170778343142	1
2	425	30.822975602872	1
2	436	31.93139634229	1
2	447	32.275363457448	1
2	456	32.550018954673	1
2	467	32.686749099496	1
2	477	32.936282520195	1
2	489	33.084591639533	1
2	492	33.184591639533	1
2	509	34.458388520297	1
2	514	34.558388520297	1
2	519	34.658388520297	1
2	534	35.435726231059	1
2	545	36.404812744325	1
2	556	36.999660158932	1
2	569	37.428606804323	1
2	572	37.528606804323	1
2	586	38.45987558014	1
2	599	38.884674437318	1
2	602	38.984674437318	1
2	614	39.248393608002	1
2	626	39.879520099115	1
2	637	41.103948901752	1
2	648	41.483707130937	1
2	659	42.306160918678	1
2	670	43.787825978321	1
2	683	44.386777726958	1
2	686	44.486777726958	1
2	700	44.955797380708	1
2	711	45.414750178758	1
2	722	47.350410833399	1
2	733	47.756864193094	1
2	744	50.563556247209	1
2	755	51.301972333823	1
2	764	51.570143726204	1
2	777	52.001676651554	1
2	786	52.179953426578	1
2	798	52.542091298824	1
2	809	53.576744141508	1
2	824	53.906865126759	1
2	827	54.006865126759	1
2	832	54.106865126759	1
2	843	54.27300077756	1
2	855	54.414953994088	1
2	858	54.514953994088	1
2	871	54.882774597323	1
2	887	55.132851096519	1
2	892	55.232851096519	1
2	898	55.332851096519	1
2	904	55.432851096519	1
2	908	55.532851096519	1
2	927	57.105310114496	1
2	938	58.120044222541	1
2	949	58.855680177961	1
2	960	60.388445903502	1
2	971	63.277358094523	1
2	982	64.299944003627	1
2	993	64.712174493385	1
2	1004	65.248504143465	1
2	1015	66.376019595657	1
2	1028	66.998173988879	1
2	1031	67.098173988879	1
2	1043	67.323575412649	1
2	1055	68.209012050035	1
2	1064	68.32920072365	1
2	1074	68.527768667179	1
2	1084	68.9003020599	1
2	1097	71.356144160248	1
2	1108	72.214048379446	1
2	1121	72.925852068203	1
2	1124	73.025852068203	1
2	1140	76.282916857096	1
2	1143	76.382916857096	1
2	1153	76.547313851618	1
2	1167	77.504153952478	1
2	1178	78.51553937918	1
2	1187	78.747333531623	1
2	1198	78.904517429613	1
2	1210	79.689627252281	1
2	1221	81.651418515342	1
2	1232	82.513820557711	1
2	1241	82.778746157117	1
2	1254	84.534812298544	1
2	1265	84.987666447917	1
2	1276	85.320058998304	1
2	1287	86.148800862434	1
2	1296	86.437302933325	1
2	1309	86.739606168535	1
2	1320	87.807441114601	1
2	1329	87.919665018047	1
2	1343	88.859569297398	1
2	1346	88.959569297398	1
2	1360	89.583204996676	1
2	1371	90.267040669384	1
2	1384	91.349831100777	1
2	1387	91.449831100777	1
2	1401	92.044580882287	1
2	1410	92.212836890007	1
2	1422	94.264845126668	1
2	1433	94.662257986999	1
2	1442	94.926338082596	1
2	1453	95.14392288814	1
2	1466	96.015166921019	1
2	1477	96.863326607833	1
2	1488	98.808389201351	1
2	1497	99.017215808322	1
2	1510	99.281773956704	1
2	1515	99.381773956704	1
2	1529	99.962264532411	1
2	1540	102.330808946224	1
2	1551	102.626679990064	1
2	1556	102.726679990064	1
2	1568	103.090063101511	1
2	1581	103.313104381203	1
2	1590	103.413104381203	1
2	1597	103.513104381203	1
2	1601	103.613104381203	1
2	1607	103.713104381203	1
2	1624	104.476979130453	1
2	1635	105.09113219742	1
2	1646	105.482995289952	1
2	1657	105.803536258488	1
2	1668	106.437331688993	1
2	1679	106.800794748858	1
2	1690	107.676271424336	1
2	1701	108.19383695868	1
2	1712	108.546413468673	1
2	1723	108.873801201999	1
2	1732	109.171670877569	1
2	1745	109.513900862355	1
2	1754	109.634254960317	1
2	1766	111.309602653301	1
2	1777	112.336121598624	1
2	1788	113.212760154353	1
2	1799	114.376250727824	1
2	1808	114.626176198885	1
2	1823	115.487465210057	1
2	1826	115.587465210057	1
2	1840	116.856570812917	1
2	1851	118.141512726098	1
2	1862	118.820297628507	1
2	1871	119.014049173697	1
2	1883	119.788163612362	1
2	1894	120.259001873904	1
2	1903	120.398396985832	1
2	1911	120.540444515053	1
2	1925	121.489076597355	1
2	1936	121.956900907985	1
2	1947	122.221184461314	1
2	1952	122.321184461314	1
2	1964	122.620156995118	1
2	1976	123.206757046335	1
2	1987	123.45635864299	1
2	1992	123.55635864299	1
2	2006	124.076072350799	1
2	2015	124.228707856571	1
2	2027	124.927439010939	1
2	2038	126.206930909157	1
2	2049	126.763968682571	1
2	2060	127.571796307182	1
2	2069	127.820746400946	1
2	2080	128.012643432224	1
2	2090	128.172481586932	1
2	2102	129.011953658128	1
2	2113	130.223510512282	1
2	2124	131.813116067576	1
2	2133	132.046967959069	1
2	2146	133.407413189783	1
2	2157	133.782233192368	1
2	2170	134.854201234494	1
2	2175	134.954201234494	1
2	2180	135.054201234494	1
2	2191	135.265088554621	1
2	2203	135.546475182366	1
2	2210	135.646475182366	1
2	2214	135.746475182366	1
2	2227	135.995296489972	1
2	2235	136.096041800742	1
2	2253	136.899095341035	1
2	2256	136.999095341035	1
2	2270	139.320110898849	1
2	2281	139.688844913958	1
2	2292	140.326773765359	1
2	2303	140.808659754769	1
2	2312	141.012601902661	1
2	2323	141.249213261935	1
2	2336	141.944177812343	1
2	2347	143.621251519512	1
2	2358	144.262262672851	1
2	2369	145.170708036298	1
2	2380	146.306065176537	1
2	2389	146.541827760414	1
2	2402	147.037721316704	1
2	2413	147.814698217017	1
2	2424	149.388014665461	1
2	2435	150.375548336545	1
2	2446	150.724601441306	1
2	2457	151.12394578122	1
2	2466	151.342953454521	1
2	2479	152.018236567642	1
2	2490	152.493974234947	1
2	2501	153.930517780829	1
2	2512	155.59246086311	1
2	2521	155.716538007301	1
2	2533	156.553109426464	1
2	2544	158.408540498786	1
2	2555	158.851220848172	1
2	2566	160.049755202322	1
2	2577	160.497054251108	1
2	2586	160.605879269927	1
2	2598	161.285894911943	1
2	2609	161.815024533279	1
2	2620	162.20098982044	1
2	2631	163.274368155396	1
2	2642	163.794322495583	1
2	2653	164.665805798924	1
2	2664	166.971043416909	1
2	2673	167.222957784048	1
2	2686	168.9742854321	1
2	2697	170.553869130898	1
2	2708	171.747837637417	1
2	2721	172.112606351295	1
2	2724	172.212606351295	1
2	2738	174.1845474242	1
2	2749	174.713065714026	1
2	2760	175.060618469624	1
2	2769	175.357265717789	1
2	2782	176.241329839554	1
2	2793	177.819592986191	1
2	2802	178.051599765042	1
2	2813	178.296266303505	1
2	2824	178.483689987635	1
2	2836	180.219360361614	1
2	2847	180.564868584633	1
2	2856	180.741839551376	1
2	2866	180.875675683786	1
2	2876	181.230186427393	1
2	2889	181.954655384121	1
2	2900	184.046317973896	1
2	2911	184.485146029956	1
2	2922	185.07344194301	1
2	2933	185.752474333848	1
2	2944	187.501257453018	1
2	2953	187.613639550279	1
2	2965	188.116760701401	1
2	2976	189.674398147846	1
2	2987	189.842630167581	1
2	2990	189.942630167581	1
2	3005	190.708710696202	1
2	3014	190.942337662472	1
2	3029	191.421551896284	1
2	3032	191.521551896284	1
2	3044	191.879363885971	1
2	3057	192.072522142767	1
2	3060	192.172522142767	1
2	3071	192.378141707959	1
2	3081	192.479905454371	1
2	3095	194.120054339392	1
2	3106	195.844916894894	1
2	3117	196.16118880969	1
2	3130	198.192367846925	1
2	3133	198.292367846925	1
3	14	0.329406927313	1
3	19	0.429406927313	1
3	23	0.529406927313	1
3	35	1.098493011456	1
3	49	1.502899748899	1
3	55	1.643179497632	1
3	67	2.482163057724	1
3	78	4.177051901931	1
3	93	4.531352782965	1
3	96	4.631352782965	1
3	113	5.03545724539	1
3	121	5.201735249662	1
3	125	5.301735249662	1
3	137	6.683416348047	1
3	148	7.117748995043	1
3	159	8.255081797456	1
3	174	10.103671540669	1
3	177	10.203671540669	1
3	189	11.403568038366	1
3	200	12.836574685952	1
3	211	13.687555804356	1
3	226	14.500661223757	1
3	229	14.600661223757	1
3	241	15.049726199282	1
3	252	16.507944328285	1
3	263	17.508246795098	1
3	274	18.773140220557	1
3	288	19.348989010188	1
3	294	19.466266750093	1
3	306	20.334002891845	1
3	317	20.984380153602	1
3	332	21.709974177271	1
3	335	21.809974177271	1
3	351	24.004229392566	1
3	354	24.104229392566	1
3	366	26.991917847991	1
3	377	27.239135276986	1
3	393	28.217738140537	1
3	401	28.329454372486	1
3	405	28.429454372486	1
3	417	29.270878343142	1
3	428	30.923075602872	1
3	439	32.03149634229	1
3	450	32.375463457448	1
3	464	32.650118954673	1
3	470	32.786849099496	1
3	483	33.036382520195	1
3	494	33.184691639533	1
3	498	33.284691639533	1
3	516	34.558488520297	1
3	521	34.658488520297	1
3	525	34.758488520297	1
3	537	35.535826231059	1
3	548	36.504912744325	1
3	559	37.099760158932	1
3	574	37.528706804323	1
3	577	37.628706804323	1
3	589	38.55997558014	1
3	604	38.984774437318	1
3	607	39.084774437318	1
3	617	39.348493608002	1
3	629	39.979620099115	1
3	640	41.204048901752	1
3	651	41.583807130937	1
3	662	42.406260918678	1
3	673	43.887925978321	1
3	688	44.486877726958	1
3	691	44.586877726958	1
3	703	45.055897380708	1
3	714	45.514850178758	1
3	725	47.450510833399	1
3	736	47.856964193094	1
3	747	50.663656247209	1
3	758	51.402072333823	1
3	769	51.670243726204	1
3	783	52.101776651554	1
3	789	52.280053426578	1
3	801	52.642191298824	1
3	812	53.676844141508	1
3	829	54.006965126759	1
3	834	54.106965126759	1
3	841	54.206965126759	1
3	851	54.37310077756	2
3	860	54.515053994088	2
3	864	54.615053994088	2
3	874	54.982874597323	2
3	894	55.232951096519	1
3	900	55.332951096519	2
3	906	55.432951096519	2
3	910	55.532951096519	3
3	914	55.632951096519	3
3	930	57.205410114496	1
3	941	58.220144222541	1
3	952	58.955780177961	1
3	963	60.488545903502	1
3	974	63.377458094523	1
3	985	64.400044003627	1
3	996	64.812274493385	1
3	1007	65.348604143465	1
3	1018	66.476119595657	1
3	1033	67.098273988879	1
3	1036	67.198273988879	1
3	1046	67.423675412649	1
3	1061	68.309112050035	1
3	1070	68.42930072365	1
3	1077	68.627868667179	1
3	1089	69.0004020599	1
3	1100	71.456244160248	1
3	1111	72.314148379446	1
3	1126	73.025952068203	1
3	1129	73.125952068203	1
3	1145	76.383016857096	1
3	1151	76.483016857096	1
3	1158	76.647413851618	1
3	1170	77.604253952478	1
3	1181	78.61563937918	1
3	1195	78.847433531623	1
3	1201	79.004617429613	1
3	1213	79.789727252281	1
3	1224	81.751518515342	1
3	1235	82.613920557711	1
3	1246	82.878846157117	1
3	1257	84.634912298544	1
3	1268	85.087766447917	1
3	1279	85.420158998304	1
3	1290	86.248900862434	1
3	1301	86.537402933325	1
3	1312	86.839706168535	1
3	1326	87.907541114601	1
3	1332	88.019765018047	1
3	1348	88.959669297398	1
3	1351	89.059669297398	1
3	1363	89.683304996676	1
3	1374	90.367140669384	1
3	1389	91.449931100777	1
3	1392	91.549931100777	1
3	1407	92.144680882287	1
3	1413	92.312936890007	1
3	1425	94.364945126668	1
3	1436	94.762357986999	1
3	1447	95.026438082596	1
3	1458	95.24402288814	1
3	1469	96.115266921019	1
3	1480	96.963426607833	1
3	1491	98.908489201351	1
3	1502	99.117315808322	1
3	1517	99.381873956704	1
3	1520	99.481873956704	1
3	1532	100.062364532411	1
3	1543	102.430908946224	1
3	1558	102.726779990064	1
3	1561	102.826779990064	1
3	1573	103.190163101511	1
3	1592	103.413204381203	1
3	1599	103.513204381203	1
3	1605	103.613204381203	1
3	1609	103.713204381203	2
3	1613	103.813204381203	2
3	1627	104.577079130453	1
3	1638	105.19123219742	1
3	1649	105.583095289952	1
3	1660	105.903636258488	1
3	1671	106.537431688993	1
3	1682	106.900894748858	1
3	1693	107.776371424336	1
3	1704	108.29393695868	1
3	1715	108.646513468673	1
3	1726	108.973901201999	1
3	1737	109.271770877569	1
3	1751	109.614000862355	1
3	1757	109.734354960317	1
3	1769	111.409702653301	1
3	1780	112.436221598624	1
3	1791	113.312860154353	1
3	1802	114.476350727824	1
3	1813	114.726276198885	1
3	1828	115.587565210057	1
3	1831	115.687565210057	1
3	1843	116.956670812917	1
3	1854	118.241612726098	1
3	1868	118.920397628507	1
3	1874	119.114149173697	1
3	1886	119.888263612362	1
3	1900	120.359101873904	1
3	1909	120.498496985832	1
3	1916	120.640544515053	1
3	1928	121.589176597355	1
3	1939	122.057000907985	1
3	1954	122.321284461314	1
3	1957	122.421284461314	1
3	1967	122.720256995118	1
3	1979	123.306857046335	1
3	1994	123.55645864299	1
3	1997	123.65645864299	1
3	2012	124.176172350799	1
3	2018	124.328807856571	1
3	2030	125.027539010939	1
3	2041	126.307030909157	1
3	2052	126.864068682571	1
3	2063	127.671896307182	1
3	2077	127.920846400946	1
3	2086	128.112743432224	1
3	2093	128.272581586932	1
3	2105	129.112053658128	1
3	2116	130.323610512282	1
3	2127	131.913216067576	1
3	2138	132.147067959069	1
3	2149	133.507513189783	1
3	2160	133.882333192368	1
3	2177	134.954301234494	1
3	2182	135.054301234494	1
3	2186	135.154301234494	1
3	2196	135.365188554621	1
3	2212	135.646575182366	1
3	2216	135.746575182366	2
3	2220	135.846575182366	2
3	2233	136.095396489972	2
3	2240	136.196141800742	2
3	2258	136.999195341035	1
3	2261	137.099195341035	1
3	2273	139.420210898849	1
3	2284	139.788944913958	1
3	2295	140.426873765359	1
3	2306	140.908759754769	1
3	2317	141.112701902661	1
3	2328	141.349313261935	1
3	2339	142.044277812343	1
3	2350	143.721351519512	1
3	2361	144.362362672851	1
3	2372	145.270808036298	1
3	2383	146.406165176537	1
3	2394	146.641927760414	1
3	2405	147.137821316704	1
3	2416	147.914798217017	1
3	2427	149.488114665461	1
3	2438	150.475648336545	1
3	2449	150.824701441306	1
3	2460	151.22404578122	1
3	2471	151.443053454521	1
3	2482	152.118336567642	1
3	2493	152.594074234947	1
3	2504	154.030617780829	1
3	2518	155.69256086311	1
3	2524	155.816638007301	1
3	2536	156.653209426464	1
3	2547	158.508640498786	1
3	2558	158.951320848172	1
3	2569	160.149855202322	1
3	2583	160.597154251108	1
3	2589	160.705979269927	1
3	2601	161.385994911943	1
3	2612	161.915124533279	1
3	2623	162.30108982044	1
3	2634	163.374468155396	1
3	2645	163.894422495583	1
3	2656	164.765905798924	1
3	2667	167.071143416909	1
3	2678	167.323057784048	1
3	2689	169.0743854321	1
3	2700	170.653969130898	1
3	2711	171.847937637417	1
3	2726	172.212706351295	1
3	2729	172.312706351295	1
3	2741	174.2846474242	1
3	2752	174.813165714026	1
3	2763	175.160718469624	1
3	2774	175.457365717789	1
3	2785	176.341429839554	1
3	2796	177.919692986191	1
3	2807	178.151699765042	1
3	2821	178.396366303505	1
3	2827	178.583789987635	1
3	2839	180.319460361614	1
3	2853	180.664968584633	1
3	2862	180.841939551376	1
3	2869	180.975775683786	1
3	2881	181.330286427393	1
3	2892	182.054755384121	1
3	2903	184.146417973896	1
3	2914	184.585246029956	1
3	2925	185.17354194301	1
3	2936	185.852574333848	1
3	2950	187.601357453018	1
3	2956	187.713739550279	1
3	2968	188.216860701401	1
3	2982	189.774498147846	1
3	2992	189.942730167581	1
3	2996	190.042730167581	1
3	3008	190.808810696202	1
3	3019	191.042437662472	1
3	3034	191.521651896284	1
3	3037	191.621651896284	1
3	3052	191.979463885971	1
3	3062	192.172622142767	1
3	3066	192.272622142767	1
3	3079	192.478241707959	1
3	3086	192.580005454371	1
3	3098	194.220154339392	1
3	3109	195.945016894894	1
3	3120	196.26128880969	1
3	3135	198.292467846925	1
3	3138	198.392467846925	1
4	21	0.529406927313	0.4002
4	24	0.729406927313	0.554211359416
4	29	0.929406927313	0.741427561436
4	37	1.298493011456	0.4002
4	56	1.702899748899	0.4002
4	58	1.902899748899	0.459920251267
4	69	2.682163057724	0.4002
4	83	4.377051901931	0.4002
4	97	4.731352782965	0.4002
4	102	4.931352782965	0.527967266239
4	122	5.23545724539	0.4002
4	126	5.43545724539	0.433921995728
4	128	5.63545724539	0.625560923428
4	139	6.883416348047	0.4002
4	150	7.317748995043	0.4002
4	161	8.455081797456	0.4002
4	178	10.303671540669	0.4002
4	180	10.503671540669	0.536886026771
4	191	11.603568038366	0.4002
4	202	13.036574685952	0.4002
4	213	13.887555804356	0.4002
4	230	14.700661223757	0.4002
4	235	14.900661223757	0.525375458946
4	243	15.249726199282	0.4002
4	254	16.707944328285	0.4002
4	265	17.708246795098	0.4002
4	276	18.973140220557	0.4002
4	295	19.548989010188	0.4002
4	297	19.748989010188	0.482922260095
4	308	20.534002891845	0.4002
4	319	21.184380153602	0.4002
4	336	21.909974177271	0.4002
4	338	22.109974177271	0.586747398574
4	355	24.204229392566	0.4002
4	357	24.404229392566	0.519513828696
4	374	27.191917847991	0.4002
4	379	27.439135276986	0.4002
4	402	28.417738140537	0.4002
4	406	28.617738140537	0.488483768051
4	408	28.817738140537	0.671927671315
4	419	29.470878343142	0.4002
4	430	31.123075602872	0.4002
4	444	32.23149634229	0.4002
4	458	32.575463457448	0.4002
4	474	32.850118954673	0.4002
4	484	33.050118954673	0.463469855177
4	495	33.250118954673	0.413936434478
4	499	33.450118954673	0.46562731514
4	501	33.650118954673	0.588665944541
4	523	34.758488520297	0.4002
4	526	34.958488520297	0.543202951035
4	528	35.158488520297	0.633619371365
4	539	35.735826231059	0.4002
4	550	36.704912744325	0.4002
4	561	37.299760158932	0.4002
4	578	37.728706804323	0.4002
4	580	37.928706804323	0.562965730407
4	591	38.75997558014	0.4002
4	611	39.184774437318	0.4002
4	618	39.384774437318	0.570336215987
4	620	39.584774437318	0.436480829316
4	631	40.179620099115	0.4002
4	645	41.404048901752	0.4002
4	653	41.783807130937	0.4002
4	664	42.606260918678	0.4002
4	675	44.087925978321	0.4002
4	692	44.686877726958	0.4002
4	697	44.886877726958	0.553662802739
4	705	45.255897380708	0.4002
4	716	45.714850178758	0.4002
4	727	47.650510833399	0.4002
4	738	48.056964193094	0.4002
4	749	50.863656247209	0.4002
4	766	51.602072333823	0.4002
4	771	51.870243726204	0.4002
4	790	52.301776651554	0.4002
4	795	52.501776651554	0.421923224976
4	803	52.842191298824	0.4002
4	819	53.876844141508	0.4002
4	839	54.206965126759	0.4002
4	852	54.406965126759	0.557426845463
4	861	54.606965126759	0.728855717483
4	868	54.806965126759	0.634064349199
4	875	55.006965126759	0.692111132671
4	889	55.206965126759	0.84492424632
4	901	55.406965126759	0.624290529436
4	911	55.606965126759	0.57421403024
4	915	55.806965126759	0.749746470897
4	917	56.006965126759	0.902308057454
4	919	56.206965126759	1.098396517321
4	921	56.406965126759	1.07553638916
4	932	57.405410114496	0.4002
4	943	58.420144222541	0.4002
4	954	59.155780177961	0.4002
4	965	60.688545903502	0.4002
4	976	63.577458094523	0.4002
4	987	64.600044003627	0.4002
4	998	65.012274493385	0.4002
4	1009	65.548604143465	0.4002
4	1020	66.676119595657	0.4002
4	1040	67.298273988879	0.4002
4	1047	67.498273988879	0.566393661001
4	1049	67.698273988879	0.47479857623
4	1071	68.509112050035	0.4002
4	1078	68.709112050035	0.480011326385
4	1086	68.909112050035	0.481443382856
4	1091	69.2004020599	0.4002
4	1102	71.656244160248	0.4002
4	1113	72.514148379446	0.4002
4	1130	73.225952068203	0.4002
4	1132	73.425952068203	0.557981155371
4	1155	76.583016857096	0.4002
4	1159	76.783016857096	0.586581896293
4	1161	76.983016857096	0.535803005478
4	1172	77.804253952478	0.4002
4	1192	78.81563937918	0.4002
4	1202	79.047433531623	0.4002
4	1204	79.247433531623	0.44301610201
4	1215	79.989727252281	0.4002
4	1226	81.951518515342	0.4002
4	1243	82.813920557711	0.4002
4	1248	83.078846157117	0.4002
4	1259	84.834912298544	0.4002
4	1273	85.287766447917	0.4002
4	1281	85.620158998304	0.4002
4	1298	86.448900862434	0.4002
4	1306	86.737402933325	0.4002
4	1314	87.039706168535	0.4002
4	1333	88.107541114601	0.4002
4	1335	88.307541114601	0.487976096554
4	1352	89.159669297398	0.4002
4	1354	89.359669297398	0.563822857184
4	1365	89.883304996676	0.4002
4	1376	90.567140669384	0.4002
4	1393	91.649931100777	0.4002
4	1395	91.849931100777	0.573534935689
4	1414	92.344680882287	0.4002
4	1416	92.544680882287	0.43194399228
4	1430	94.564945126668	0.4002
4	1444	94.962357986999	0.4002
4	1455	95.226438082596	0.4002
4	1460	95.44402288814	0.4002
4	1471	96.315266921019	0.4002
4	1482	97.163426607833	0.4002
4	1499	99.108489201351	0.4002
4	1512	99.317315808322	0.4002
4	1521	99.581873956704	0.4002
4	1523	99.781873956704	0.534480666934
4	1534	100.262364532411	0.4002
4	1553	102.630908946224	0.4002
4	1562	102.926779990064	0.4002
4	1570	103.126779990064	0.539194587605
4	1587	103.390163101511	0.4002
4	1603	103.613204381203	0.4002
4	1611	103.813204381203	0.549523596914
4	1614	104.013204381203	0.673394182937
4	1616	104.213204381203	0.860697801797
4	1621	104.413204381203	0.963002206655
4	1629	104.777079130453	0.4002
4	1643	105.39123219742	0.4002
4	1654	105.783095289952	0.4002
4	1662	106.103636258488	0.4002
4	1676	106.737431688993	0.4002
4	1684	107.100894748858	0.4002
4	1695	107.976371424336	0.4002
4	1709	108.49393695868	0.4002
4	1720	108.846513468673	0.4002
4	1734	109.173901201999	0.4002
4	1742	109.471770877569	0.4002
4	1758	109.814000862355	0.4002
4	1760	110.014000862355	0.479845902038
4	1771	111.609702653301	0.4002
4	1782	112.636221598624	0.4002
4	1793	113.512860154353	0.4002
4	1810	114.676350727824	0.4002
4	1815	114.926276198885	0.4002
4	1832	115.787565210057	0.4002
4	1834	115.987565210057	0.584264992137
4	1845	117.156670812917	0.4002
4	1856	118.441612726098	0.4002
4	1875	119.120397628507	0.4002
4	1877	119.320397628507	0.40644845481
4	1888	120.088263612362	0.4002
4	1913	120.559101873904	0.4002
4	1917	120.759101873904	0.460804888072
4	1919	120.959101873904	0.518757358851
4	1930	121.789176597355	0.4002
4	1949	122.257000907985	0.4002
4	1961	122.521284461314	0.4002
4	1968	122.721284461314	0.575745010902
4	1970	122.921284461314	0.401227466196
4	1989	123.506857046335	0.4002
4	1998	123.75645864299	0.4002
4	2000	123.95645864299	0.526486586123
4	2019	124.376172350799	0.4002
4	2021	124.576172350799	0.447564494228
4	2032	125.227539010939	0.4002
4	2043	126.507030909157	0.4002
4	2054	127.064068682571	0.4002
4	2071	127.871896307182	0.4002
4	2087	128.120846400946	0.4002
4	2094	128.320846400946	0.408302968722
4	2096	128.520846400946	0.448464814014
4	2107	129.312053658128	0.4002
4	2118	130.523610512282	0.4002
4	2135	132.113216067576	0.4002
4	2140	132.347067959069	0.4002
4	2154	133.707513189783	0.4002
4	2162	134.082333192368	0.4002
4	2184	135.154301234494	0.4002
4	2193	135.354301234494	0.537886852323
4	2205	135.554301234494	0.622061259466
4	2217	135.754301234494	0.589312679873
4	2224	135.954301234494	0.507926052128
4	2237	136.154301234494	0.649691996567
4	2241	136.354301234494	0.732857159883
4	2243	136.554301234494	0.659104744522
4	2245	136.754301234494	0.758359433752
4	2262	137.199195341035	0.4002
4	2264	137.399195341035	0.550669578444
4	2278	139.620210898849	0.4002
4	2286	139.988944913958	0.4002
4	2297	140.626873765359	0.4002
4	2314	141.108759754769	0.4002
4	2325	141.312701902661	0.4002
4	2330	141.549313261935	0.4002
4	2341	142.244277812343	0.4002
4	2352	143.921351519512	0.4002
4	2363	144.562362672851	0.4002
4	2374	145.470808036298	0.4002
4	2391	146.606165176537	0.4002
4	2396	146.841927760414	0.4002
4	2407	147.337821316704	0.4002
4	2418	148.114798217017	0.4002
4	2429	149.688114665461	0.4002
4	2443	150.675648336545	0.4002
4	2454	151.024701441306	0.4002
4	2468	151.42404578122	0.4002
4	2473	151.643053454521	0.4002
4	2484	152.318336567642	0.4002
4	2495	152.794074234947	0.4002
4	2506	154.230617780829	0.4002
4	2525	155.89256086311	0.4002
4	2527	156.09256086311	0.476122855809
4	2538	156.853209426464	0.4002
4	2549	158.708640498786	0.4002
4	2560	159.151320848172	0.4002
4	2571	160.349855202322	0.4002
4	2590	160.797154251108	0.4002
4	2592	160.997154251108	0.491374981181
4	2603	161.585994911943	0.4002
4	2617	162.115124533279	0.4002
4	2625	162.50108982044	0.4002
4	2636	163.574468155396	0.4002
4	2647	164.094422495583	0.4002
4	2658	164.965905798924	0.4002
4	2675	167.271143416909	0.4002
4	2680	167.523057784048	0.4002
4	2691	169.2743854321	0.4002
4	2702	170.853969130898	0.4002
4	2716	172.047937637417	0.4002
4	2730	172.412706351295	0.4002
4	2732	172.612706351295	0.511881250138
4	2743	174.4846474242	0.4002
4	2757	175.013165714026	0.4002
4	2771	175.360718469624	0.4002
4	2776	175.657365717789	0.4002
4	2787	176.541429839554	0.4002
4	2804	178.119692986191	0.4002
4	2815	178.351699765042	0.4002
4	2828	178.596366303505	0.4002
4	2830	178.796366303505	0.41277631587
4	2844	180.519460361614	0.4002
4	2863	180.864968584633	0.4002
4	2870	181.064968584633	0.423229033257
4	2878	181.264968584633	0.489392900847
4	2883	181.530286427393	0.4002
4	2894	182.254755384121	0.4002
4	2905	184.346417973896	0.4002
4	2916	184.785246029956	0.4002
4	2927	185.37354194301	0.4002
4	2938	186.052574333848	0.4002
4	2957	187.801357453018	0.4002
4	2959	188.001357453018	0.487817902739
4	2970	188.416860701401	0.4002
4	2993	189.974498147846	0.4002
4	2997	190.174498147846	0.431967980265
4	2999	190.374498147846	0.577180976102
4	3016	191.008810696202	0.4002
4	3021	191.242437662472	0.4002
4	3038	191.721651896284	0.4002
4	3046	191.921651896284	0.600088026209
4	3063	192.179463885971	0.4002
4	3073	192.379463885971	0.407041743204
4	3083	192.579463885971	0.511658501592
4	3087	192.779463885971	0.501422178012
4	3089	192.979463885971	0.5996584316
4	3100	194.420154339392	0.4002
4	3114	196.145016894894	0.4002
4	3122	196.46128880969	0.4002
4	3139	198.492467846925	0.4002
4	3141	198.692467846925	0.576243534828
5	21	0.529406927313	1
5	24	0.729406927313	1
5	29	0.929406927313	1
5	37	1.298493011456	1
5	56	1.702899748899	1
5	58	1.902899748899	1
5	69	2.682163057724	1
5	83	4.377051901931	1
5	97	4.731352782965	1
5	102	4.931352782965	1
5	122	5.23545724539	1
5	126	5.43545724539	1
5	128	5.63545724539	1
5	139	6.883416348047	1
5	150	7.317748995043	1
5	161	8.455081797456	1
5	178	10.303671540669	1
5	180	10.503671540669	1
5	191	11.603568038366	1
5	202	13.036574685952	1
5	213	13.887555804356	1
5	230	14.700661223757	1
5	235	14.900661223757	1
5	243	15.249726199282	1
5	254	16.707944328285	1
5	265	17.708246795098	1
5	276	18.973140220557	1
5	295	19.548989010188	1
5	297	19.748989010188	1
5	308	20.534002891845	1
5	319	21.184380153602	1
5	336	21.909974177271	1
5	338	22.109974177271	1
5	355	24.204229392566	1
5	357	24.404229392566	1
5	374	27.191917847991	1
5	379	27.439135276986	1
5	402	28.417738140537	1
5	406	28.617738140537	1
5	408	28.817738140537	1
5	419	29.470878343142	1
5	430	31.123075602872	1
5	444	32.23149634229	1
5	458	32.575463457448	1
5	474	32.850118954673	1
5	484	33.050118954673	1
5	495	33.250118954673	1
5	499	33.450118954673	1
5	501	33.650118954673	1
5	523	34.758488520297	1
5	526	34.958488520297	1
5	528	35.158488520297	1
5	539	35.735826231059	1
5	550	36.704912744325	1
5	561	37.299760158932	1
5	578	37.728706804323	1
5	580	37.928706804323	1
5	591	38.75997558014	1
5	611	39.184774437318	1
5	618	39.384774437318	1
5	620	39.584774437318	1
5	631	40.179620099115	1
5	645	41.404048901752	1
5	653	41.783807130937	1
5	664	42.606260918678	1
5	675	44.087925978321	1
5	692	44.686877726958	1
5	697	44.886877726958	1
5	705	45.255897380708	1
5	716	45.714850178758	1
5	727	47.650510833399	1
5	738	48.056964193094	1
5	749	50.863656247209	1
5	766	51.602072333823	1
5	771	51.870243726204	1
5	790	52.301776651554	1
5	795	52.501776651554	1
5	803	52.842191298824	1
5	819	53.876844141508	1
5	839	54.206965126759	1
5	852	54.406965126759	1
5	861	54.606965126759	1
5	868	54.806965126759	1
5	875	55.006965126759	1
5	889	55.206965126759	1
5	901	55.406965126759	1
5	911	55.606965126759	1
5	915	55.806965126759	1
5	917	56.006965126759	1
5	919	56.206965126759	1
5	921	56.406965126759	1
5	932	57.405410114496	1
5	943	58.420144222541	1
5	954	59.155780177961	1
5	965	60.688545903502	1
5	976	63.577458094523	1
5	987	64.600044003627	1
5	998	65.012274493385	1
5	1009	65.548604143465	1
5	1020	66.676119595657	1
5	1040	67.298273988879	1
5	1047	67.498273988879	1
5	1049	67.698273988879	1
5	1071	68.509112050035	1
5	1078	68.709112050035	1
5	1086	68.909112050035	1
5	1091	69.2004020599	1
5	1102	71.656244160248	1
5	1113	72.514148379446	1
5	1130	73.225952068203	1
5	1132	73.425952068203	1
5	1155	76.583016857096	1
5	1159	76.783016857096	1
5	1161	76.983016857096	1
5	1172	77.804253952478	1
5	1192	78.81563937918	1
5	1202	79.047433531623	1
5	1204	79.247433531623	1
5	1215	79.989727252281	1
5	1226	81.951518515342	1
5	1243	82.813920557711	1
5	1248	83.078846157117	1
5	1259	84.834912298544	1
5	1273	85.287766447917	1
5	1281	85.620158998304	1
5	1298	86.448900862434	1
5	1306	86.737402933325	1
5	1314	87.039706168535	1
5	1333	88.107541114601	1
5	1335	88.307541114601	1
5	1352	89.159669297398	1
5	1354	89.359669297398	1
5	1365	89.883304996676	1
5	1376	90.567140669384	1
5	1393	91.649931100777	1
5	1395	91.849931100777	1
5	1414	92.344680882287	1
5	1416	92.544680882287	1
5	1430	94.564945126668	1
5	1444	94.962357986999	1
5	1455	95.226438082596	1
5	1460	95.44402288814	1
5	1471	96.315266921019	1
5	1482	97.163426607833	1
5	1499	99.108489201351	1
5	1512	99.317315808322	1
5	1521	99.581873956704	1
5	1523	99.781873956704	1
5	1534	100.262364532411	1
5	1553	102.630908946224	1
5	1562	102.926779990064	1
5	1570	103.126779990064	1
5	1587	103.390163101511	1
5	1603	103.613204381203	1
5	1611	103.813204381203	1
5	1614	104.013204381203	1
5	1616	104.213204381203	1
5	1621	104.413204381203	1
5	1629	104.777079130453	1
5	1643	105.39123219742	1
5	1654	105.783095289952	1
5	1662	106.103636258488	1
5	1676	106.737431688993	1
5	1684	107.100894748858	1
5	1695	107.976371424336	1
5	1709	108.49393695868	1
5	1720	108.846513468673	1
5	1734	109.173901201999	1
5	1742	109.471770877569	1
5	1758	109.814000862355	1
5	1760	110.014000862355	1
5	1771	111.609702653301	1
5	1782	112.636221598624	1
5	1793	113.512860154353	1
5	1810	114.676350727824	1
5	1815	114.926276198885	1
5	1832	115.787565210057	1
5	1834	115.987565210057	1
5	1845	117.156670812917	1
5	1856	118.441612726098	1
5	1875	119.120397628507	1
5	1877	119.320397628507	1
5	1888	120.088263612362	1
5	1913	120.559101873904	1
5	1917	120.759101873904	1
5	1919	120.959101873904	1
5	1930	121.789176597355	1
5	1949	122.257000907985	1
5	1961	122.521284461314	1
5	1968	122.721284461314	1
5	1970	122.921284461314	1
5	1989	123.506857046335	1
5	1998	123.75645864299	1
5	2000	123.95645864299	1
5	2019	124.376172350799	1
5	2021	124.576172350799	1
5	2032	125.227539010939	1
5	2043	126.507030909157	1
5	2054	127.064068682571	1
5	2071	127.871896307182	1
5	2087	128.120846400946	1
5	2094	128.320846400946	1
5	2096	128.520846400946	1
5	2107	129.312053658128	1
5	2118	130.523610512282	1
5	2135	132.113216067576	1
5	2140	132.347067959069	1
5	2154	133.707513189783	1
5	2162	134.082333192368	1
5	2184	135.154301234494	1
5	2193	135.354301234494	1
5	2205	135.554301234494	1
5	2217	135.754301234494	1
5	2224	135.954301234494	1
5	2237	136.154301234494	1
5	2241	136.354301234494	1
5	2243	136.554301234494	1
5	2245	136.754301234494	1
5	2262	137.199195341035	1
5	2264	137.399195341035	1
5	2278	139.620210898849	1
5	2286	139.988944913958	1
5	2297	140.626873765359	1
5	2314	141.108759754769	1
5	2325	141.312701902661	1
5	2330	141.549313261935	1
5	2341	142.244277812343	1
5	2352	143.921351519512	1
5	2363	144.562362672851	1
5	2374	145.470808036298	1
5	2391	146.606165176537	1
5	2396	146.841927760414	1
5	2407	147.337821316704	1
5	2418	148.114798217017	1
5	2429	149.688114665461	1
5	2443	150.675648336545	1
5	2454	151.024701441306	1
5	2468	151.42404578122	1
5	2473	151.643053454521	1
5	2484	152.318336567642	1
5	2495	152.794074234947	1
5	2506	154.230617780829	1
5	2525	155.89256086311	1
5	2527	156.09256086311	1
5	2538	156.853209426464	1
5	2549	158.708640498786	1
5	2560	159.151320848172	1
5	2571	160.349855202322	1
5	2590	160.797154251108	1
5	2592	160.997154251108	1
5	2603	161.585994911943	1
5	2617	162.115124533279	1
5	2625	162.50108982044	1
5	2636	163.574468155396	1
5	2647	164.094422495583	1
5	2658	164.965905798924	1
5	2675	167.271143416909	1
5	2680	167.523057784048	1
5	2691	169.2743854321	1
5	2702	170.853969130898	1
5	2716	172.047937637417	1
5	2730	172.412706351295	1
5	2732	172.612706351295	1
5	2743	174.4846474242	1
5	2757	175.013165714026	1
5	2771	175.360718469624	1
5	2776	175.657365717789	1
5	2787	176.541429839554	1
5	2804	178.119692986191	1
5	2815	178.351699765042	1
5	2828	178.596366303505	1
5	2830	178.796366303505	1
5	2844	180.519460361614	1
5	2863	180.864968584633	1
5	2870	181.064968584633	1
5	2878	181.264968584633	1
5	2883	181.530286427393	1
5	2894	182.254755384121	1
5	2905	184.346417973896	1
5	2916	184.785246029956	1
5	2927	185.37354194301	1
5	2938	186.052574333848	1
5	2957	187.801357453018	1
5	2959	188.001357453018	1
5	2970	188.416860701401	1
5	2993	189.974498147846	1
5	2997	190.174498147846	1
5	2999	190.374498147846	1
5	3016	191.008810696202	1
5	3021	191.242437662472	1
5	3038	191.721651896284	1
5	3046	191.921651896284	1
5	3063	192.179463885971	1
5	3073	192.379463885971	1
5	3083	192.579463885971	1
5	3087	192.779463885971	1
5	3089	192.979463885971	1
5	3100	194.420154339392	1
5	3114	196.145016894894	1
5	3122	196.46128880969	1
5	3139	198.492467846925	1
5	3141	198.692467846925	1

