version 3
run BaseVersion-8-20240511-20:45:07-11874
attr configname BaseVersion
attr datetime 20240511-20:45:07
attr datetimef 20240511-204507
attr experiment BaseVersion
attr inifile omnetpp.ini
attr iterationvars $genInterval=0.5
attr iterationvarsd genInterval=0.5
attr iterationvarsf genInterval=0.5-
attr measurement $genInterval=0.5
attr network Network
attr processid 11874
attr repetition 0
attr replication #0
attr resultdir results
attr runnumber 8
attr seedset 8
itervar genInterval 0.5
config network Network
config sim-time-limit 200s
config Network.nodeTx.gen.generationInterval exponential(0.5)
config Network.nodeTx.gen.packetByteSize 12500
config Network.nodeTx.queue.bufferSize 200
config Network.nodeRx.queue.bufferSize 200
config Network.queue.bufferSize 200

vector 0 Network.nodeTx.gen packetGen ETV
vector 1 Network.nodeTx.queue bufferSize ETV
vector 2 Network.queue bufferSize ETV
vector 3 Network.nodeRx.queue bufferSize ETV
vector 4 Network.nodeRx.sink Delay ETV
vector 5 Network.nodeRx.sink packetUsed ETV
0	1	1.033477525325	1
0	4	1.039065857794	1
0	20	2.76859561748	1
0	26	2.905445473251	1
0	41	3.922467516623	1
0	50	4.159486977546	1
0	61	4.537909405024	1
0	74	5.38557422983	1
0	80	5.518031398752	1
0	93	5.79242566381	1
0	96	5.798157797687	1
0	112	6.271575724019	1
0	123	6.553046595708	1
0	136	7.27939815991	1
0	145	7.536774288867	1
0	156	7.793793941382	1
0	167	8.163572431947	1
0	180	9.191781104633	1
0	189	9.517200370488	1
0	202	10.822016395572	1
0	213	11.227257588005	1
0	216	11.30647691584	1
0	230	11.698435375123	1
0	243	12.302974809507	1
0	254	13.018402254362	1
0	263	13.276051201545	1
0	276	13.899099323141	1
0	287	14.751704861739	1
0	298	15.23507875677	1
0	301	15.245834274718	1
0	311	15.523477164458	1
0	323	15.741036387436	1
0	331	15.911630577714	1
0	345	16.240640375117	1
0	358	18.062693612412	1
0	369	19.101678499412	1
0	378	19.304741697822	1
0	381	19.332398056982	1
0	386	19.455860776156	1
0	399	19.61132052575	1
0	402	19.645357382591	1
0	415	19.818113597066	1
0	435	21.851591427399	1
0	446	22.415900594769	1
0	449	22.484300795118	1
0	459	22.663079906348	1
0	469	22.857480367739	1
0	477	22.958356607091	1
0	480	22.995149116029	1
0	497	23.28526233928	1
0	503	23.412560061301	1
0	517	23.791125365414	1
0	529	24.041261873581	1
0	543	25.493330138225	1
0	554	26.625709959686	1
0	563	26.986100486044	1
0	574	27.198013007239	1
0	587	27.757784825573	1
0	598	29.849354394788	1
0	601	29.914242253335	1
0	603	29.928818702948	1
0	613	30.13103023123	1
0	625	30.347719326639	1
0	635	30.508135227503	1
0	647	30.747927022775	1
0	659	31.170313242344	1
0	673	31.892614348869	1
0	684	32.432196720347	1
0	695	33.829032724227	1
0	701	33.994731813961	1
0	710	34.187335015939	1
0	717	34.266590787493	1
0	730	34.549826848239	1
0	733	34.610238986335	1
0	744	34.767694192161	1
0	760	35.314927018171	1
0	773	36.122292698117	1
0	776	36.155231708351	1
0	790	36.663617197238	1
0	801	36.989886523467	1
0	804	37.025468134064	1
0	820	37.548626066619	1
0	833	38.011347907685	1
0	836	38.085604757862	1
0	852	38.879380728197	1
0	863	39.460061739553	1
0	866	39.476327550972	1
0	868	39.493074431683	1
0	882	39.796970188061	1
0	900	40.977111820586	1
0	911	41.757846677262	1
0	917	41.886203810718	1
0	932	44.1231222118	1
0	943	44.545032365903	1
0	954	44.983524761274	1
0	960	45.134927304229	1
0	963	45.154772110685	1
0	971	45.254493075102	1
0	985	45.550170201837	1
0	997	45.784538028827	1
0	1003	45.888771736834	1
0	1017	46.210677844505	1
0	1029	46.703840876808	1
0	1037	46.848003214967	1
0	1046	46.969241454969	1
0	1062	47.89560674269	1
0	1065	47.977437183376	1
0	1081	48.911880289769	1
0	1090	49.29597117793	1
0	1103	49.93724064321	1
0	1106	49.990135834313	1
0	1118	50.281854194662	1
0	1132	50.938670715402	1
0	1141	51.336246393841	1
0	1154	52.740052150089	1
0	1165	53.232648695648	1
0	1176	54.667799628758	1
0	1185	55.014109143818	1
0	1196	55.248901806094	1
0	1209	55.917849228287	1
0	1220	56.370710425364	1
0	1229	56.675714095754	1
0	1242	57.218043218478	1
0	1253	57.697585936162	1
0	1262	58.054853528603	1
0	1275	58.60211328103	1
0	1284	58.920395186342	1
0	1295	59.210565210906	1
0	1298	59.215021151484	1
0	1300	59.221769538238	1
0	1302	59.256925197633	1
0	1304	59.270053531499	1
0	1320	59.555355701971	1
0	1332	59.713516115182	1
0	1344	59.995887496408	1
0	1362	60.760352835115	1
0	1370	60.863178847155	1
0	1386	62.293169438321	1
0	1395	62.670367339601	1
0	1400	62.732724017412	1
0	1414	63.189728497519	1
0	1427	63.874267881242	1
0	1438	64.51240428282	1
0	1449	66.430378813193	1
0	1455	66.613305753797	1
0	1470	67.299958591882	1
0	1479	67.55904777354	1
0	1490	67.90121389713	1
0	1503	68.766402415934	1
0	1506	68.828911222637	1
0	1520	69.271222896245	1
0	1533	70.034331311716	1
0	1544	70.647296621967	1
0	1547	70.663850519234	1
0	1559	71.021119945135	1
0	1564	71.077602443154	1
0	1581	71.963762249024	1
0	1587	72.099930769904	1
0	1602	72.737625819076	1
0	1608	72.930736267174	1
0	1623	73.936671380647	1
0	1634	75.265097197959	1
0	1640	75.378804633865	1
0	1653	75.697412916879	1
0	1661	75.874704947432	1
0	1674	76.190360538603	1
0	1685	76.513305365922	1
0	1698	77.35609137061	1
0	1707	77.696310018832	1
0	1715	77.834582293111	1
0	1730	78.302416079647	1
0	1741	78.792527419515	1
0	1752	79.646978618827	1
0	1761	80.022030773524	1
0	1772	80.397126456959	1
0	1785	80.860498703181	1
0	1796	82.260615500055	1
0	1802	82.414780401768	1
0	1817	83.057341849105	1
0	1826	83.340575363599	1
0	1829	83.439043490646	1
0	1845	83.792668167249	1
0	1858	84.276099012985	1
0	1867	84.530975779477	1
0	1880	84.944067567692	1
0	1886	85.113542684526	1
0	1901	85.834244592703	1
0	1912	87.105385372955	1
0	1923	87.927002531138	1
0	1932	88.192385403385	1
0	1940	88.369741840781	1
0	1949	88.487714803186	1
0	1952	88.562188004819	1
0	1973	89.859861250625	1
0	1984	90.364335594956	1
0	1993	90.634142005009	1
0	1996	90.638313548797	1
0	1998	90.713558098811	1
0	2022	91.490520122698	1
0	2025	91.543050279733	1
0	2039	91.891705584955	1
0	2052	93.152693461441	1
0	2063	96.077444422331	1
0	2069	96.254236405427	1
0	2084	98.323091425375	1
0	2095	99.822136311746	1
0	2101	99.95092528643	1
0	2112	100.156692759374	1
0	2126	101.105110408094	1
0	2135	101.34923577632	1
0	2148	102.187071465048	1
0	2159	103.401794750128	1
0	2165	103.536476439025	1
0	2180	104.103028213624	1
0	2191	104.637826816415	1
0	2202	105.389438141279	1
0	2213	107.279300015221	1
0	2224	107.873500410223	1
0	2235	108.531080193699	1
0	2246	109.8834612235	1
0	2249	109.933718675057	1
0	2259	110.177735765246	1
0	2273	110.524915833046	1
0	2276	110.613746090568	1
0	2290	110.924029207433	1
0	2298	111.074091958929	1
0	2301	111.074464044645	1
0	2307	111.15629864873	1
0	2330	113.408460818982	1
0	2341	114.043740014013	1
0	2352	115.0940519202	1
0	2363	115.495549586632	1
0	2369	115.617995730792	1
0	2382	115.908507904122	1
0	2395	116.373420740334	1
0	2406	117.199845239691	1
0	2415	117.519130342572	1
0	2428	117.930578984839	1
0	2437	118.153026860799	1
0	2450	118.675230498261	1
0	2459	119.051989649388	1
0	2470	119.304388584146	1
0	2483	119.720389925583	1
0	2494	120.228257473517	1
0	2505	121.124784646256	1
0	2508	121.191170774755	1
0	2510	121.223607169098	1
0	2524	121.50648267025	1
0	2540	121.972650331325	1
0	2551	122.314467935994	1
0	2562	122.664667387206	1
0	2573	122.935123190549	1
0	2576	123.022477708772	1
0	2590	123.239730985908	1
0	2593	123.318318471678	1
0	2610	123.887560304035	1
0	2623	124.395396078721	1
0	2629	124.592731293143	1
0	2644	125.665121034079	1
0	2650	125.77453659429	1
0	2653	125.791245606883	1
0	2669	126.100489491923	1
0	2679	126.37981678505	1
0	2682	126.460659340925	1
0	2701	127.512088421785	1
0	2712	128.148741839261	1
0	2721	128.472357722726	1
0	2734	128.911417998218	1
0	2743	129.140511292761	1
0	2754	129.421200647221	1
0	2762	129.558847050385	1
0	2765	129.58299766455	1
0	2767	129.607714532002	1
0	2787	130.005088241999	1
0	2792	130.101375277972	1
0	2797	130.169015878664	1
0	2813	130.575855230488	1
0	2825	131.008053649002	1
0	2837	131.385655888385	1
0	2842	131.479064938845	1
0	2856	131.871939164834	1
0	2859	131.898877308511	1
0	2871	132.07653862723	1
0	2883	132.395386190139	1
0	2897	133.398199406438	1
0	2903	133.526424342577	1
0	2918	134.464908341623	1
0	2929	135.301305217269	1
0	2938	135.614704462243	1
0	2941	135.688904655301	1
0	2959	136.38477564172	1
0	2962	136.430157897967	1
0	2978	137.195403510356	1
0	2987	137.473118945121	1
0	2998	137.702628513309	1
0	3011	138.294041399904	1
0	3014	138.391631192878	1
0	3028	138.750077057808	1
0	3036	138.895835435211	1
0	3049	139.221125713436	1
0	3057	139.356434013059	1
0	3068	139.56524114251	1
0	3078	139.813945461261	1
0	3092	141.107286729587	1
0	3095	141.110902979417	1
0	3111	142.324733668911	1
0	3117	142.489604729246	1
0	3132	143.104938442878	1
0	3141	143.490028278301	1
0	3154	144.522515513661	1
0	3163	144.797523413305	1
0	3174	145.19557916363	1
0	3185	145.575037132648	1
0	3198	147.351150748526	1
0	3209	148.024836356393	1
0	3220	148.763495278487	1
0	3231	150.101883246535	1
0	3242	150.510263252053	1
0	3248	150.707523647606	1
0	3263	151.338206899253	1
0	3269	151.495955250923	1
0	3280	151.736101228211	1
0	3292	152.059446730445	1
0	3303	152.390333903874	1
0	3316	152.860646374881	1
0	3327	153.444786242967	1
0	3333	153.548452366825	1
0	3348	154.489248634824	1
0	3351	154.503445988297	1
0	3361	154.71925191234	1
0	3369	154.833325906563	1
0	3387	155.660464962443	1
0	3393	155.801052980947	1
0	3402	155.983558651434	1
0	3416	156.270202302293	1
0	3429	156.942912002013	1
0	3440	157.441295449844	1
0	3449	157.703880583802	1
0	3457	157.883235956942	1
0	3472	159.642148698931	1
0	3483	161.496826749162	1
0	3494	162.099797769794	1
0	3505	163.124344506167	1
0	3508	163.193550634768	1
0	3522	163.67830676886	1
0	3535	165.183312867542	1
0	3544	165.389472445576	1
0	3555	165.666924995165	1
0	3558	165.759928129246	1
0	3572	166.005415615144	1
0	3586	166.544423761422	1
0	3597	169.10165563476	1
0	3608	169.730077146505	1
0	3619	170.248578309524	1
0	3622	170.282771649737	1
0	3624	170.296472798378	1
0	3644	171.042558552299	1
0	3657	171.628962064577	1
0	3668	172.726405370825	1
0	3671	172.759075474068	1
0	3685	173.259215775155	1
0	3696	173.503592910305	1
0	3709	174.111198299338	1
0	3715	174.228363324133	1
0	3730	175.223874386939	1
0	3741	176.258667124217	1
0	3752	177.743932441144	1
0	3763	178.320315133305	1
0	3772	178.537152075157	1
0	3785	179.616726072846	1
0	3788	179.647239381281	1
0	3804	180.309909819993	1
0	3810	180.49613423516	1
0	3825	181.562016850115	1
0	3828	181.655694535044	1
0	3844	182.33632010544	1
0	3853	182.570561492021	1
0	3856	182.591792343214	1
0	3870	182.942352812112	1
0	3884	184.018682458474	1
0	3895	184.800178902887	1
0	3901	184.925762583974	1
0	3916	186.449084857018	1
0	3927	186.898511034265	1
0	3933	187.069630028674	1
0	3948	188.129590549595	1
0	3959	189.648014466595	1
0	3970	190.394666446709	1
0	3976	190.496364036155	1
0	3979	190.5510569506	1
0	3995	190.841020982071	1
0	3998	190.858298657989	1
0	4003	190.959050529456	1
0	4019	191.295111792321	1
0	4027	191.446104373763	1
0	4041	191.95425975025	1
0	4044	191.962938075927	1
0	4063	192.612536072851	1
0	4069	192.753902984727	1
0	4082	193.184994108314	1
0	4093	193.429291302507	1
0	4106	194.817467448832	1
0	4115	195.161217082981	1
0	4123	195.349265239942	1
0	4132	195.530138764415	1
0	4139	195.56709321493	1
0	4141	195.57365663481	1
0	4146	195.638673324099	1
0	4172	196.685849916032	1
0	4183	198.892247388187	1
0	4189	199.026903351378	1
0	4202	199.310596970233	1
0	4208	199.434123962424	1
1	2	1.033477525325	1
1	5	1.039065857794	1
1	21	2.76859561748	1
1	27	2.905445473251	1
1	42	3.922467516623	1
1	51	4.159486977546	1
1	62	4.537909405024	1
1	75	5.38557422983	1
1	81	5.518031398752	1
1	94	5.79242566381	1
1	97	5.798157797687	1
1	113	6.271575724019	1
1	124	6.553046595708	1
1	137	7.27939815991	1
1	146	7.536774288867	1
1	157	7.793793941382	1
1	168	8.163572431947	1
1	181	9.191781104633	1
1	190	9.517200370488	1
1	203	10.822016395572	1
1	214	11.227257588005	1
1	217	11.30647691584	1
1	231	11.698435375123	1
1	244	12.302974809507	1
1	255	13.018402254362	1
1	264	13.276051201545	1
1	277	13.899099323141	1
1	288	14.751704861739	1
1	299	15.23507875677	1
1	302	15.245834274718	1
1	312	15.523477164458	1
1	324	15.741036387436	1
1	332	15.911630577714	1
1	346	16.240640375117	1
1	359	18.062693612412	1
1	370	19.101678499412	1
1	379	19.304741697822	1
1	382	19.332398056982	1
1	387	19.455860776156	1
1	400	19.61132052575	1
1	403	19.645357382591	1
1	416	19.818113597066	1
1	436	21.851591427399	1
1	447	22.415900594769	1
1	450	22.484300795118	1
1	460	22.663079906348	1
1	470	22.857480367739	1
1	478	22.958356607091	1
1	481	22.995149116029	1
1	498	23.28526233928	1
1	504	23.412560061301	1
1	518	23.791125365414	1
1	530	24.041261873581	1
1	544	25.493330138225	1
1	555	26.625709959686	1
1	564	26.986100486044	1
1	575	27.198013007239	1
1	588	27.757784825573	1
1	599	29.849354394788	1
1	602	29.914242253335	1
1	604	29.928818702948	2
1	614	30.13103023123	1
1	626	30.347719326639	1
1	636	30.508135227503	1
1	648	30.747927022775	1
1	660	31.170313242344	1
1	674	31.892614348869	1
1	685	32.432196720347	1
1	696	33.829032724227	1
1	702	33.994731813961	1
1	711	34.187335015939	1
1	718	34.266590787493	1
1	731	34.549826848239	1
1	734	34.610238986335	1
1	745	34.767694192161	1
1	761	35.314927018171	1
1	774	36.122292698117	1
1	777	36.155231708351	1
1	791	36.663617197238	1
1	802	36.989886523467	1
1	805	37.025468134064	1
1	821	37.548626066619	1
1	834	38.011347907685	1
1	837	38.085604757862	1
1	853	38.879380728197	1
1	864	39.460061739553	1
1	867	39.476327550972	1
1	869	39.493074431683	2
1	883	39.796970188061	1
1	901	40.977111820586	1
1	912	41.757846677262	1
1	918	41.886203810718	1
1	933	44.1231222118	1
1	944	44.545032365903	1
1	955	44.983524761274	1
1	961	45.134927304229	1
1	964	45.154772110685	1
1	972	45.254493075102	1
1	986	45.550170201837	1
1	998	45.784538028827	1
1	1004	45.888771736834	1
1	1018	46.210677844505	1
1	1030	46.703840876808	1
1	1038	46.848003214967	1
1	1047	46.969241454969	1
1	1063	47.89560674269	1
1	1066	47.977437183376	1
1	1082	48.911880289769	1
1	1091	49.29597117793	1
1	1104	49.93724064321	1
1	1107	49.990135834313	1
1	1119	50.281854194662	1
1	1133	50.938670715402	1
1	1142	51.336246393841	1
1	1155	52.740052150089	1
1	1166	53.232648695648	1
1	1177	54.667799628758	1
1	1186	55.014109143818	1
1	1197	55.248901806094	1
1	1210	55.917849228287	1
1	1221	56.370710425364	1
1	1230	56.675714095754	1
1	1243	57.218043218478	1
1	1254	57.697585936162	1
1	1263	58.054853528603	1
1	1276	58.60211328103	1
1	1285	58.920395186342	1
1	1296	59.210565210906	1
1	1299	59.215021151484	1
1	1301	59.221769538238	2
1	1303	59.256925197633	3
1	1305	59.270053531499	4
1	1321	59.555355701971	2
1	1333	59.713516115182	1
1	1345	59.995887496408	1
1	1363	60.760352835115	1
1	1371	60.863178847155	1
1	1387	62.293169438321	1
1	1396	62.670367339601	1
1	1401	62.732724017412	1
1	1415	63.189728497519	1
1	1428	63.874267881242	1
1	1439	64.51240428282	1
1	1450	66.430378813193	1
1	1456	66.613305753797	1
1	1471	67.299958591882	1
1	1480	67.55904777354	1
1	1491	67.90121389713	1
1	1504	68.766402415934	1
1	1507	68.828911222637	1
1	1521	69.271222896245	1
1	1534	70.034331311716	1
1	1545	70.647296621967	1
1	1548	70.663850519234	1
1	1560	71.021119945135	1
1	1565	71.077602443154	1
1	1582	71.963762249024	1
1	1588	72.099930769904	1
1	1603	72.737625819076	1
1	1609	72.930736267174	1
1	1624	73.936671380647	1
1	1635	75.265097197959	1
1	1641	75.378804633865	1
1	1654	75.697412916879	1
1	1662	75.874704947432	1
1	1675	76.190360538603	1
1	1686	76.513305365922	1
1	1699	77.35609137061	1
1	1708	77.696310018832	1
1	1716	77.834582293111	1
1	1731	78.302416079647	1
1	1742	78.792527419515	1
1	1753	79.646978618827	1
1	1762	80.022030773524	1
1	1773	80.397126456959	1
1	1786	80.860498703181	1
1	1797	82.260615500055	1
1	1803	82.414780401768	1
1	1818	83.057341849105	1
1	1827	83.340575363599	1
1	1830	83.439043490646	1
1	1846	83.792668167249	1
1	1859	84.276099012985	1
1	1868	84.530975779477	1
1	1881	84.944067567692	1
1	1887	85.113542684526	1
1	1902	85.834244592703	1
1	1913	87.105385372955	1
1	1924	87.927002531138	1
1	1933	88.192385403385	1
1	1941	88.369741840781	1
1	1950	88.487714803186	1
1	1953	88.562188004819	1
1	1974	89.859861250625	1
1	1985	90.364335594956	1
1	1994	90.634142005009	1
1	1997	90.638313548797	1
1	1999	90.713558098811	2
1	2023	91.490520122698	1
1	2026	91.543050279733	1
1	2040	91.891705584955	1
1	2053	93.152693461441	1
1	2064	96.077444422331	1
1	2070	96.254236405427	1
1	2085	98.323091425375	1
1	2096	99.822136311746	1
1	2102	99.95092528643	1
1	2113	100.156692759374	1
1	2127	101.105110408094	1
1	2136	101.34923577632	1
1	2149	102.187071465048	1
1	2160	103.401794750128	1
1	2166	103.536476439025	1
1	2181	104.103028213624	1
1	2192	104.637826816415	1
1	2203	105.389438141279	1
1	2214	107.279300015221	1
1	2225	107.873500410223	1
1	2236	108.531080193699	1
1	2247	109.8834612235	1
1	2250	109.933718675057	1
1	2260	110.177735765246	1
1	2274	110.524915833046	1
1	2277	110.613746090568	1
1	2291	110.924029207433	1
1	2299	111.074091958929	1
1	2302	111.074464044645	1
1	2308	111.15629864873	2
1	2331	113.408460818982	1
1	2342	114.043740014013	1
1	2353	115.0940519202	1
1	2364	115.495549586632	1
1	2370	115.617995730792	1
1	2383	115.908507904122	1
1	2396	116.373420740334	1
1	2407	117.199845239691	1
1	2416	117.519130342572	1
1	2429	117.930578984839	1
1	2438	118.153026860799	1
1	2451	118.675230498261	1
1	2460	119.051989649388	1
1	2471	119.304388584146	1
1	2484	119.720389925583	1
1	2495	120.228257473517	1
1	2506	121.124784646256	1
1	2509	121.191170774755	1
1	2511	121.223607169098	2
1	2525	121.50648267025	1
1	2541	121.972650331325	1
1	2552	122.314467935994	1
1	2563	122.664667387206	1
1	2574	122.935123190549	1
1	2577	123.022477708772	1
1	2591	123.239730985908	1
1	2594	123.318318471678	1
1	2611	123.887560304035	1
1	2624	124.395396078721	1
1	2630	124.592731293143	1
1	2645	125.665121034079	1
1	2651	125.77453659429	1
1	2654	125.791245606883	1
1	2670	126.100489491923	1
1	2680	126.37981678505	1
1	2683	126.460659340925	1
1	2702	127.512088421785	1
1	2713	128.148741839261	1
1	2722	128.472357722726	1
1	2735	128.911417998218	1
1	2744	129.140511292761	1
1	2755	129.421200647221	1
1	2763	129.558847050385	1
1	2766	129.58299766455	1
1	2768	129.607714532002	2
1	2788	130.005088241999	1
1	2793	130.101375277972	1
1	2798	130.169015878664	1
1	2814	130.575855230488	1
1	2826	131.008053649002	1
1	2838	131.385655888385	1
1	2843	131.479064938845	1
1	2857	131.871939164834	1
1	2860	131.898877308511	1
1	2872	132.07653862723	1
1	2884	132.395386190139	1
1	2898	133.398199406438	1
1	2904	133.526424342577	1
1	2919	134.464908341623	1
1	2930	135.301305217269	1
1	2939	135.614704462243	1
1	2942	135.688904655301	1
1	2960	136.38477564172	1
1	2963	136.430157897967	1
1	2979	137.195403510356	1
1	2988	137.473118945121	1
1	2999	137.702628513309	1
1	3012	138.294041399904	1
1	3015	138.391631192878	1
1	3029	138.750077057808	1
1	3037	138.895835435211	1
1	3050	139.221125713436	1
1	3058	139.356434013059	1
1	3069	139.56524114251	1
1	3079	139.813945461261	1
1	3093	141.107286729587	1
1	3096	141.110902979417	1
1	3112	142.324733668911	1
1	3118	142.489604729246	1
1	3133	143.104938442878	1
1	3142	143.490028278301	1
1	3155	144.522515513661	1
1	3164	144.797523413305	1
1	3175	145.19557916363	1
1	3186	145.575037132648	1
1	3199	147.351150748526	1
1	3210	148.024836356393	1
1	3221	148.763495278487	1
1	3232	150.101883246535	1
1	3243	150.510263252053	1
1	3249	150.707523647606	1
1	3264	151.338206899253	1
1	3270	151.495955250923	1
1	3281	151.736101228211	1
1	3293	152.059446730445	1
1	3304	152.390333903874	1
1	3317	152.860646374881	1
1	3328	153.444786242967	1
1	3334	153.548452366825	1
1	3349	154.489248634824	1
1	3352	154.503445988297	1
1	3362	154.71925191234	1
1	3370	154.833325906563	1
1	3388	155.660464962443	1
1	3394	155.801052980947	1
1	3403	155.983558651434	1
1	3417	156.270202302293	1
1	3430	156.942912002013	1
1	3441	157.441295449844	1
1	3450	157.703880583802	1
1	3458	157.883235956942	1
1	3473	159.642148698931	1
1	3484	161.496826749162	1
1	3495	162.099797769794	1
1	3506	163.124344506167	1
1	3509	163.193550634768	1
1	3523	163.67830676886	1
1	3536	165.183312867542	1
1	3545	165.389472445576	1
1	3556	165.666924995165	1
1	3559	165.759928129246	1
1	3573	166.005415615144	1
1	3587	166.544423761422	1
1	3598	169.10165563476	1
1	3609	169.730077146505	1
1	3620	170.248578309524	1
1	3623	170.282771649737	1
1	3625	170.296472798378	2
1	3645	171.042558552299	1
1	3658	171.628962064577	1
1	3669	172.726405370825	1
1	3672	172.759075474068	1
1	3686	173.259215775155	1
1	3697	173.503592910305	1
1	3710	174.111198299338	1
1	3716	174.228363324133	1
1	3731	175.223874386939	1
1	3742	176.258667124217	1
1	3753	177.743932441144	1
1	3764	178.320315133305	1
1	3773	178.537152075157	1
1	3786	179.616726072846	1
1	3789	179.647239381281	1
1	3805	180.309909819993	1
1	3811	180.49613423516	1
1	3826	181.562016850115	1
1	3829	181.655694535044	1
1	3845	182.33632010544	1
1	3854	182.570561492021	1
1	3857	182.591792343214	1
1	3871	182.942352812112	1
1	3885	184.018682458474	1
1	3896	184.800178902887	1
1	3902	184.925762583974	1
1	3917	186.449084857018	1
1	3928	186.898511034265	1
1	3934	187.069630028674	1
1	3949	188.129590549595	1
1	3960	189.648014466595	1
1	3971	190.394666446709	1
1	3977	190.496364036155	1
1	3980	190.5510569506	1
1	3996	190.841020982071	1
1	3999	190.858298657989	1
1	4004	190.959050529456	1
1	4020	191.295111792321	1
1	4028	191.446104373763	1
1	4042	191.95425975025	1
1	4045	191.962938075927	1
1	4064	192.612536072851	1
1	4070	192.753902984727	1
1	4083	193.184994108314	1
1	4094	193.429291302507	1
1	4107	194.817467448832	1
1	4116	195.161217082981	1
1	4124	195.349265239942	1
1	4133	195.530138764415	1
1	4140	195.56709321493	1
1	4142	195.57365663481	2
1	4147	195.638673324099	2
1	4173	196.685849916032	1
1	4184	198.892247388187	1
1	4190	199.026903351378	1
1	4203	199.310596970233	1
1	4209	199.434123962424	1
2	7	1.133577525325	1
2	10	1.233577525325	1
2	24	2.86869561748	1
2	33	3.005545473251	1
2	45	4.022567516623	1
2	54	4.259586977546	1
2	67	4.638009405024	1
2	78	5.48567422983	1
2	87	5.618131398752	1
2	99	5.89252566381	1
2	104	5.99252566381	1
2	116	6.371675724019	1
2	127	6.653146595708	1
2	140	7.37949815991	1
2	149	7.636874288867	1
2	160	7.893893941382	1
2	173	8.263672431947	1
2	184	9.291881104633	1
2	195	9.617300370488	1
2	206	10.922116395572	1
2	219	11.327357588005	1
2	222	11.427357588005	1
2	234	11.798535375123	1
2	247	12.403074809507	1
2	258	13.118502254362	1
2	267	13.376151201545	1
2	280	13.999199323141	1
2	291	14.851804861739	1
2	304	15.33517875677	1
2	307	15.43517875677	1
2	317	15.623577164458	1
2	329	15.841136387436	1
2	337	16.011730577714	1
2	349	16.340740375117	1
2	362	18.162793612412	1
2	373	19.201778499412	1
2	384	19.404841697822	1
2	391	19.504841697822	1
2	396	19.604841697822	1
2	409	19.71142052575	1
2	412	19.81142052575	1
2	423	19.918213597066	1
2	439	21.951691427399	1
2	452	22.516000594769	1
2	455	22.616000594769	1
2	465	22.763179906348	1
2	475	22.957580367739	1
2	487	23.058456607091	1
2	490	23.158456607091	1
2	501	23.38536233928	1
2	511	23.512660061301	1
2	523	23.891225365414	1
2	533	24.141361873581	1
2	547	25.593430138225	1
2	558	26.725809959686	1
2	569	27.086200486044	1
2	578	27.298113007239	1
2	591	27.857884825573	1
2	606	29.949454394788	1
2	609	30.049454394788	1
2	616	30.149454394788	1
2	620	30.249454394788	1
2	631	30.447819326639	1
2	641	30.608235227503	1
2	651	30.848027022775	1
2	665	31.270413242344	1
2	677	31.992714348869	1
2	688	32.532296720347	1
2	699	33.929132724227	1
2	708	34.094831813961	1
2	720	34.287435015939	1
2	723	34.387435015939	1
2	738	34.649926848239	1
2	741	34.749926848239	1
2	752	34.867794192161	1
2	764	35.415027018171	1
2	779	36.222392698117	1
2	782	36.322392698117	1
2	796	36.763717197238	1
2	809	37.089986523467	1
2	812	37.189986523467	1
2	826	37.648726066619	1
2	839	38.111447907685	1
2	842	38.211447907685	1
2	856	38.979480728197	1
2	871	39.560161739553	1
2	874	39.660161739553	1
2	879	39.760161739553	1
2	890	39.897070188061	1
2	904	41.077211820586	1
2	915	41.857946677262	1
2	924	41.986303810718	1
2	936	44.2232222118	1
2	947	44.645132365903	1
2	958	45.083624761274	1
2	969	45.235027304229	1
2	974	45.335027304229	1
2	980	45.435027304229	1
2	991	45.650270201837	1
2	1001	45.884638028827	1
2	1011	45.988871736834	1
2	1021	46.310777844505	1
2	1035	46.803940876808	1
2	1044	46.948103214967	1
2	1052	47.069341454969	1
2	1068	47.99570674269	1
2	1071	48.09570674269	1
2	1085	49.011980289769	1
2	1096	49.39607117793	1
2	1109	50.03734064321	1
2	1112	50.13734064321	1
2	1124	50.381954194662	1
2	1136	51.038770715402	1
2	1147	51.436346393841	1
2	1158	52.840152150089	1
2	1169	53.332748695648	1
2	1180	54.767899628758	1
2	1191	55.114209143818	1
2	1200	55.349001806094	1
2	1213	56.017949228287	1
2	1224	56.470810425364	1
2	1235	56.775814095754	1
2	1246	57.318143218478	1
2	1257	57.797685936162	1
2	1268	58.154953528603	1
2	1279	58.70221328103	1
2	1290	59.020495186342	1
2	1307	59.310665210906	1
2	1312	59.410665210906	1
2	1317	59.510665210906	1
2	1323	59.610665210906	1
2	1329	59.710665210906	1
2	1335	59.810665210906	1
2	1341	59.910665210906	1
2	1352	60.095987496408	1
2	1368	60.860452835115	1
2	1376	60.963278847155	1
2	1390	62.393269438321	1
2	1403	62.770467339601	1
2	1406	62.870467339601	1
2	1420	63.289828497519	1
2	1431	63.974367881242	1
2	1442	64.61250428282	1
2	1453	66.530478813193	1
2	1462	66.713405753797	1
2	1474	67.400058591882	1
2	1483	67.65914777354	1
2	1496	68.00131389713	1
2	1509	68.866502415934	1
2	1512	68.966502415934	1
2	1526	69.371322896245	1
2	1537	70.134431311716	1
2	1550	70.747396621967	1
2	1553	70.847396621967	1
2	1567	71.121219945135	1
2	1570	71.221219945135	1
2	1585	72.063862249024	1
2	1594	72.200030769904	1
2	1606	72.837725819076	1
2	1615	73.030836267174	1
2	1627	74.036771380647	1
2	1638	75.365197197959	1
2	1647	75.478904633865	1
2	1657	75.797512916879	1
2	1668	75.974804947432	1
2	1678	76.290460538603	1
2	1691	76.613405365922	1
2	1702	77.45619137061	1
2	1713	77.796410018832	1
2	1722	77.934682293111	1
2	1734	78.402516079647	1
2	1745	78.892627419515	1
2	1756	79.747078618827	1
2	1767	80.122130773524	1
2	1778	80.497226456959	1
2	1789	80.960598703181	1
2	1800	82.360715500055	1
2	1809	82.514880401768	1
2	1821	83.157441849105	1
2	1832	83.440675363599	1
2	1837	83.540675363599	1
2	1849	83.892768167249	1
2	1862	84.376199012985	1
2	1871	84.631075779477	1
2	1884	85.044167567692	1
2	1893	85.213642684526	1
2	1905	85.934344592703	1
2	1916	87.205485372955	1
2	1927	88.027102531138	1
2	1936	88.292485403385	1
2	1947	88.469841840781	1
2	1957	88.587814803186	1
2	1962	88.687814803186	1
2	1977	89.959961250625	1
2	1988	90.464435594956	1
2	2001	90.734242005009	1
2	2006	90.834242005009	1
2	2011	90.934242005009	1
2	2028	91.590620122698	1
2	2031	91.690620122698	1
2	2043	91.991805584955	1
2	2056	93.252793461441	1
2	2067	96.177544422331	1
2	2076	96.354336405427	1
2	2088	98.423191425375	1
2	2099	99.922236311746	1
2	2108	100.05102528643	1
2	2118	100.256792759374	1
2	2130	101.205210408094	1
2	2139	101.44933577632	1
2	2152	102.287171465048	1
2	2163	103.501894750128	1
2	2172	103.636576439025	1
2	2184	104.203128213624	1
2	2195	104.737926816415	1
2	2206	105.489538141279	1
2	2217	107.379400015221	1
2	2228	107.973600410223	1
2	2239	108.631180193699	1
2	2252	109.9835612235	1
2	2255	110.0835612235	1
2	2265	110.277835765246	1
2	2279	110.625015833046	1
2	2284	110.725015833046	1
2	2296	111.024129207433	1
2	2310	111.174191958929	1
2	2313	111.274191958929	1
2	2319	111.374191958929	1
2	2334	113.508560818982	1
2	2345	114.143840014013	1
2	2356	115.1941519202	1
2	2367	115.595649586632	1
2	2376	115.718095730792	1
2	2386	116.008607904122	1
2	2399	116.473520740334	1
2	2410	117.299945239691	1
2	2421	117.619230342572	1
2	2432	118.030678984839	1
2	2441	118.253126860799	1
2	2454	118.775330498261	1
2	2465	119.152089649388	1
2	2474	119.404488584146	1
2	2487	119.820489925583	1
2	2498	120.328357473517	1
2	2513	121.224884646256	1
2	2516	121.324884646256	1
2	2521	121.424884646256	1
2	2532	121.60658267025	1
2	2544	122.072750331325	1
2	2557	122.414567935994	1
2	2568	122.764767387206	1
2	2579	123.035223190549	1
2	2584	123.135223190549	1
2	2598	123.339830985908	1
2	2601	123.439830985908	1
2	2616	123.987660304035	1
2	2627	124.495496078721	1
2	2636	124.692831293143	1
2	2648	125.765221034079	1
2	2659	125.87463659429	1
2	2662	125.97463659429	1
2	2673	126.200589491923	1
2	2687	126.47991678505	1
2	2690	126.57991678505	1
2	2705	127.612188421785	1
2	2716	128.248841839261	1
2	2727	128.572457722726	1
2	2738	129.011517998218	1
2	2747	129.240611292761	1
2	2758	129.521300647221	1
2	2773	129.658947050385	1
2	2776	129.758947050385	1
2	2782	129.858947050385	1
2	2795	130.105188241999	1
2	2800	130.205188241999	1
2	2806	130.305188241999	1
2	2819	130.675955230488	1
2	2831	131.108153649002	1
2	2845	131.485755888385	1
2	2848	131.585755888385	1
2	2862	131.972039164834	1
2	2867	132.072039164834	1
2	2877	132.17663862723	1
2	2889	132.495486190139	1
2	2901	133.498299406438	1
2	2910	133.626524342577	1
2	2922	134.565008341623	1
2	2933	135.401405217269	1
2	2946	135.714804462243	1
2	2949	135.814804462243	1
2	2965	136.48487564172	1
2	2968	136.58487564172	1
2	2982	137.295503510356	1
2	2991	137.573218945121	1
2	3002	137.802728513309	1
2	3017	138.394141399904	1
2	3020	138.494141399904	1
2	3032	138.850177057808	1
2	3043	138.995935435211	1
2	3053	139.321225713436	1
2	3064	139.456534013059	1
2	3074	139.66534114251	1
2	3084	139.914045461261	1
2	3098	141.207386729587	1
2	3101	141.307386729587	1
2	3115	142.424833668911	1
2	3124	142.589704729246	1
2	3136	143.205038442878	1
2	3147	143.590128278301	1
2	3158	144.622615513661	1
2	3167	144.897623413305	1
2	3180	145.29567916363	1
2	3191	145.675137132648	1
2	3202	147.451250748526	1
2	3213	148.124936356393	1
2	3224	148.863595278487	1
2	3235	150.201983246535	1
2	3246	150.610363252053	1
2	3255	150.807623647606	1
2	3267	151.438306899253	1
2	3276	151.596055250923	1
2	3286	151.836201228211	1
2	3298	152.159546730445	1
2	3309	152.490433903874	1
2	3320	152.960746374881	1
2	3331	153.544886242967	1
2	3340	153.648552366825	1
2	3354	154.589348634824	1
2	3357	154.689348634824	1
2	3367	154.81935191234	1
2	3377	154.933425906563	1
2	3391	155.760564962443	1
2	3400	155.901152980947	1
2	3410	156.083658651434	1
2	3420	156.370302302293	1
2	3433	157.043012002013	1
2	3444	157.541395449844	1
2	3453	157.803980583802	1
2	3464	157.983335956942	1
2	3476	159.742248698931	1
2	3487	161.596926749162	1
2	3498	162.199897769794	1
2	3511	163.224444506167	1
2	3514	163.324444506167	1
2	3528	163.77840676886	1
2	3539	165.283412867542	1
2	3548	165.489572445576	1
2	3561	165.767024995165	1
2	3566	165.867024995165	1
2	3578	166.105515615144	1
2	3590	166.644523761422	1
2	3601	169.20175563476	1
2	3612	169.830177146505	1
2	3627	170.348678309524	1
2	3630	170.448678309524	1
2	3635	170.548678309524	1
2	3650	171.142658552299	1
2	3661	171.729062064577	1
2	3674	172.826505370825	1
2	3677	172.926505370825	1
2	3691	173.359315775155	1
2	3700	173.603692910305	1
2	3713	174.211298299338	1
2	3722	174.328463324133	1
2	3734	175.323974386939	1
2	3745	176.358767124217	1
2	3756	177.844032441144	1
2	3767	178.420415133305	1
2	3776	178.637252075157	1
2	3791	179.716826072846	1
2	3794	179.816826072846	1
2	3808	180.410009819993	1
2	3817	180.59623423516	1
2	3831	181.662116850115	1
2	3834	181.762116850115	1
2	3848	182.43642010544	1
2	3859	182.670661492021	1
2	3864	182.770661492021	1
2	3876	183.042452812112	1
2	3888	184.118782458474	1
2	3899	184.900278902887	1
2	3908	185.025862583974	1
2	3920	186.549184857018	1
2	3931	186.998611034265	1
2	3940	187.169730028674	1
2	3952	188.229690549595	1
2	3963	189.748114466595	1
2	3974	190.494766446709	1
2	3985	190.596464036155	1
2	3988	190.696464036155	1
2	4001	190.941120982071	1
2	4008	191.041120982071	1
2	4012	191.141120982071	1
2	4025	191.395211792321	1
2	4033	191.546204373763	1
2	4049	192.05435975025	1
2	4052	192.15435975025	1
2	4067	192.712636072851	1
2	4076	192.854002984727	1
2	4088	193.285094108314	1
2	4097	193.529391302507	1
2	4110	194.917567448832	1
2	4121	195.261317082981	1
2	4130	195.449365239942	1
2	4144	195.630238764415	1
2	4149	195.730238764415	1
2	4155	195.830238764415	1
2	4159	195.930238764415	1
2	4176	196.785949916032	1
2	4187	198.992347388187	1
2	4196	199.127003351378	1
2	4206	199.410696970233	1
2	4217	199.534223962424	1
3	12	1.233677525325	1
3	15	1.333677525325	1
3	30	2.96879561748	1
3	36	3.105645473251	1
3	48	4.122667516623	1
3	59	4.359686977546	1
3	70	4.738109405024	1
3	84	5.58577422983	1
3	90	5.718231398752	1
3	106	5.99262566381	1
3	109	6.09262566381	1
3	121	6.471775724019	1
3	132	6.753246595708	1
3	143	7.47959815991	1
3	154	7.736974288867	1
3	165	7.993993941382	1
3	176	8.363772431947	1
3	187	9.391981104633	1
3	198	9.717400370488	1
3	209	11.022216395572	1
3	224	11.427457588005	1
3	227	11.527457588005	1
3	239	11.898635375123	1
3	250	12.503174809507	1
3	261	13.218602254362	1
3	272	13.476251201545	1
3	283	14.099299323141	1
3	294	14.951904861739	1
3	309	15.43527875677	1
3	315	15.53527875677	1
3	322	15.723677164458	1
3	335	15.941236387436	1
3	342	16.111830577714	1
3	354	16.440840375117	1
3	365	18.262893612412	1
3	376	19.301878499412	1
3	393	19.504941697822	1
3	398	19.604941697822	1
3	407	19.704941697822	1
3	414	19.81152052575	2
3	421	19.91152052575	2
3	426	20.018313597066	3
3	442	22.051791427399	1
3	457	22.616100594769	1
3	463	22.716100594769	1
3	473	22.863279906348	1
3	485	23.057680367739	1
3	492	23.158556607091	2
3	496	23.258556607091	2
3	509	23.48546233928	2
3	514	23.612760061301	3
3	526	23.991325365414	2
3	538	24.241461873581	1
3	550	25.693530138225	1
3	561	26.825909959686	1
3	572	27.186300486044	1
3	583	27.398213007239	1
3	594	27.957984825573	1
3	611	30.049554394788	1
3	618	30.149554394788	1
3	624	30.249554394788	1
3	629	30.349554394788	2
3	639	30.547919326639	2
3	646	30.708335227503	2
3	656	30.948127022775	2
3	668	31.370513242344	1
3	680	32.092814348869	1
3	691	32.632396720347	1
3	705	34.029232724227	1
3	714	34.194931813961	1
3	725	34.387535015939	1
3	729	34.487535015939	1
3	743	34.750026848239	1
3	750	34.850026848239	1
3	755	34.967894192161	2
3	769	35.515127018171	1
3	784	36.322492698117	1
3	787	36.422492698117	1
3	799	36.863817197238	1
3	814	37.190086523467	1
3	817	37.290086523467	1
3	829	37.748826066619	1
3	844	38.211547907685	1
3	847	38.311547907685	1
3	859	39.079580728197	1
3	876	39.660261739553	1
3	881	39.760261739553	1
3	888	39.860261739553	1
3	893	39.997170188061	2
3	907	41.177311820586	1
3	921	41.958046677262	1
3	927	42.086403810718	1
3	939	44.3233222118	1
3	950	44.745232365903	1
3	966	45.183724761274	1
3	976	45.335127304229	1
3	982	45.435127304229	1
3	984	45.535127304229	2
3	994	45.750370201837	2
3	1009	45.984738028827	1
3	1014	46.088971736834	2
3	1026	46.410877844505	1
3	1041	46.904040876808	1
3	1050	47.048203214967	1
3	1057	47.169441454969	1
3	1073	48.09580674269	1
3	1076	48.19580674269	1
3	1088	49.112080289769	1
3	1099	49.49617117793	1
3	1114	50.13744064321	1
3	1117	50.23744064321	1
3	1127	50.482054194662	1
3	1139	51.138870715402	1
3	1150	51.536446393841	1
3	1161	52.940252150089	1
3	1172	53.432848695648	1
3	1183	54.867999628758	1
3	1194	55.214309143818	1
3	1205	55.449101806094	1
3	1216	56.118049228287	1
3	1227	56.570910425364	1
3	1238	56.875914095754	1
3	1249	57.418243218478	1
3	1260	57.897785936162	1
3	1271	58.255053528603	1
3	1282	58.80231328103	1
3	1293	59.120595186342	1
3	1314	59.410765210906	1
3	1319	59.510765210906	1
3	1327	59.610765210906	1
3	1331	59.710765210906	2
3	1339	59.810765210906	2
3	1343	59.910765210906	3
3	1350	60.010765210906	3
3	1355	60.196087496408	4
3	1374	60.960552835115	1
3	1381	61.063378847155	1
3	1393	62.493369438321	1
3	1408	62.870567339601	1
3	1411	62.970567339601	1
3	1423	63.389928497519	1
3	1434	64.074467881242	1
3	1445	64.71260428282	1
3	1459	66.630578813193	1
3	1465	66.813505753797	1
3	1477	67.500158591882	1
3	1488	67.75924777354	1
3	1499	68.10141389713	1
3	1514	68.966602415934	1
3	1517	69.066602415934	1
3	1529	69.471422896245	1
3	1540	70.234531311716	1
3	1555	70.847496621967	1
3	1558	70.947496621967	1
3	1572	71.221319945135	1
3	1576	71.321319945135	1
3	1591	72.163962249024	1
3	1597	72.300130769904	1
3	1612	72.937825819076	1
3	1618	73.130936267174	1
3	1630	74.136871380647	1
3	1644	75.465297197959	1
3	1650	75.579004633865	1
3	1665	75.897612916879	1
3	1671	76.074904947432	1
3	1683	76.390560538603	1
3	1694	76.713505365922	1
3	1705	77.55629137061	1
3	1719	77.896510018832	1
3	1725	78.034782293111	1
3	1737	78.502616079647	1
3	1748	78.992727419515	1
3	1759	79.847178618827	1
3	1770	80.222230773524	1
3	1781	80.597326456959	1
3	1792	81.060698703181	1
3	1806	82.460815500055	1
3	1812	82.614980401768	1
3	1824	83.257541849105	1
3	1839	83.540775363599	1
3	1842	83.640775363599	1
3	1854	83.992868167249	1
3	1865	84.476299012985	1
3	1876	84.731175779477	1
3	1890	85.144267567692	1
3	1896	85.313742684526	1
3	1908	86.034444592703	1
3	1919	87.305585372955	1
3	1930	88.127202531138	1
3	1944	88.392585403385	1
3	1955	88.569941840781	1
3	1964	88.687914803186	1
3	1966	88.787914803186	2
3	1980	90.060061250625	1
3	1991	90.564535594956	1
3	2008	90.834342005009	1
3	2013	90.934342005009	1
3	2017	91.034342005009	1
3	2033	91.690720122698	1
3	2036	91.790720122698	1
3	2048	92.091905584955	1
3	2059	93.352893461441	1
3	2073	96.277644422331	1
3	2079	96.454436405427	1
3	2091	98.523291425375	1
3	2105	100.022336311746	1
3	2111	100.15112528643	1
3	2121	100.356892759374	1
3	2133	101.305310408094	1
3	2144	101.54943577632	1
3	2155	102.387271465048	1
3	2169	103.601994750128	1
3	2175	103.736676439025	1
3	2187	104.303228213624	1
3	2198	104.838026816415	1
3	2209	105.589638141279	1
3	2220	107.479500015221	1
3	2231	108.073700410223	1
3	2242	108.731280193699	1
3	2257	110.0836612235	1
3	2263	110.1836612235	1
3	2270	110.377935765246	1
3	2286	110.725115833046	1
3	2289	110.825115833046	1
3	2304	111.124229207433	1
3	2315	111.274291958929	1
3	2321	111.374291958929	1
3	2323	111.474291958929	2
3	2337	113.608660818982	1
3	2348	114.243940014013	1
3	2359	115.2942519202	1
3	2373	115.695749586632	1
3	2379	115.818195730792	1
3	2391	116.108707904122	1
3	2402	116.573620740334	1
3	2413	117.400045239691	1
3	2424	117.719330342572	1
3	2435	118.130778984839	1
3	2446	118.353226860799	1
3	2457	118.875430498261	1
3	2468	119.252189649388	1
3	2479	119.504588584146	1
3	2490	119.920589925583	1
3	2501	120.428457473517	1
3	2518	121.324984646256	1
3	2523	121.424984646256	1
3	2530	121.524984646256	1
3	2535	121.70668267025	2
3	2549	122.172850331325	1
3	2560	122.514667935994	1
3	2571	122.864867387206	1
3	2586	123.135323190549	1
3	2589	123.235323190549	1
3	2603	123.439930985908	1
3	2607	123.539930985908	1
3	2619	124.087760304035	1
3	2633	124.595596078721	1
3	2639	124.792931293143	1
3	2656	125.865321034079	1
3	2664	125.97473659429	1
3	2668	126.07473659429	1
3	2678	126.300689491923	1
3	2692	126.58001678505	1
3	2696	126.68001678505	1
3	2708	127.712288421785	1
3	2719	128.348941839261	1
3	2730	128.672557722726	1
3	2741	129.111617998218	1
3	2752	129.340711292761	1
3	2770	129.621400647221	1
3	2778	129.759047050385	1
3	2784	129.859047050385	1
3	2786	129.959047050385	2
3	2802	130.205288241999	2
3	2808	130.305288241999	2
3	2810	130.405288241999	3
3	2822	130.776055230488	2
3	2834	131.208253649002	1
3	2850	131.585855888385	1
3	2853	131.685855888385	1
3	2869	132.072139164834	1
3	2875	132.172139164834	1
3	2882	132.27673862723	1
3	2892	132.595586190139	1
3	2907	133.598399406438	1
3	2913	133.726624342577	1
3	2925	134.665108341623	1
3	2936	135.501505217269	1
3	2951	135.814904462243	1
3	2954	135.914904462243	1
3	2970	136.58497564172	1
3	2973	136.68497564172	1
3	2985	137.395603510356	1
3	2996	137.673318945121	1
3	3007	137.902828513309	1
3	3022	138.494241399904	1
3	3025	138.594241399904	1
3	3040	138.950277057808	1
3	3046	139.096035435211	1
3	3061	139.421325713436	1
3	3067	139.556634013059	1
3	3077	139.76544114251	1
3	3087	140.014145461261	1
3	3103	141.307486729587	1
3	3106	141.407486729587	1
3	3121	142.524933668911	1
3	3127	142.689804729246	1
3	3139	143.305138442878	1
3	3150	143.690228278301	1
3	3161	144.722715513661	1
3	3172	144.997723413305	1
3	3183	145.39577916363	1
3	3194	145.775237132648	1
3	3205	147.551350748526	1
3	3216	148.225036356393	1
3	3227	148.963695278487	1
3	3238	150.302083246535	1
3	3252	150.710463252053	1
3	3258	150.907723647606	1
3	3273	151.538406899253	1
3	3279	151.696155250923	1
3	3289	151.936301228211	1
3	3301	152.259646730445	1
3	3312	152.590533903874	1
3	3323	153.060846374881	1
3	3337	153.644986242967	1
3	3343	153.748652366825	1
3	3359	154.689448634824	1
3	3365	154.789448634824	1
3	3375	154.91945191234	1
3	3380	155.033525906563	2
3	3397	155.860664962443	1
3	3406	156.001252980947	1
3	3413	156.183758651434	1
3	3425	156.470402302293	1
3	3436	157.143112002013	1
3	3447	157.641495449844	1
3	3461	157.904080583802	1
3	3467	158.083435956942	1
3	3479	159.842348698931	1
3	3490	161.697026749162	1
3	3501	162.299997769794	1
3	3516	163.324544506167	1
3	3519	163.424544506167	1
3	3531	163.87850676886	1
3	3542	165.383512867542	1
3	3553	165.589672445576	1
3	3568	165.867124995165	1
3	3571	165.967124995165	1
3	3581	166.205615615144	1
3	3593	166.744623761422	1
3	3604	169.30185563476	1
3	3615	169.930277146505	1
3	3632	170.448778309524	1
3	3637	170.548778309524	1
3	3641	170.648778309524	1
3	3653	171.242758552299	1
3	3664	171.829162064577	1
3	3679	172.926605370825	1
3	3682	173.026605370825	1
3	3694	173.459415775155	1
3	3705	173.703792910305	1
3	3719	174.311398299338	1
3	3725	174.428563324133	1
3	3737	175.424074386939	1
3	3748	176.458867124217	1
3	3759	177.944132441144	1
3	3770	178.520515133305	1
3	3781	178.737352075157	1
3	3796	179.816926072846	1
3	3799	179.916926072846	1
3	3814	180.510109819993	1
3	3820	180.69633423516	1
3	3836	181.762216850115	1
3	3839	181.862216850115	1
3	3851	182.53652010544	1
3	3866	182.770761492021	1
3	3869	182.870761492021	1
3	3879	183.142552812112	1
3	3891	184.218882458474	1
3	3905	185.000378902887	1
3	3911	185.125962583974	1
3	3923	186.649284857018	1
3	3937	187.098711034265	1
3	3943	187.269830028674	1
3	3955	188.329790549595	1
3	3966	189.848214466595	1
3	3982	190.594866446709	1
3	3990	190.696564036155	1
3	3994	190.796564036155	1
3	4010	191.041220982071	1
3	4014	191.141220982071	2
3	4018	191.241220982071	2
3	4031	191.495311792321	2
3	4038	191.646304373763	2
3	4054	192.15445975025	1
3	4058	192.25445975025	1
3	4073	192.812736072851	1
3	4079	192.954102984727	1
3	4091	193.385194108314	1
3	4102	193.629491302507	1
3	4113	195.017667448832	1
3	4127	195.361417082981	1
3	4136	195.549465239942	1
3	4151	195.730338764415	1
3	4157	195.830338764415	1
3	4161	195.930338764415	2
3	4165	196.030338764415	2
3	4179	196.886049916032	1
3	4193	199.092447388187	1
3	4199	199.227103351378	1
3	4214	199.510796970233	1
3	4220	199.634323962424	1
4	16	1.433677525325	0.4002
4	18	1.633677525325	0.594611667531
4	37	3.16879561748	0.4002
4	39	3.36879561748	0.463350144229
4	56	4.322667516623	0.4002
4	64	4.559686977546	0.4002
4	72	4.938109405024	0.4002
4	91	5.78577422983	0.4002
4	101	5.98577422983	0.467742831078
4	110	6.19262566381	0.4002
4	118	6.39262566381	0.594467866123
4	129	6.671775724019	0.4002
4	134	6.953246595708	0.4002
4	151	7.67959815991	0.4002
4	162	7.936974288867	0.4002
4	170	8.193993941382	0.4002
4	178	8.563772431947	0.4002
4	192	9.591981104633	0.4002
4	200	9.917400370488	0.4002
4	211	11.222216395572	0.4002
4	228	11.627457588005	0.4002
4	236	11.827457588005	0.520980672165
4	241	12.098635375123	0.4002
4	252	12.703174809507	0.4002
4	269	13.418602254362	0.4002
4	274	13.676251201545	0.4002
4	285	14.299299323141	0.4002
4	296	15.151904861739	0.4002
4	319	15.63527875677	0.4002
4	326	15.83527875677	0.589444482052
4	339	16.03527875677	0.511801592312
4	343	16.23527875677	0.494242369334
4	351	16.43527875677	0.523648179056
4	356	16.640840375117	0.4002
4	367	18.462893612412	0.4002
4	388	19.501878499412	0.4002
4	405	19.704941697822	0.4002
4	418	19.904941697822	0.57254364084
4	427	20.104941697822	0.649080921666
4	429	20.304941697822	0.693621172072
4	431	20.504941697822	0.859584315231
4	433	20.704941697822	0.886828100756
4	444	22.251791427399	0.4002
4	467	22.816100594769	0.4002
4	482	23.016100594769	0.531799799651
4	493	23.216100594769	0.553020688421
4	506	23.416100594769	0.55862022703
4	515	23.616100594769	0.657743987678
4	520	23.816100594769	0.82095147874
4	527	24.016100594769	0.730838255489
4	535	24.216100594769	0.803540533468
4	539	24.416100594769	0.624975229355
4	541	24.616100594769	0.574838721188
4	552	25.893530138225	0.4002
4	566	27.025909959686	0.4002
4	580	27.386300486044	0.4002
4	585	27.598213007239	0.4002
4	596	28.157984825573	0.4002
4	622	30.249554394788	0.4002
4	633	30.449554394788	0.535312141453
4	643	30.649554394788	0.72073569184
4	653	30.849554394788	0.718524163558
4	657	31.049554394788	0.701835068149
4	662	31.249554394788	0.741419167285
4	669	31.449554394788	0.701627372013
4	671	31.649554394788	0.479241152444
4	682	32.292814348869	0.4002
4	693	32.832396720347	0.4002
4	715	34.229232724227	0.4002
4	726	34.429232724227	0.434500910266
4	735	34.629232724227	0.441897708288
4	747	34.829232724227	0.562641936734
4	756	35.029232724227	0.479405875988
4	758	35.229232724227	0.618993737892
4	766	35.429232724227	0.661538532066
4	771	35.715127018171	0.4002
4	788	36.522492698117	0.4002
4	793	36.722492698117	0.567260989766
4	806	37.063817197238	0.4002
4	818	37.390086523467	0.4002
4	823	37.590086523467	0.564618389403
4	831	37.948826066619	0.4002
4	848	38.411547907685	0.4002
4	850	38.611547907685	0.525943149823
4	861	39.279580728197	0.4002
4	886	39.860261739553	0.4002
4	894	40.060261739553	0.583934188581
4	896	40.260261739553	0.76718730787
4	898	40.460261739553	0.663291551492
4	909	41.377311820586	0.4002
4	928	42.158046677262	0.4002
4	930	42.358046677262	0.471842866544
4	941	44.5233222118	0.4002
4	952	44.945232365903	0.4002
4	977	45.383724761274	0.4002
4	988	45.583724761274	0.448797457045
4	995	45.783724761274	0.628952650589
4	1006	45.983724761274	0.729231686172
4	1015	46.183724761274	0.633554559437
4	1023	46.383724761274	0.599186732447
4	1027	46.583724761274	0.69495302444
4	1032	46.783724761274	0.573046916769
4	1054	47.104040876808	0.4002
4	1058	47.304040876808	0.456037661841
4	1060	47.504040876808	0.534799421839
4	1077	48.29580674269	0.4002
4	1079	48.49580674269	0.518369559314
4	1093	49.312080289769	0.4002
4	1101	49.69617117793	0.4002
4	1121	50.33744064321	0.4002
4	1128	50.53744064321	0.547304808897
4	1130	50.73744064321	0.455586448548
4	1144	51.338870715402	0.4002
4	1152	51.736446393841	0.4002
4	1163	53.140252150089	0.4002
4	1174	53.632848695648	0.4002
4	1188	55.067999628758	0.4002
4	1202	55.414309143818	0.4002
4	1207	55.649101806094	0.4002
4	1218	56.318049228287	0.4002
4	1232	56.770910425364	0.4002
4	1240	57.075914095754	0.4002
4	1251	57.618243218478	0.4002
4	1265	58.097785936162	0.4002
4	1273	58.455053528603	0.4002
4	1287	59.00231328103	0.4002
4	1309	59.320595186342	0.4002
4	1325	59.610765210906	0.4002
4	1337	59.810765210906	0.595744059422
4	1348	60.010765210906	0.788995672668
4	1356	60.210765210906	0.953840013273
4	1358	60.410765210906	1.140711679407
4	1360	60.610765210906	1.055409508935
4	1365	60.810765210906	1.097249095724
4	1378	61.010765210906	1.014877714498
4	1382	61.210765210906	0.450412375791
4	1384	61.410765210906	0.547586363751
4	1398	62.693369438321	0.4002
4	1412	63.070567339601	0.4002
4	1417	63.270567339601	0.537843322189
4	1425	63.589928497519	0.4002
4	1436	64.274467881242	0.4002
4	1447	64.91260428282	0.4002
4	1466	66.830578813193	0.4002
4	1468	67.030578813193	0.417273059396
4	1485	67.700158591882	0.4002
4	1493	67.95924777354	0.4002
4	1501	68.30141389713	0.4002
4	1518	69.166602415934	0.4002
4	1523	69.366602415934	0.537691193297
4	1531	69.671422896245	0.4002
4	1542	70.434531311716	0.4002
4	1562	71.047496621967	0.4002
4	1573	71.247496621967	0.583646102733
4	1577	71.447496621967	0.426376676832
4	1579	71.647496621967	0.569894178813
4	1598	72.363962249024	0.4002
4	1600	72.563962249024	0.46403147912
4	1619	73.137825819076	0.4002
4	1621	73.337825819076	0.407089551902
4	1632	74.336871380647	0.4002
4	1651	75.665297197959	0.4002
4	1659	75.865297197959	0.486492564094
4	1672	76.097612916879	0.4002
4	1680	76.297612916879	0.422907969447
4	1688	76.590560538603	0.4002
4	1696	76.913505365922	0.4002
4	1710	77.75629137061	0.4002
4	1726	78.096510018832	0.4002
4	1728	78.296510018832	0.461927725721
4	1739	78.702616079647	0.4002
4	1750	79.192727419515	0.4002
4	1764	80.047178618827	0.4002
4	1775	80.422230773524	0.4002
4	1783	80.797326456959	0.4002
4	1794	81.260698703181	0.4002
4	1813	82.660815500055	0.4002
4	1815	82.860815500055	0.446035098287
4	1834	83.457541849105	0.4002
4	1843	83.740775363599	0.4002
4	1851	83.940775363599	0.501731872953
4	1856	84.192868167249	0.4002
4	1873	84.676299012985	0.4002
4	1878	84.931175779477	0.4002
4	1897	85.344267567692	0.4002
4	1899	85.544267567692	0.430724883166
4	1910	86.234444592703	0.4002
4	1921	87.505585372955	0.4002
4	1938	88.327202531138	0.4002
4	1959	88.592585403385	0.4002
4	1967	88.792585403385	0.422843562604
4	1969	88.992585403385	0.504870600199
4	1971	89.192585403385	0.630397398566
4	1982	90.260061250625	0.4002
4	2003	90.764535594956	0.4002
4	2015	91.034342005009	0.4002
4	2018	91.234342005009	0.596028456212
4	2020	91.434342005009	0.720783906198
4	2037	91.890720122698	0.4002
4	2045	92.090720122698	0.547669842965
4	2050	92.291905584955	0.4002
4	2061	93.552893461441	0.4002
4	2080	96.477644422331	0.4002
4	2082	96.677644422331	0.423408016904
4	2093	98.723291425375	0.4002
4	2115	100.222336311746	0.4002
4	2122	100.422336311746	0.471411025316
4	2124	100.622336311746	0.465643552372
4	2141	101.505310408094	0.4002
4	2146	101.74943577632	0.4002
4	2157	102.587271465048	0.4002
4	2176	103.801994750128	0.4002
4	2178	104.001994750128	0.465518311103
4	2189	104.503228213624	0.4002
4	2200	105.038026816415	0.4002
4	2211	105.789638141279	0.4002
4	2222	107.679500015221	0.4002
4	2233	108.273700410223	0.4002
4	2244	108.931280193699	0.4002
4	2267	110.2836612235	0.4002
4	2271	110.4836612235	0.549942548443
4	2281	110.6836612235	0.505925458254
4	2293	110.925115833046	0.4002
4	2305	111.125115833046	0.511369742478
4	2316	111.325115833046	0.401086625613
4	2324	111.525115833046	0.451023874117
4	2326	111.725115833046	0.650651788401
4	2328	111.925115833046	0.768817184316
4	2339	113.808660818982	0.4002
4	2350	114.443940014013	0.4002
4	2361	115.4942519202	0.4002
4	2380	115.895749586632	0.4002
4	2388	116.095749586632	0.47775385584
4	2393	116.308707904122	0.4002
4	2404	116.773620740334	0.4002
4	2418	117.600045239691	0.4002
4	2426	117.919330342572	0.4002
4	2443	118.330778984839	0.4002
4	2448	118.553226860799	0.4002
4	2462	119.075430498261	0.4002
4	2476	119.452189649388	0.4002
4	2481	119.704588584146	0.4002
4	2492	120.120589925583	0.4002
4	2503	120.628457473517	0.4002
4	2528	121.524984646256	0.4002
4	2536	121.724984646256	0.533813871501
4	2538	121.924984646256	0.701377477158
4	2546	122.124984646256	0.618501976006
4	2554	122.372850331325	0.4002
4	2565	122.714667935994	0.4002
4	2581	123.064867387206	0.4002
4	2595	123.335323190549	0.4002
4	2604	123.535323190549	0.512845481777
4	2608	123.735323190549	0.495592204641
4	2613	123.935323190549	0.617004718871
4	2621	124.287760304035	0.4002
4	2640	124.795596078721	0.4002
4	2642	124.995596078721	0.402864785578
4	2665	126.065321034079	0.4002
4	2675	126.265321034079	0.490784439789
4	2684	126.465321034079	0.674075427196
4	2693	126.665321034079	0.564831542156
4	2697	126.865321034079	0.485504249029
4	2699	127.065321034079	0.604661693154
4	2710	127.912288421785	0.4002
4	2724	128.548941839261	0.4002
4	2732	128.872557722726	0.4002
4	2749	129.311617998218	0.4002
4	2760	129.540711292761	0.4002
4	2779	129.821400647221	0.4002
4	2790	130.021400647221	0.462553596836
4	2803	130.221400647221	0.638402982671
4	2811	130.421400647221	0.813686115219
4	2816	130.621400647221	0.616312405222
4	2823	130.821400647221	0.720025369249
4	2828	131.021400647221	0.852384768557
4	2835	131.221400647221	0.645545416733
4	2840	131.421400647221	0.413346998219
4	2854	131.785855888385	0.4002
4	2864	131.985855888385	0.50679094954
4	2879	132.272139164834	0.4002
4	2886	132.472139164834	0.573261856323
4	2893	132.672139164834	0.595600537604
4	2895	132.872139164834	0.476752974695
4	2914	133.798399406438	0.4002
4	2916	133.998399406438	0.471975063861
4	2927	134.865108341623	0.4002
4	2943	135.701505217269	0.4002
4	2955	136.014904462243	0.4002
4	2957	136.214904462243	0.525999806942
4	2974	136.78497564172	0.4002
4	2976	136.98497564172	0.554817743753
4	2993	137.595603510356	0.4002
4	3004	137.873318945121	0.4002
4	3009	138.102828513309	0.4002
4	3026	138.694241399904	0.4002
4	3034	138.894241399904	0.502610207026
4	3047	139.150277057808	0.4002
4	3055	139.350277057808	0.454441622597
4	3071	139.621325713436	0.4002
4	3081	139.821325713436	0.464891700377
4	3088	140.021325713436	0.456084570926
4	3090	140.221325713436	0.407380252175
4	3107	141.507486729587	0.4002
4	3109	141.707486729587	0.59658375017
4	3128	142.724933668911	0.4002
4	3130	142.924933668911	0.435328939665
4	3144	143.505138442878	0.4002
4	3152	143.890228278301	0.4002
4	3169	144.922715513661	0.4002
4	3177	145.197723413305	0.4002
4	3188	145.59577916363	0.4002
4	3196	145.975237132648	0.4002
4	3207	147.751350748526	0.4002
4	3218	148.425036356393	0.4002
4	3229	149.163695278487	0.4002
4	3240	150.502083246535	0.4002
4	3259	150.910463252053	0.4002
4	3261	151.110463252053	0.402939604447
4	3283	151.738406899253	0.4002
4	3290	151.938406899253	0.44245164833
4	3295	152.138406899253	0.402305671042
4	3306	152.459646730445	0.4002
4	3314	152.790533903874	0.4002
4	3325	153.260846374881	0.4002
4	3344	153.844986242967	0.4002
4	3346	154.044986242967	0.496533876142
4	3372	154.889448634824	0.4002
4	3381	155.089448634824	0.586002646527
4	3383	155.289448634824	0.570196722484
4	3385	155.489448634824	0.656122728261
4	3407	156.060664962443	0.4002
4	3414	156.260664962443	0.459611981496
4	3422	156.460664962443	0.477106311009
4	3427	156.670402302293	0.4002
4	3438	157.343112002013	0.4002
4	3455	157.841495449844	0.4002
4	3468	158.104080583802	0.4002
4	3470	158.304080583802	0.42084462686
4	3481	160.042348698931	0.4002
4	3492	161.897026749162	0.4002
4	3503	162.499997769794	0.4002
4	3520	163.524544506167	0.4002
4	3525	163.724544506167	0.530993871399
4	3533	164.07850676886	0.4002
4	3550	165.583512867542	0.4002
4	3563	165.789672445576	0.4002
4	3575	166.067124995165	0.4002
4	3582	166.267124995165	0.507196865919
4	3584	166.467124995165	0.461709380021
4	3595	166.944623761422	0.4002
4	3606	169.50185563476	0.4002
4	3617	170.130277146505	0.4002
4	3639	170.648778309524	0.4002
4	3642	170.848778309524	0.566006659787
4	3647	171.048778309524	0.752305511146
4	3655	171.442758552299	0.4002
4	3666	172.029162064577	0.4002
4	3683	173.126605370825	0.4002
4	3688	173.326605370825	0.567529896757
4	3702	173.659415775155	0.4002
4	3707	173.903792910305	0.4002
4	3726	174.511398299338	0.4002
4	3728	174.711398299338	0.483034975205
4	3739	175.624074386939	0.4002
4	3750	176.658867124217	0.4002
4	3761	178.144132441144	0.4002
4	3778	178.720515133305	0.4002
4	3783	178.937352075157	0.4002
4	3800	180.016926072846	0.4002
4	3802	180.216926072846	0.569686691565
4	3821	180.710109819993	0.4002
4	3823	180.910109819993	0.413975584833
4	3840	181.962216850115	0.4002
4	3842	182.162216850115	0.506522315071
4	3861	182.73652010544	0.4002
4	3873	182.970761492021	0.4002
4	3880	183.170761492021	0.578969148807
4	3882	183.370761492021	0.428408679909
4	3893	184.418882458474	0.4002
4	3912	185.200378902887	0.4002
4	3914	185.400378902887	0.474616318913
4	3925	186.849284857018	0.4002
4	3944	187.298711034265	0.4002
4	3946	187.498711034265	0.429081005591
4	3957	188.529790549595	0.4002
4	3968	190.048214466595	0.4002
4	3991	190.794866446709	0.4002
4	4005	190.994866446709	0.498502410554
4	4015	191.194866446709	0.643809496109
4	4022	191.394866446709	0.553845464638
4	4035	191.594866446709	0.73656778872
4	4039	191.794866446709	0.835815917253
4	4046	191.994866446709	0.699754654388
4	4055	192.194866446709	0.748762072946
4	4059	192.394866446709	0.440606696459
4	4061	192.594866446709	0.631928370782
4	4080	193.012736072851	0.4002
4	4085	193.212736072851	0.458833088124
4	4099	193.585194108314	0.4002
4	4104	193.829491302507	0.4002
4	4118	195.217667448832	0.4002
4	4137	195.561417082981	0.4002
4	4152	195.761417082981	0.412151843039
4	4162	195.961417082981	0.431278318566
4	4166	196.161417082981	0.594323868051
4	4168	196.361417082981	0.787760448171
4	4170	196.561417082981	0.922743758882
4	4181	197.086049916032	0.4002
4	4200	199.292447388187	0.4002
4	4211	199.492447388187	0.465544036809
4	4221	199.710796970233	0.4002
4	4223	199.910796970233	0.476673007809
5	16	1.433677525325	1
5	18	1.633677525325	1
5	37	3.16879561748	1
5	39	3.36879561748	1
5	56	4.322667516623	1
5	64	4.559686977546	1
5	72	4.938109405024	1
5	91	5.78577422983	1
5	101	5.98577422983	1
5	110	6.19262566381	1
5	118	6.39262566381	1
5	129	6.671775724019	1
5	134	6.953246595708	1
5	151	7.67959815991	1
5	162	7.936974288867	1
5	170	8.193993941382	1
5	178	8.563772431947	1
5	192	9.591981104633	1
5	200	9.917400370488	1
5	211	11.222216395572	1
5	228	11.627457588005	1
5	236	11.827457588005	1
5	241	12.098635375123	1
5	252	12.703174809507	1
5	269	13.418602254362	1
5	274	13.676251201545	1
5	285	14.299299323141	1
5	296	15.151904861739	1
5	319	15.63527875677	1
5	326	15.83527875677	1
5	339	16.03527875677	1
5	343	16.23527875677	1
5	351	16.43527875677	1
5	356	16.640840375117	1
5	367	18.462893612412	1
5	388	19.501878499412	1
5	405	19.704941697822	1
5	418	19.904941697822	1
5	427	20.104941697822	1
5	429	20.304941697822	1
5	431	20.504941697822	1
5	433	20.704941697822	1
5	444	22.251791427399	1
5	467	22.816100594769	1
5	482	23.016100594769	1
5	493	23.216100594769	1
5	506	23.416100594769	1
5	515	23.616100594769	1
5	520	23.816100594769	1
5	527	24.016100594769	1
5	535	24.216100594769	1
5	539	24.416100594769	1
5	541	24.616100594769	1
5	552	25.893530138225	1
5	566	27.025909959686	1
5	580	27.386300486044	1
5	585	27.598213007239	1
5	596	28.157984825573	1
5	622	30.249554394788	1
5	633	30.449554394788	1
5	643	30.649554394788	1
5	653	30.849554394788	1
5	657	31.049554394788	1
5	662	31.249554394788	1
5	669	31.449554394788	1
5	671	31.649554394788	1
5	682	32.292814348869	1
5	693	32.832396720347	1
5	715	34.229232724227	1
5	726	34.429232724227	1
5	735	34.629232724227	1
5	747	34.829232724227	1
5	756	35.029232724227	1
5	758	35.229232724227	1
5	766	35.429232724227	1
5	771	35.715127018171	1
5	788	36.522492698117	1
5	793	36.722492698117	1
5	806	37.063817197238	1
5	818	37.390086523467	1
5	823	37.590086523467	1
5	831	37.948826066619	1
5	848	38.411547907685	1
5	850	38.611547907685	1
5	861	39.279580728197	1
5	886	39.860261739553	1
5	894	40.060261739553	1
5	896	40.260261739553	1
5	898	40.460261739553	1
5	909	41.377311820586	1
5	928	42.158046677262	1
5	930	42.358046677262	1
5	941	44.5233222118	1
5	952	44.945232365903	1
5	977	45.383724761274	1
5	988	45.583724761274	1
5	995	45.783724761274	1
5	1006	45.983724761274	1
5	1015	46.183724761274	1
5	1023	46.383724761274	1
5	1027	46.583724761274	1
5	1032	46.783724761274	1
5	1054	47.104040876808	1
5	1058	47.304040876808	1
5	1060	47.504040876808	1
5	1077	48.29580674269	1
5	1079	48.49580674269	1
5	1093	49.312080289769	1
5	1101	49.69617117793	1
5	1121	50.33744064321	1
5	1128	50.53744064321	1
5	1130	50.73744064321	1
5	1144	51.338870715402	1
5	1152	51.736446393841	1
5	1163	53.140252150089	1
5	1174	53.632848695648	1
5	1188	55.067999628758	1
5	1202	55.414309143818	1
5	1207	55.649101806094	1
5	1218	56.318049228287	1
5	1232	56.770910425364	1
5	1240	57.075914095754	1
5	1251	57.618243218478	1
5	1265	58.097785936162	1
5	1273	58.455053528603	1
5	1287	59.00231328103	1
5	1309	59.320595186342	1
5	1325	59.610765210906	1
5	1337	59.810765210906	1
5	1348	60.010765210906	1
5	1356	60.210765210906	1
5	1358	60.410765210906	1
5	1360	60.610765210906	1
5	1365	60.810765210906	1
5	1378	61.010765210906	1
5	1382	61.210765210906	1
5	1384	61.410765210906	1
5	1398	62.693369438321	1
5	1412	63.070567339601	1
5	1417	63.270567339601	1
5	1425	63.589928497519	1
5	1436	64.274467881242	1
5	1447	64.91260428282	1
5	1466	66.830578813193	1
5	1468	67.030578813193	1
5	1485	67.700158591882	1
5	1493	67.95924777354	1
5	1501	68.30141389713	1
5	1518	69.166602415934	1
5	1523	69.366602415934	1
5	1531	69.671422896245	1
5	1542	70.434531311716	1
5	1562	71.047496621967	1
5	1573	71.247496621967	1
5	1577	71.447496621967	1
5	1579	71.647496621967	1
5	1598	72.363962249024	1
5	1600	72.563962249024	1
5	1619	73.137825819076	1
5	1621	73.337825819076	1
5	1632	74.336871380647	1
5	1651	75.665297197959	1
5	1659	75.865297197959	1
5	1672	76.097612916879	1
5	1680	76.297612916879	1
5	1688	76.590560538603	1
5	1696	76.913505365922	1
5	1710	77.75629137061	1
5	1726	78.096510018832	1
5	1728	78.296510018832	1
5	1739	78.702616079647	1
5	1750	79.192727419515	1
5	1764	80.047178618827	1
5	1775	80.422230773524	1
5	1783	80.797326456959	1
5	1794	81.260698703181	1
5	1813	82.660815500055	1
5	1815	82.860815500055	1
5	1834	83.457541849105	1
5	1843	83.740775363599	1
5	1851	83.940775363599	1
5	1856	84.192868167249	1
5	1873	84.676299012985	1
5	1878	84.931175779477	1
5	1897	85.344267567692	1
5	1899	85.544267567692	1
5	1910	86.234444592703	1
5	1921	87.505585372955	1
5	1938	88.327202531138	1
5	1959	88.592585403385	1
5	1967	88.792585403385	1
5	1969	88.992585403385	1
5	1971	89.192585403385	1
5	1982	90.260061250625	1
5	2003	90.764535594956	1
5	2015	91.034342005009	1
5	2018	91.234342005009	1
5	2020	91.434342005009	1
5	2037	91.890720122698	1
5	2045	92.090720122698	1
5	2050	92.291905584955	1
5	2061	93.552893461441	1
5	2080	96.477644422331	1
5	2082	96.677644422331	1
5	2093	98.723291425375	1
5	2115	100.222336311746	1
5	2122	100.422336311746	1
5	2124	100.622336311746	1
5	2141	101.505310408094	1
5	2146	101.74943577632	1
5	2157	102.587271465048	1
5	2176	103.801994750128	1
5	2178	104.001994750128	1
5	2189	104.503228213624	1
5	2200	105.038026816415	1
5	2211	105.789638141279	1
5	2222	107.679500015221	1
5	2233	108.273700410223	1
5	2244	108.931280193699	1
5	2267	110.2836612235	1
5	2271	110.4836612235	1
5	2281	110.6836612235	1
5	2293	110.925115833046	1
5	2305	111.125115833046	1
5	2316	111.325115833046	1
5	2324	111.525115833046	1
5	2326	111.725115833046	1
5	2328	111.925115833046	1
5	2339	113.808660818982	1
5	2350	114.443940014013	1
5	2361	115.4942519202	1
5	2380	115.895749586632	1
5	2388	116.095749586632	1
5	2393	116.308707904122	1
5	2404	116.773620740334	1
5	2418	117.600045239691	1
5	2426	117.919330342572	1
5	2443	118.330778984839	1
5	2448	118.553226860799	1
5	2462	119.075430498261	1
5	2476	119.452189649388	1
5	2481	119.704588584146	1
5	2492	120.120589925583	1
5	2503	120.628457473517	1
5	2528	121.524984646256	1
5	2536	121.724984646256	1
5	2538	121.924984646256	1
5	2546	122.124984646256	1
5	2554	122.372850331325	1
5	2565	122.714667935994	1
5	2581	123.064867387206	1
5	2595	123.335323190549	1
5	2604	123.535323190549	1
5	2608	123.735323190549	1
5	2613	123.935323190549	1
5	2621	124.287760304035	1
5	2640	124.795596078721	1
5	2642	124.995596078721	1
5	2665	126.065321034079	1
5	2675	126.265321034079	1
5	2684	126.465321034079	1
5	2693	126.665321034079	1
5	2697	126.865321034079	1
5	2699	127.065321034079	1
5	2710	127.912288421785	1
5	2724	128.548941839261	1
5	2732	128.872557722726	1
5	2749	129.311617998218	1
5	2760	129.540711292761	1
5	2779	129.821400647221	1
5	2790	130.021400647221	1
5	2803	130.221400647221	1
5	2811	130.421400647221	1
5	2816	130.621400647221	1
5	2823	130.821400647221	1
5	2828	131.021400647221	1
5	2835	131.221400647221	1
5	2840	131.421400647221	1
5	2854	131.785855888385	1
5	2864	131.985855888385	1
5	2879	132.272139164834	1
5	2886	132.472139164834	1
5	2893	132.672139164834	1
5	2895	132.872139164834	1
5	2914	133.798399406438	1
5	2916	133.998399406438	1
5	2927	134.865108341623	1
5	2943	135.701505217269	1
5	2955	136.014904462243	1
5	2957	136.214904462243	1
5	2974	136.78497564172	1
5	2976	136.98497564172	1
5	2993	137.595603510356	1
5	3004	137.873318945121	1
5	3009	138.102828513309	1
5	3026	138.694241399904	1
5	3034	138.894241399904	1
5	3047	139.150277057808	1
5	3055	139.350277057808	1
5	3071	139.621325713436	1
5	3081	139.821325713436	1
5	3088	140.021325713436	1
5	3090	140.221325713436	1
5	3107	141.507486729587	1
5	3109	141.707486729587	1
5	3128	142.724933668911	1
5	3130	142.924933668911	1
5	3144	143.505138442878	1
5	3152	143.890228278301	1
5	3169	144.922715513661	1
5	3177	145.197723413305	1
5	3188	145.59577916363	1
5	3196	145.975237132648	1
5	3207	147.751350748526	1
5	3218	148.425036356393	1
5	3229	149.163695278487	1
5	3240	150.502083246535	1
5	3259	150.910463252053	1
5	3261	151.110463252053	1
5	3283	151.738406899253	1
5	3290	151.938406899253	1
5	3295	152.138406899253	1
5	3306	152.459646730445	1
5	3314	152.790533903874	1
5	3325	153.260846374881	1
5	3344	153.844986242967	1
5	3346	154.044986242967	1
5	3372	154.889448634824	1
5	3381	155.089448634824	1
5	3383	155.289448634824	1
5	3385	155.489448634824	1
5	3407	156.060664962443	1
5	3414	156.260664962443	1
5	3422	156.460664962443	1
5	3427	156.670402302293	1
5	3438	157.343112002013	1
5	3455	157.841495449844	1
5	3468	158.104080583802	1
5	3470	158.304080583802	1
5	3481	160.042348698931	1
5	3492	161.897026749162	1
5	3503	162.499997769794	1
5	3520	163.524544506167	1
5	3525	163.724544506167	1
5	3533	164.07850676886	1
5	3550	165.583512867542	1
5	3563	165.789672445576	1
5	3575	166.067124995165	1
5	3582	166.267124995165	1
5	3584	166.467124995165	1
5	3595	166.944623761422	1
5	3606	169.50185563476	1
5	3617	170.130277146505	1
5	3639	170.648778309524	1
5	3642	170.848778309524	1
5	3647	171.048778309524	1
5	3655	171.442758552299	1
5	3666	172.029162064577	1
5	3683	173.126605370825	1
5	3688	173.326605370825	1
5	3702	173.659415775155	1
5	3707	173.903792910305	1
5	3726	174.511398299338	1
5	3728	174.711398299338	1
5	3739	175.624074386939	1
5	3750	176.658867124217	1
5	3761	178.144132441144	1
5	3778	178.720515133305	1
5	3783	178.937352075157	1
5	3800	180.016926072846	1
5	3802	180.216926072846	1
5	3821	180.710109819993	1
5	3823	180.910109819993	1
5	3840	181.962216850115	1
5	3842	182.162216850115	1
5	3861	182.73652010544	1
5	3873	182.970761492021	1
5	3880	183.170761492021	1
5	3882	183.370761492021	1
5	3893	184.418882458474	1
5	3912	185.200378902887	1
5	3914	185.400378902887	1
5	3925	186.849284857018	1
5	3944	187.298711034265	1
5	3946	187.498711034265	1
5	3957	188.529790549595	1
5	3968	190.048214466595	1
5	3991	190.794866446709	1
5	4005	190.994866446709	1
5	4015	191.194866446709	1
5	4022	191.394866446709	1
5	4035	191.594866446709	1
5	4039	191.794866446709	1
5	4046	191.994866446709	1
5	4055	192.194866446709	1
5	4059	192.394866446709	1
5	4061	192.594866446709	1
5	4080	193.012736072851	1
5	4085	193.212736072851	1
5	4099	193.585194108314	1
5	4104	193.829491302507	1
5	4118	195.217667448832	1
5	4137	195.561417082981	1
5	4152	195.761417082981	1
5	4162	195.961417082981	1
5	4166	196.161417082981	1
5	4168	196.361417082981	1
5	4170	196.561417082981	1
5	4181	197.086049916032	1
5	4200	199.292447388187	1
5	4211	199.492447388187	1
5	4221	199.710796970233	1
5	4223	199.910796970233	1

