version 3
run BaseVersion-6-20240511-20:45:07-11874
attr configname BaseVersion
attr datetime 20240511-20:45:07
attr datetimef 20240511-204507
attr experiment BaseVersion
attr inifile omnetpp.ini
attr iterationvars $genInterval=0.4
attr iterationvarsd genInterval=0.4
attr iterationvarsf genInterval=0.4-
attr measurement $genInterval=0.4
attr network Network
attr processid 11874
attr repetition 0
attr replication #0
attr resultdir results
attr runnumber 6
attr seedset 6
itervar genInterval 0.4
config network Network
config sim-time-limit 200s
config Network.nodeTx.gen.generationInterval exponential(0.4)
config Network.nodeTx.gen.packetByteSize 12500
config Network.nodeTx.queue.bufferSize 200
config Network.nodeRx.queue.bufferSize 200
config Network.queue.bufferSize 200

vector 0 Network.nodeTx.gen packetGen ETV
vector 1 Network.nodeTx.queue bufferSize ETV
vector 2 Network.queue bufferSize ETV
vector 3 Network.nodeRx.queue bufferSize ETV
vector 4 Network.nodeRx.sink Delay ETV
vector 5 Network.nodeRx.sink packetUsed ETV
0	1	0.893448103126	1
0	12	2.072042711789	1
0	18	2.233417461	1
0	24	2.327405932924	1
0	41	3.016066061121	1
0	44	3.042630803465	1
0	46	3.059667154385	1
0	56	3.244550807095	1
0	58	3.29011253847	1
0	84	4.970763783001	1
0	93	5.332362497513	1
0	98	5.374271967556	1
0	110	5.67612559335	1
0	122	6.05120654375	1
0	133	6.268275796548	1
0	144	6.570622391837	1
0	152	6.734055085235	1
0	165	6.997810634845	1
0	176	7.387505106344	1
0	189	8.085171481721	1
0	198	8.315773521834	1
0	211	8.878393520259	1
0	222	9.410937402142	1
0	228	9.608639916801	1
0	241	9.900594602178	1
0	247	10.010271349506	1
0	262	10.356186008473	1
0	265	10.423844746057	1
0	281	10.838500044591	1
0	294	11.353918510787	1
0	305	13.205059562799	1
0	316	14.187332602017	1
0	327	14.872936979291	1
0	336	15.129178718142	1
0	347	15.342407848503	1
0	360	15.796315791807	1
0	371	16.632169603195	1
0	382	17.279401468182	1
0	393	17.973763605817	1
0	402	18.218895562531	1
0	405	18.241301332666	1
0	421	18.689441690646	1
0	434	19.196685886673	1
0	437	19.260680479076	1
0	453	19.908820493004	1
0	459	20.085523985928	1
0	474	20.618863051989	1
0	483	21.002204919727	1
0	496	21.49615886774	1
0	505	21.729883515605	1
0	516	22.04131051997	1
0	527	22.384474306346	1
0	530	22.437806494926	1
0	534	22.473269593922	1
0	556	23.737958788614	1
0	562	23.839030784408	1
0	573	24.045537814931	1
0	578	24.143841881387	1
0	583	24.241665964929	1
0	603	24.940209102455	1
0	614	25.445522530906	1
0	623	25.692175836766	1
0	636	27.752647985214	1
0	645	28.06824027448	1
0	653	28.186318529676	1
0	668	28.806050503197	1
0	679	29.251105894698	1
0	690	29.789721338043	1
0	699	30.155244774353	1
0	712	30.664570457319	1
0	723	31.169963546767	1
0	734	31.809414704437	1
0	745	32.917488363115	1
0	756	33.771965545668	1
0	762	33.945393969227	1
0	777	34.634895316535	1
0	783	34.751911043534	1
0	792	34.897990553726	1
0	804	35.103972546069	1
0	818	35.65115813123	1
0	829	36.200131622721	1
0	835	36.396684144832	1
0	850	36.911728193466	1
0	859	37.165428755651	1
0	870	37.373851732618	1
0	883	37.869062682316	1
0	894	39.68706352851	1
0	900	39.868795412679	1
0	913	40.108293486305	1
0	926	41.156585845363	1
0	932	41.343825418174	1
0	947	41.870812093668	1
0	958	42.365449903257	1
0	964	42.477249279608	1
0	967	42.51167229077	1
0	985	42.967026711	1
0	996	43.170273707694	1
0	999	43.194844716823	1
0	1017	43.784250162144	1
0	1028	44.560228244927	1
0	1039	45.139072513158	1
0	1048	45.409351198469	1
0	1056	45.542902693143	1
0	1069	45.84712609909	1
0	1072	45.931188497129	1
0	1077	45.996976103041	1
0	1094	46.251872653239	1
0	1108	46.904918644826	1
0	1114	47.067989289736	1
0	1127	47.448558601082	1
0	1140	47.979369052637	1
0	1146	48.09402978232	1
0	1149	48.177877506787	1
0	1161	48.379366538277	1
0	1171	48.540217258881	1
0	1185	48.86867857187	1
0	1199	49.612424401932	1
0	1208	49.937046356542	1
0	1219	50.318876106972	1
0	1230	50.640188924684	1
0	1243	51.506237768208	1
0	1252	51.754464848584	1
0	1265	53.255670236856	1
0	1276	53.699931448189	1
0	1287	54.425309230288	1
0	1298	55.285869763754	1
0	1301	55.365652597661	1
0	1313	55.626995802367	1
0	1325	56.012359756529	1
0	1336	56.227569729035	1
0	1347	56.48615828454	1
0	1353	56.601972162989	1
0	1366	56.809083156551	1
0	1380	57.978478778173	1
0	1391	58.520216757866	1
0	1402	60.152154452452	1
0	1413	60.8514811157	1
0	1422	61.172536343825	1
0	1435	61.632367857209	1
0	1444	61.951661083941	1
0	1447	62.011651596397	1
0	1461	62.261033366884	1
0	1473	62.746407079284	1
0	1481	62.941175432659	1
0	1487	62.965431129843	1
0	1498	63.174797868258	1
0	1503	63.260404737306	1
0	1514	63.39467751198	1
0	1532	64.429685993405	1
0	1535	64.430027130951	1
0	1545	64.637773564858	1
0	1557	64.865870672952	1
0	1560	64.930075065055	1
0	1575	65.28412421477	1
0	1587	65.742767107144	1
0	1598	66.038679646113	1
0	1601	66.110085768732	1
0	1617	66.567343926462	1
0	1630	66.985249605811	1
0	1633	67.022183169046	1
0	1638	67.138117802583	1
0	1653	67.534748022352	1
0	1656	67.55165035504	1
0	1673	68.156335483514	1
0	1686	69.431311545886	1
0	1689	69.518903486661	1
0	1694	69.546309458498	1
0	1705	69.80930287072	1
0	1719	70.097050207617	1
0	1727	70.285891972194	1
0	1737	70.45288473701	1
0	1740	70.472427475267	1
0	1757	70.903962892667	1
0	1765	71.056044056313	1
0	1781	71.800301003091	1
0	1792	72.21928693575	1
0	1801	72.589688592413	1
0	1809	72.708195256831	1
0	1822	73.062125349313	1
0	1833	73.303636140123	1
0	1836	73.353423138875	1
0	1841	73.409313249151	1
0	1860	73.905084622763	1
0	1873	74.753081387238	1
0	1876	74.844606854044	1
0	1892	76.734725205463	1
0	1901	77.004351597586	1
0	1904	77.044434324571	1
0	1906	77.059352497988	1
0	1928	77.665987014546	1
0	1936	77.817557324154	1
0	1945	77.971000285951	1
0	1961	78.766198825795	1
0	1970	78.995129436332	1
0	1981	79.322130097259	1
0	1994	79.755885295087	1
0	2003	80.072372653855	1
0	2011	80.228198689098	1
0	2020	80.411634083981	1
0	2023	80.42156082726	1
0	2044	81.126029688684	1
0	2055	81.610283855369	1
0	2061	81.73966307863	1
0	2076	82.377098712991	1
0	2079	82.430812339834	1
0	2084	82.483194007148	1
0	2099	82.814122502305	1
0	2113	83.575362682416	1
0	2119	83.699791551646	1
0	2134	84.650157381489	1
0	2145	85.246881439101	1
0	2148	85.335101362154	1
0	2153	85.414192257171	1
0	2160	85.450643777539	1
0	2178	86.062260352588	1
0	2191	86.871519269117	1
0	2200	87.246112891731	1
0	2213	87.920506221185	1
0	2216	87.937564381296	1
0	2221	88.082459565639	1
0	2236	88.412012680978	1
0	2239	88.422409186219	1
0	2254	88.863623283992	1
0	2268	89.433701640783	1
0	2279	90.548490972016	1
0	2290	90.955805534891	1
0	2301	91.572528192519	1
0	2310	91.90496856	1
0	2323	92.460175652502	1
0	2334	93.421118005438	1
0	2343	93.696024584478	1
0	2356	94.147690271375	1
0	2359	94.165159234669	1
0	2364	94.298568949439	1
0	2383	94.977587073646	1
0	2392	95.216718790571	1
0	2395	95.222205747262	1
0	2413	97.167877688066	1
0	2422	97.487317377732	1
0	2430	97.60405095571	1
0	2443	97.938670275877	1
0	2456	98.803743659895	1
0	2459	98.851670952232	1
0	2469	99.020720037482	1
0	2472	99.046653326324	1
0	2479	99.179465994806	1
0	2495	99.521472966865	1
0	2509	100.005247826734	1
0	2520	100.271060261709	1
0	2528	100.444545917569	1
0	2537	100.588029350053	1
0	2540	100.607064694139	1
0	2542	100.623308316933	1
0	2555	100.818093758378	1
0	2571	101.220026851355	1
0	2585	101.844433410707	1
0	2590	101.897542392316	1
0	2606	102.854129679025	1
0	2609	102.858799166068	1
0	2611	102.887378143952	1
0	2616	103.016932148593	1
0	2641	104.184018669793	1
0	2647	104.327572789023	1
0	2656	104.458958434651	1
0	2661	104.538493781877	1
0	2680	105.221578977704	1
0	2683	105.249309562201	1
0	2685	105.261849030065	1
0	2705	105.866109721219	1
0	2718	106.558121787586	1
0	2727	106.762951331286	1
0	2740	107.258640963588	1
0	2746	107.371487914801	1
0	2761	108.133146294166	1
0	2770	108.429889874138	1
0	2773	108.447730554846	1
0	2780	108.565471297752	1
0	2795	108.848248709705	1
0	2809	109.612218602434	1
0	2812	109.705175584916	1
0	2824	109.969450349527	1
0	2838	110.494897534982	1
0	2847	110.885260697494	1
0	2860	111.299284798531	1
0	2871	112.745127675036	1
0	2882	113.358422264748	1
0	2888	113.533667711203	1
0	2899	113.757618865756	1
0	2907	113.85939290652	1
0	2921	114.257334051036	1
0	2934	115.797212681212	1
0	2940	115.971635110877	1
0	2953	116.325430268311	1
0	2966	117.553997113176	1
0	2977	119.153932154585	1
0	2986	119.537019121046	1
0	2999	120.922240730021	1
0	3008	121.192052899396	1
0	3021	121.680505829645	1
0	3027	121.798997366774	1
0	3030	121.806827837673	1
0	3038	121.914959390082	1
0	3054	122.29451635825	1
0	3064	122.589452888468	1
0	3072	122.704290676989	1
0	3086	123.147868452377	1
0	3089	123.20331391948	1
0	3103	123.522458015038	1
0	3111	123.704905331178	1
0	3121	123.89701473374	1
0	3128	123.986318908437	1
0	3143	124.399434131927	1
0	3156	124.981231574923	1
0	3167	125.893469488036	1
0	3178	126.981809203122	1
0	3187	127.273575020713	1
0	3190	127.284277901139	1
0	3208	128.13647890578	1
0	3214	128.254798803871	1
0	3220	128.340902914352	1
0	3229	128.464709355551	1
0	3247	129.159621075376	1
0	3250	129.221034357761	1
0	3260	129.377658282968	1
0	3276	130.588129150875	1
0	3287	131.060653363518	1
0	3293	131.174454587913	1
0	3306	131.659080016908	1
0	3314	131.835218285216	1
0	3329	132.459696954916	1
0	3332	132.479767821588	1
0	3337	132.574349193516	1
0	3344	132.683141281058	1
0	3360	133.111122712128	1
0	3374	133.968756558855	1
0	3385	134.94910545608	1
0	3396	136.283640438111	1
0	3402	136.388222685371	1
0	3415	136.815100491425	1
0	3418	136.838759838763	1
0	3425	136.979640172701	1
0	3436	137.116862424201	1
0	3439	137.14133012002	1
0	3452	137.376265899382	1
0	3470	138.175591900936	1
0	3473	138.178772922151	1
0	3477	138.246207082975	1
0	3497	138.837035273188	1
0	3503	138.962672028848	1
0	3514	139.066568437633	1
0	3526	139.384378821353	1
0	3540	139.862589780963	1
0	3546	139.978879089993	1
0	3561	140.683994943604	1
0	3572	141.428897125292	1
0	3581	141.744116461981	1
0	3592	142.023151178848	1
0	3603	142.302960857826	1
0	3614	142.568155037939	1
0	3617	142.631328333448	1
0	3635	143.57397012682	1
0	3646	144.047182057575	1
0	3657	145.034488672022	1
0	3663	145.146686996899	1
0	3672	145.257319338663	1
0	3684	145.479771113812	1
0	3687	145.48734920332	1
0	3702	145.892561731259	1
0	3714	146.33637808106	1
0	3717	146.388598467841	1
0	3724	146.514791599786	1
0	3743	147.742749510869	1
0	3746	147.748513422522	1
0	3756	147.967427176764	1
0	3759	148.008298031858	1
0	3772	148.247051383303	1
0	3784	148.46414147325	1
0	3792	148.564587818961	1
0	3795	148.615970441581	1
0	3802	148.678502578883	1
0	3810	148.771320293822	1
0	3826	149.317441130744	1
0	3840	149.864124834049	1
0	3854	150.628060541527	1
0	3863	150.871353604409	1
0	3874	151.104166173655	1
0	3877	151.152360182488	1
0	3884	151.273073186536	1
0	3891	151.370066770907	1
0	3897	151.410948184407	1
0	3919	152.476044642512	1
0	3922	152.501502723317	1
0	3924	152.504673155195	1
0	3926	152.561191938956	1
0	3946	152.971937677495	1
0	3964	154.208373278086	1
0	3975	154.622248205232	1
0	3986	155.240550302377	1
0	3997	155.696638245547	1
0	4003	155.851648056291	1
0	4016	156.196893531361	1
0	4027	156.422187265217	1
0	4040	157.0361573841	1
0	4049	157.334048112292	1
0	4062	158.024093533066	1
0	4071	158.356832448168	1
0	4084	158.773153991685	1
0	4095	159.403650143764	1
0	4098	159.482854770587	1
0	4103	159.52952821172	1
0	4120	160.047777827415	1
0	4131	160.288063790312	1
0	4137	160.422091847502	1
0	4152	160.744769890149	1
0	4165	161.481510986866	1
0	4176	162.459320428665	1
0	4185	162.797063968124	1
0	4198	163.827965015833	1
0	4201	163.863614510136	1
0	4211	164.124384980854	1
0	4227	165.091817755892	1
0	4230	165.139000962608	1
0	4240	165.387298759466	1
0	4254	165.871551056059	1
0	4267	167.01675745631	1
0	4276	167.298353588089	1
0	4279	167.314887557663	1
0	4281	167.359531565851	1
0	4286	167.405002889628	1
0	4311	168.25976514105	1
0	4324	168.82354054023	1
0	4327	168.851337263316	1
0	4329	168.868407408278	1
0	4339	169.097816283934	1
0	4353	169.338089539787	1
0	4365	169.80880575553	1
0	4379	170.486120205415	1
0	4382	170.584841173116	1
0	4394	170.802179142376	1
0	4397	170.858619000276	1
0	4404	170.942887224395	1
0	4422	171.648923954937	1
0	4435	172.390575197793	1
0	4444	172.713125512117	1
0	4447	172.758503341327	1
0	4454	172.860193065171	1
0	4461	172.996074455935	1
0	4477	173.32584931017	1
0	4480	173.423682396274	1
0	4499	174.123967256089	1
0	4508	174.373615168716	1
0	4521	175.306767863598	1
0	4527	175.460791979602	1
0	4540	175.856153531175	1
0	4553	176.815326004806	1
0	4564	177.447836871123	1
0	4575	178.063852692069	1
0	4586	178.542995101944	1
0	4597	179.032326251262	1
0	4606	179.247223707354	1
0	4609	179.307507959945	1
0	4614	179.419444195095	1
0	4631	179.797960024714	1
0	4643	180.115040910258	1
0	4656	180.877895637426	1
0	4667	181.913252434891	1
0	4678	182.942844457286	1
0	4687	183.299097324286	1
0	4700	183.733230373983	1
0	4709	183.97744950655	1
0	4715	184.097340289001	1
0	4730	184.432972113208	1
0	4736	184.562599721327	1
0	4749	184.787638718844	1
0	4761	185.191306063498	1
0	4769	185.312474835585	1
0	4784	185.828005602427	1
0	4787	185.861442581021	1
0	4792	186.007318081689	1
0	4811	187.093994799672	1
0	4822	187.547229821973	1
0	4828	187.651540846162	1
0	4839	187.934028502319	1
0	4842	187.939455048798	1
0	4861	188.646795098448	1
0	4870	188.865385119174	1
0	4883	189.325302803464	1
0	4886	189.352556016448	1
0	4902	190.316184358037	1
0	4911	190.611920439295	1
0	4914	190.663026343556	1
0	4926	190.858293003225	1
0	4942	191.590658985363	1
0	4948	191.697431638651	1
0	4963	192.882117461016	1
0	4972	193.213825360289	1
0	4983	193.554795959848	1
0	4988	193.651410324509	1
0	4990	193.653071782075	1
0	4995	193.721438841382	1
0	4997	193.735073517768	1
0	5018	194.138030261727	1
0	5030	194.350758735093	1
0	5038	194.494595404979	1
0	5050	194.739795776724	1
0	5068	195.641492800123	1
0	5077	195.901261159877	1
0	5090	196.322240627832	1
0	5101	196.779794361951	1
0	5112	197.696255013621	1
0	5123	198.258676633421	1
0	5129	198.364762854745	1
0	5144	199.052429865912	1
0	5150	199.172354445432	1
0	5159	199.342402745061	1
0	5175	199.925782339005	1
1	2	0.893448103126	1
1	13	2.072042711789	1
1	19	2.233417461	1
1	25	2.327405932924	1
1	42	3.016066061121	1
1	45	3.042630803465	1
1	47	3.059667154385	2
1	57	3.244550807095	1
1	59	3.29011253847	2
1	85	4.970763783001	1
1	94	5.332362497513	1
1	99	5.374271967556	1
1	111	5.67612559335	1
1	123	6.05120654375	1
1	134	6.268275796548	1
1	145	6.570622391837	1
1	153	6.734055085235	1
1	166	6.997810634845	1
1	177	7.387505106344	1
1	190	8.085171481721	1
1	199	8.315773521834	1
1	212	8.878393520259	1
1	223	9.410937402142	1
1	229	9.608639916801	1
1	242	9.900594602178	1
1	248	10.010271349506	1
1	263	10.356186008473	1
1	266	10.423844746057	1
1	282	10.838500044591	1
1	295	11.353918510787	1
1	306	13.205059562799	1
1	317	14.187332602017	1
1	328	14.872936979291	1
1	337	15.129178718142	1
1	348	15.342407848503	1
1	361	15.796315791807	1
1	372	16.632169603195	1
1	383	17.279401468182	1
1	394	17.973763605817	1
1	403	18.218895562531	1
1	406	18.241301332666	1
1	422	18.689441690646	1
1	435	19.196685886673	1
1	438	19.260680479076	1
1	454	19.908820493004	1
1	460	20.085523985928	1
1	475	20.618863051989	1
1	484	21.002204919727	1
1	497	21.49615886774	1
1	506	21.729883515605	1
1	517	22.04131051997	1
1	528	22.384474306346	1
1	531	22.437806494926	1
1	535	22.473269593922	2
1	557	23.737958788614	1
1	563	23.839030784408	1
1	574	24.045537814931	1
1	579	24.143841881387	1
1	584	24.241665964929	1
1	604	24.940209102455	1
1	615	25.445522530906	1
1	624	25.692175836766	1
1	637	27.752647985214	1
1	646	28.06824027448	1
1	654	28.186318529676	1
1	669	28.806050503197	1
1	680	29.251105894698	1
1	691	29.789721338043	1
1	700	30.155244774353	1
1	713	30.664570457319	1
1	724	31.169963546767	1
1	735	31.809414704437	1
1	746	32.917488363115	1
1	757	33.771965545668	1
1	763	33.945393969227	1
1	778	34.634895316535	1
1	784	34.751911043534	1
1	793	34.897990553726	1
1	805	35.103972546069	1
1	819	35.65115813123	1
1	830	36.200131622721	1
1	836	36.396684144832	1
1	851	36.911728193466	1
1	860	37.165428755651	1
1	871	37.373851732618	1
1	884	37.869062682316	1
1	895	39.68706352851	1
1	901	39.868795412679	1
1	914	40.108293486305	1
1	927	41.156585845363	1
1	933	41.343825418174	1
1	948	41.870812093668	1
1	959	42.365449903257	1
1	965	42.477249279608	1
1	968	42.51167229077	1
1	986	42.967026711	1
1	997	43.170273707694	1
1	1000	43.194844716823	1
1	1018	43.784250162144	1
1	1029	44.560228244927	1
1	1040	45.139072513158	1
1	1049	45.409351198469	1
1	1057	45.542902693143	1
1	1070	45.84712609909	1
1	1073	45.931188497129	1
1	1078	45.996976103041	1
1	1095	46.251872653239	1
1	1109	46.904918644826	1
1	1115	47.067989289736	1
1	1128	47.448558601082	1
1	1141	47.979369052637	1
1	1147	48.09402978232	1
1	1150	48.177877506787	1
1	1162	48.379366538277	1
1	1172	48.540217258881	1
1	1186	48.86867857187	1
1	1200	49.612424401932	1
1	1209	49.937046356542	1
1	1220	50.318876106972	1
1	1231	50.640188924684	1
1	1244	51.506237768208	1
1	1253	51.754464848584	1
1	1266	53.255670236856	1
1	1277	53.699931448189	1
1	1288	54.425309230288	1
1	1299	55.285869763754	1
1	1302	55.365652597661	1
1	1314	55.626995802367	1
1	1326	56.012359756529	1
1	1337	56.227569729035	1
1	1348	56.48615828454	1
1	1354	56.601972162989	1
1	1367	56.809083156551	1
1	1381	57.978478778173	1
1	1392	58.520216757866	1
1	1403	60.152154452452	1
1	1414	60.8514811157	1
1	1423	61.172536343825	1
1	1436	61.632367857209	1
1	1445	61.951661083941	1
1	1448	62.011651596397	1
1	1462	62.261033366884	1
1	1474	62.746407079284	1
1	1482	62.941175432659	1
1	1488	62.965431129843	1
1	1499	63.174797868258	1
1	1504	63.260404737306	1
1	1515	63.39467751198	1
1	1533	64.429685993405	1
1	1536	64.430027130951	1
1	1546	64.637773564858	1
1	1558	64.865870672952	1
1	1561	64.930075065055	1
1	1576	65.28412421477	1
1	1588	65.742767107144	1
1	1599	66.038679646113	1
1	1602	66.110085768732	1
1	1618	66.567343926462	1
1	1631	66.985249605811	1
1	1634	67.022183169046	1
1	1639	67.138117802583	1
1	1654	67.534748022352	1
1	1657	67.55165035504	1
1	1674	68.156335483514	1
1	1687	69.431311545886	1
1	1690	69.518903486661	1
1	1695	69.546309458498	1
1	1706	69.80930287072	1
1	1720	70.097050207617	1
1	1728	70.285891972194	1
1	1738	70.45288473701	1
1	1741	70.472427475267	1
1	1758	70.903962892667	1
1	1766	71.056044056313	1
1	1782	71.800301003091	1
1	1793	72.21928693575	1
1	1802	72.589688592413	1
1	1810	72.708195256831	1
1	1823	73.062125349313	1
1	1834	73.303636140123	1
1	1837	73.353423138875	1
1	1842	73.409313249151	1
1	1861	73.905084622763	1
1	1874	74.753081387238	1
1	1877	74.844606854044	1
1	1893	76.734725205463	1
1	1902	77.004351597586	1
1	1905	77.044434324571	1
1	1907	77.059352497988	2
1	1929	77.665987014546	1
1	1937	77.817557324154	1
1	1946	77.971000285951	1
1	1962	78.766198825795	1
1	1971	78.995129436332	1
1	1982	79.322130097259	1
1	1995	79.755885295087	1
1	2004	80.072372653855	1
1	2012	80.228198689098	1
1	2021	80.411634083981	1
1	2024	80.42156082726	1
1	2045	81.126029688684	1
1	2056	81.610283855369	1
1	2062	81.73966307863	1
1	2077	82.377098712991	1
1	2080	82.430812339834	1
1	2085	82.483194007148	1
1	2100	82.814122502305	1
1	2114	83.575362682416	1
1	2120	83.699791551646	1
1	2135	84.650157381489	1
1	2146	85.246881439101	1
1	2149	85.335101362154	1
1	2154	85.414192257171	1
1	2161	85.450643777539	1
1	2179	86.062260352588	1
1	2192	86.871519269117	1
1	2201	87.246112891731	1
1	2214	87.920506221185	1
1	2217	87.937564381296	1
1	2222	88.082459565639	1
1	2237	88.412012680978	1
1	2240	88.422409186219	1
1	2255	88.863623283992	1
1	2269	89.433701640783	1
1	2280	90.548490972016	1
1	2291	90.955805534891	1
1	2302	91.572528192519	1
1	2311	91.90496856	1
1	2324	92.460175652502	1
1	2335	93.421118005438	1
1	2344	93.696024584478	1
1	2357	94.147690271375	1
1	2360	94.165159234669	1
1	2365	94.298568949439	1
1	2384	94.977587073646	1
1	2393	95.216718790571	1
1	2396	95.222205747262	1
1	2414	97.167877688066	1
1	2423	97.487317377732	1
1	2431	97.60405095571	1
1	2444	97.938670275877	1
1	2457	98.803743659895	1
1	2460	98.851670952232	1
1	2470	99.020720037482	1
1	2473	99.046653326324	1
1	2480	99.179465994806	1
1	2496	99.521472966865	1
1	2510	100.005247826734	1
1	2521	100.271060261709	1
1	2529	100.444545917569	1
1	2538	100.588029350053	1
1	2541	100.607064694139	1
1	2543	100.623308316933	2
1	2556	100.818093758378	1
1	2572	101.220026851355	1
1	2586	101.844433410707	1
1	2591	101.897542392316	1
1	2607	102.854129679025	1
1	2610	102.858799166068	1
1	2612	102.887378143952	2
1	2617	103.016932148593	2
1	2642	104.184018669793	1
1	2648	104.327572789023	1
1	2657	104.458958434651	1
1	2662	104.538493781877	1
1	2681	105.221578977704	1
1	2684	105.249309562201	1
1	2686	105.261849030065	2
1	2706	105.866109721219	1
1	2719	106.558121787586	1
1	2728	106.762951331286	1
1	2741	107.258640963588	1
1	2747	107.371487914801	1
1	2762	108.133146294166	1
1	2771	108.429889874138	1
1	2774	108.447730554846	1
1	2781	108.565471297752	1
1	2796	108.848248709705	1
1	2810	109.612218602434	1
1	2813	109.705175584916	1
1	2825	109.969450349527	1
1	2839	110.494897534982	1
1	2848	110.885260697494	1
1	2861	111.299284798531	1
1	2872	112.745127675036	1
1	2883	113.358422264748	1
1	2889	113.533667711203	1
1	2900	113.757618865756	1
1	2908	113.85939290652	1
1	2922	114.257334051036	1
1	2935	115.797212681212	1
1	2941	115.971635110877	1
1	2954	116.325430268311	1
1	2967	117.553997113176	1
1	2978	119.153932154585	1
1	2987	119.537019121046	1
1	3000	120.922240730021	1
1	3009	121.192052899396	1
1	3022	121.680505829645	1
1	3028	121.798997366774	1
1	3031	121.806827837673	1
1	3039	121.914959390082	1
1	3055	122.29451635825	1
1	3065	122.589452888468	1
1	3073	122.704290676989	1
1	3087	123.147868452377	1
1	3090	123.20331391948	1
1	3104	123.522458015038	1
1	3112	123.704905331178	1
1	3122	123.89701473374	1
1	3129	123.986318908437	1
1	3144	124.399434131927	1
1	3157	124.981231574923	1
1	3168	125.893469488036	1
1	3179	126.981809203122	1
1	3188	127.273575020713	1
1	3191	127.284277901139	1
1	3209	128.13647890578	1
1	3215	128.254798803871	1
1	3221	128.340902914352	1
1	3230	128.464709355551	1
1	3248	129.159621075376	1
1	3251	129.221034357761	1
1	3261	129.377658282968	1
1	3277	130.588129150875	1
1	3288	131.060653363518	1
1	3294	131.174454587913	1
1	3307	131.659080016908	1
1	3315	131.835218285216	1
1	3330	132.459696954916	1
1	3333	132.479767821588	1
1	3338	132.574349193516	1
1	3345	132.683141281058	1
1	3361	133.111122712128	1
1	3375	133.968756558855	1
1	3386	134.94910545608	1
1	3397	136.283640438111	1
1	3403	136.388222685371	1
1	3416	136.815100491425	1
1	3419	136.838759838763	1
1	3426	136.979640172701	1
1	3437	137.116862424201	1
1	3440	137.14133012002	1
1	3453	137.376265899382	1
1	3471	138.175591900936	1
1	3474	138.178772922151	1
1	3478	138.246207082975	2
1	3498	138.837035273188	1
1	3504	138.962672028848	1
1	3515	139.066568437633	1
1	3527	139.384378821353	1
1	3541	139.862589780963	1
1	3547	139.978879089993	1
1	3562	140.683994943604	1
1	3573	141.428897125292	1
1	3582	141.744116461981	1
1	3593	142.023151178848	1
1	3604	142.302960857826	1
1	3615	142.568155037939	1
1	3618	142.631328333448	1
1	3636	143.57397012682	1
1	3647	144.047182057575	1
1	3658	145.034488672022	1
1	3664	145.146686996899	1
1	3673	145.257319338663	1
1	3685	145.479771113812	1
1	3688	145.48734920332	1
1	3703	145.892561731259	1
1	3715	146.33637808106	1
1	3718	146.388598467841	1
1	3725	146.514791599786	1
1	3744	147.742749510869	1
1	3747	147.748513422522	1
1	3757	147.967427176764	1
1	3760	148.008298031858	1
1	3773	148.247051383303	1
1	3785	148.46414147325	1
1	3793	148.564587818961	1
1	3796	148.615970441581	1
1	3803	148.678502578883	1
1	3811	148.771320293822	1
1	3827	149.317441130744	1
1	3841	149.864124834049	1
1	3855	150.628060541527	1
1	3864	150.871353604409	1
1	3875	151.104166173655	1
1	3878	151.152360182488	1
1	3885	151.273073186536	1
1	3892	151.370066770907	1
1	3898	151.410948184407	1
1	3920	152.476044642512	1
1	3923	152.501502723317	1
1	3925	152.504673155195	2
1	3927	152.561191938956	3
1	3947	152.971937677495	1
1	3965	154.208373278086	1
1	3976	154.622248205232	1
1	3987	155.240550302377	1
1	3998	155.696638245547	1
1	4004	155.851648056291	1
1	4017	156.196893531361	1
1	4028	156.422187265217	1
1	4041	157.0361573841	1
1	4050	157.334048112292	1
1	4063	158.024093533066	1
1	4072	158.356832448168	1
1	4085	158.773153991685	1
1	4096	159.403650143764	1
1	4099	159.482854770587	1
1	4104	159.52952821172	1
1	4121	160.047777827415	1
1	4132	160.288063790312	1
1	4138	160.422091847502	1
1	4153	160.744769890149	1
1	4166	161.481510986866	1
1	4177	162.459320428665	1
1	4186	162.797063968124	1
1	4199	163.827965015833	1
1	4202	163.863614510136	1
1	4212	164.124384980854	1
1	4228	165.091817755892	1
1	4231	165.139000962608	1
1	4241	165.387298759466	1
1	4255	165.871551056059	1
1	4268	167.01675745631	1
1	4277	167.298353588089	1
1	4280	167.314887557663	1
1	4282	167.359531565851	2
1	4287	167.405002889628	2
1	4312	168.25976514105	1
1	4325	168.82354054023	1
1	4328	168.851337263316	1
1	4330	168.868407408278	2
1	4340	169.097816283934	1
1	4354	169.338089539787	1
1	4366	169.80880575553	1
1	4380	170.486120205415	1
1	4383	170.584841173116	1
1	4395	170.802179142376	1
1	4398	170.858619000276	1
1	4405	170.942887224395	1
1	4423	171.648923954937	1
1	4436	172.390575197793	1
1	4445	172.713125512117	1
1	4448	172.758503341327	1
1	4455	172.860193065171	1
1	4462	172.996074455935	1
1	4478	173.32584931017	1
1	4481	173.423682396274	1
1	4500	174.123967256089	1
1	4509	174.373615168716	1
1	4522	175.306767863598	1
1	4528	175.460791979602	1
1	4541	175.856153531175	1
1	4554	176.815326004806	1
1	4565	177.447836871123	1
1	4576	178.063852692069	1
1	4587	178.542995101944	1
1	4598	179.032326251262	1
1	4607	179.247223707354	1
1	4610	179.307507959945	1
1	4615	179.419444195095	1
1	4632	179.797960024714	1
1	4644	180.115040910258	1
1	4657	180.877895637426	1
1	4668	181.913252434891	1
1	4679	182.942844457286	1
1	4688	183.299097324286	1
1	4701	183.733230373983	1
1	4710	183.97744950655	1
1	4716	184.097340289001	1
1	4731	184.432972113208	1
1	4737	184.562599721327	1
1	4750	184.787638718844	1
1	4762	185.191306063498	1
1	4770	185.312474835585	1
1	4785	185.828005602427	1
1	4788	185.861442581021	1
1	4793	186.007318081689	1
1	4812	187.093994799672	1
1	4823	187.547229821973	1
1	4829	187.651540846162	1
1	4840	187.934028502319	1
1	4843	187.939455048798	1
1	4862	188.646795098448	1
1	4871	188.865385119174	1
1	4884	189.325302803464	1
1	4887	189.352556016448	1
1	4903	190.316184358037	1
1	4912	190.611920439295	1
1	4915	190.663026343556	1
1	4927	190.858293003225	1
1	4943	191.590658985363	1
1	4949	191.697431638651	1
1	4964	192.882117461016	1
1	4973	193.213825360289	1
1	4984	193.554795959848	1
1	4989	193.651410324509	1
1	4991	193.653071782075	2
1	4996	193.721438841382	2
1	4998	193.735073517768	3
1	5019	194.138030261727	1
1	5031	194.350758735093	1
1	5039	194.494595404979	1
1	5051	194.739795776724	1
1	5069	195.641492800123	1
1	5078	195.901261159877	1
1	5091	196.322240627832	1
1	5102	196.779794361951	1
1	5113	197.696255013621	1
1	5124	198.258676633421	1
1	5130	198.364762854745	1
1	5145	199.052429865912	1
1	5151	199.172354445432	1
1	5160	199.342402745061	1
1	5176	199.925782339005	1
2	5	0.993548103126	1
2	16	2.172142711789	1
2	27	2.333517461	1
2	30	2.433517461	1
2	49	3.116166061121	1
2	52	3.216166061121	1
2	61	3.316166061121	1
2	65	3.416166061121	1
2	71	3.516166061121	1
2	88	5.070863783001	1
2	101	5.432462497513	1
2	104	5.532462497513	1
2	116	5.77622559335	1
2	128	6.15130654375	1
2	137	6.368375796548	1
2	150	6.670722391837	1
2	159	6.834155085235	1
2	169	7.097910634845	1
2	182	7.487605106344	1
2	193	8.185271481721	1
2	202	8.415873521834	1
2	215	8.978493520259	1
2	226	9.511037402142	1
2	235	9.708739916801	1
2	245	10.000694602178	1
2	256	10.110371349506	1
2	268	10.456286008473	1
2	273	10.556286008473	1
2	285	10.938600044591	1
2	298	11.454018510787	1
2	309	13.305159562799	1
2	320	14.287432602017	1
2	331	14.973036979291	1
2	340	15.229278718142	1
2	351	15.442507848503	1
2	364	15.896415791807	1
2	375	16.732269603195	1
2	386	17.379501468182	1
2	397	18.073863605817	1
2	408	18.318995562531	1
2	413	18.418995562531	1
2	425	18.789541690646	1
2	440	19.296785886673	1
2	443	19.396785886673	1
2	457	20.008920493004	1
2	466	20.185623985928	1
2	478	20.718963051989	1
2	489	21.102304919727	1
2	500	21.59625886774	1
2	509	21.829983515605	1
2	522	22.14141051997	1
2	537	22.484574306346	1
2	540	22.584574306346	1
2	545	22.684574306346	1
2	560	23.838058788614	1
2	569	23.939130784408	1
2	581	24.145637814931	1
2	586	24.245637814931	1
2	592	24.345637814931	1
2	607	25.040309102455	1
2	618	25.545622530906	1
2	627	25.792275836766	1
2	640	27.852747985214	1
2	651	28.16834027448	1
2	660	28.286418529676	1
2	672	28.906150503197	1
2	683	29.351205894698	1
2	694	29.889821338043	1
2	705	30.255344774353	1
2	716	30.764670457319	1
2	727	31.270063546767	1
2	738	31.909514704437	1
2	749	33.017588363115	1
2	760	33.872065545668	1
2	769	34.045493969227	1
2	781	34.734995316535	1
2	790	34.852011043534	1
2	798	34.998090553726	1
2	808	35.204072546069	1
2	822	35.75125813123	1
2	833	36.300231622721	1
2	842	36.496784144832	1
2	854	37.011828193466	1
2	863	37.265528755651	1
2	874	37.473951732618	1
2	887	37.969162682316	1
2	898	39.78716352851	1
2	907	39.968895412679	1
2	917	40.208393486305	1
2	930	41.256685845363	1
2	939	41.443925418174	1
2	951	41.970912093668	1
2	962	42.465549903257	1
2	973	42.577349279608	1
2	976	42.677349279608	1
2	989	43.067126711	1
2	1002	43.270373707694	1
2	1007	43.370373707694	1
2	1021	43.884350162144	1
2	1032	44.660328244927	1
2	1043	45.239172513158	1
2	1052	45.509451198469	1
2	1063	45.643002693143	1
2	1075	45.94722609909	1
2	1082	46.04722609909	1
2	1087	46.14722609909	1
2	1098	46.351972653239	1
2	1112	47.005018644826	1
2	1121	47.168089289736	1
2	1133	47.548658601082	1
2	1144	48.079469052637	1
2	1155	48.19412978232	1
2	1158	48.29412978232	1
2	1169	48.479466538277	1
2	1179	48.640317258881	1
2	1189	48.96877857187	1
2	1203	49.712524401932	1
2	1214	50.037146356542	1
2	1225	50.418976106972	1
2	1236	50.740288924684	1
2	1247	51.606337768208	1
2	1256	51.854564848584	1
2	1269	53.355770236856	1
2	1280	53.800031448189	1
2	1291	54.525409230288	1
2	1304	55.385969763754	1
2	1307	55.485969763754	1
2	1319	55.727095802367	1
2	1331	56.112459756529	1
2	1340	56.327669729035	1
2	1351	56.58625828454	1
2	1362	56.702072162989	1
2	1372	56.909183156551	1
2	1384	58.078578778173	1
2	1395	58.620316757866	1
2	1406	60.252254452452	1
2	1417	60.9515811157	1
2	1428	61.272636343825	1
2	1439	61.732467857209	1
2	1452	62.051761083941	1
2	1455	62.151761083941	1
2	1467	62.361133366884	1
2	1479	62.846507079284	1
2	1490	63.041275432659	1
2	1493	63.141275432659	1
2	1506	63.274897868258	1
2	1511	63.374897868258	1
2	1520	63.49477751198	1
2	1538	64.529785993405	1
2	1541	64.629785993405	1
2	1551	64.737873564858	1
2	1563	64.965970672952	1
2	1568	65.065970672952	1
2	1579	65.38422421477	1
2	1593	65.842867107144	1
2	1604	66.138779646113	1
2	1609	66.238779646113	1
2	1623	66.667443926462	1
2	1636	67.085349605811	1
2	1641	67.185349605811	1
2	1646	67.285349605811	1
2	1661	67.634848022352	1
2	1664	67.734848022352	1
2	1679	68.256435483514	1
2	1692	69.531411545886	1
2	1697	69.631411545886	1
2	1702	69.731411545886	1
2	1713	69.90940287072	1
2	1723	70.197150207617	1
2	1733	70.385991972194	1
2	1745	70.55298473701	1
2	1750	70.65298473701	1
2	1761	71.004062892667	1
2	1771	71.156144056313	1
2	1785	71.900401003091	1
2	1796	72.31938693575	1
2	1807	72.689788592413	1
2	1816	72.808295256831	1
2	1826	73.162225349313	1
2	1839	73.403736140123	1
2	1846	73.503736140123	1
2	1851	73.603736140123	1
2	1864	74.005184622763	1
2	1879	74.853181387238	1
2	1882	74.953181387238	1
2	1896	76.834825205463	1
2	1909	77.104451597586	1
2	1914	77.204451597586	1
2	1919	77.304451597586	1
2	1932	77.766087014546	1
2	1943	77.917657324154	1
2	1953	78.071100285951	1
2	1965	78.866298825795	1
2	1974	79.095229436332	1
2	1987	79.422230097259	1
2	1998	79.855985295087	1
2	2009	80.172472653855	1
2	2018	80.328298689098	1
2	2030	80.511734083981	1
2	2033	80.611734083981	1
2	2048	81.226129688684	1
2	2059	81.710383855369	1
2	2068	81.83976307863	1
2	2082	82.477198712991	1
2	2087	82.577198712991	1
2	2092	82.677198712991	1
2	2103	82.914222502305	1
2	2117	83.675462682416	1
2	2126	83.799891551646	1
2	2138	84.750257381489	1
2	2151	85.346981439101	1
2	2156	85.446981439101	1
2	2163	85.546981439101	1
2	2167	85.646981439101	1
2	2182	86.162360352588	1
2	2195	86.971619269117	1
2	2206	87.346212891731	1
2	2219	88.020606221185	1
2	2224	88.120606221185	1
2	2229	88.220606221185	1
2	2242	88.512112680978	1
2	2247	88.612112680978	1
2	2260	88.963723283992	1
2	2272	89.533801640783	1
2	2283	90.648590972016	1
2	2294	91.055905534891	1
2	2305	91.672628192519	1
2	2316	92.00506856	1
2	2327	92.560275652502	1
2	2338	93.521218005438	1
2	2347	93.796124584478	1
2	2362	94.247790271375	1
2	2367	94.347790271375	1
2	2372	94.447790271375	1
2	2387	95.077687073646	1
2	2398	95.316818790571	1
2	2403	95.416818790571	1
2	2417	97.267977688066	1
2	2428	97.587417377732	1
2	2437	97.70415095571	1
2	2447	98.038770275877	1
2	2462	98.903843659895	1
2	2465	99.003843659895	1
2	2477	99.120820037482	1
2	2484	99.220820037482	1
2	2488	99.320820037482	1
2	2501	99.621572966865	1
2	2513	100.105347826734	1
2	2524	100.371160261709	1
2	2535	100.544645917569	1
2	2549	100.688129350053	1
2	2552	100.788129350053	1
2	2560	100.888129350053	1
2	2564	100.988129350053	1
2	2577	101.320126851355	1
2	2593	101.944533410707	1
2	2596	102.044533410707	1
2	2614	102.954229679025	1
2	2619	103.054229679025	1
2	2624	103.154229679025	1
2	2628	103.254229679025	1
2	2645	104.284118669793	1
2	2654	104.427672789023	1
2	2664	104.559058434651	1
2	2669	104.659058434651	1
2	2688	105.321678977704	1
2	2691	105.421678977704	1
2	2696	105.521678977704	1
2	2709	105.966209721219	1
2	2722	106.658221787586	1
2	2731	106.863051331286	1
2	2744	107.358740963588	1
2	2753	107.471587914801	1
2	2765	108.233246294166	1
2	2776	108.529989874138	1
2	2783	108.629989874138	1
2	2788	108.729989874138	1
2	2799	108.948348709705	1
2	2815	109.712318602434	1
2	2818	109.812318602434	1
2	2830	110.069550349527	1
2	2842	110.594997534982	1
2	2853	110.985360697494	1
2	2864	111.399384798531	1
2	2875	112.845227675036	1
2	2886	113.458522264748	1
2	2895	113.633767711203	1
2	2905	113.857718865756	1
2	2915	113.95949290652	1
2	2925	114.357434051036	1
2	2938	115.897312681212	1
2	2947	116.071735110877	1
2	2959	116.425530268311	1
2	2970	117.654097113176	1
2	2981	119.254032154585	1
2	2992	119.637119121046	1
2	3003	121.022340730021	1
2	3012	121.292152899396	1
2	3025	121.780605829645	1
2	3036	121.899097366774	1
2	3041	121.999097366774	1
2	3047	122.099097366774	1
2	3058	122.39461635825	1
2	3070	122.689552888468	1
2	3078	122.804390676989	1
2	3092	123.247968452377	1
2	3097	123.347968452377	1
2	3109	123.622558015038	1
2	3119	123.805005331178	1
2	3131	123.99711473374	1
2	3134	124.09711473374	1
2	3147	124.499534131927	1
2	3160	125.081331574923	1
2	3171	125.993569488036	1
2	3182	127.081909203122	1
2	3193	127.373675020713	1
2	3198	127.473675020713	1
2	3212	128.23657890578	1
2	3223	128.354898803871	1
2	3226	128.454898803871	1
2	3237	128.564809355551	1
2	3253	129.259721075376	1
2	3256	129.359721075376	1
2	3266	129.477758282968	1
2	3280	130.688229150875	1
2	3291	131.160753363518	1
2	3300	131.274554587913	1
2	3312	131.759180016908	1
2	3321	131.935318285216	1
2	3335	132.559796954916	1
2	3340	132.659796954916	1
2	3347	132.759796954916	1
2	3351	132.859796954916	1
2	3364	133.211222712128	1
2	3378	134.068856558855	1
2	3389	135.04920545608	1
2	3400	136.383740438111	1
2	3409	136.488322685371	1
2	3423	136.915200491425	1
2	3428	137.015200491425	1
2	3433	137.115200491425	1
2	3446	137.216962424201	1
2	3449	137.316962424201	1
2	3460	137.476365899382	1
2	3480	138.275691900936	1
2	3483	138.375691900936	1
2	3488	138.475691900936	1
2	3501	138.937135273188	1
2	3512	139.062772028848	1
2	3520	139.166668437633	1
2	3532	139.484478821353	1
2	3544	139.962689780963	1
2	3553	140.078979089993	1
2	3565	140.784094943604	1
2	3576	141.528997125292	1
2	3587	141.844216461981	1
2	3596	142.123251178848	1
2	3607	142.403060857826	1
2	3620	142.668255037939	1
2	3625	142.768255037939	1
2	3639	143.67407012682	1
2	3650	144.147282057575	1
2	3661	145.134588672022	1
2	3670	145.246786996899	1
2	3678	145.357419338663	1
2	3690	145.579871113812	1
2	3695	145.679871113812	1
2	3706	145.992661731259	1
2	3722	146.43647808106	1
2	3727	146.53647808106	1
2	3732	146.63647808106	1
2	3749	147.842849510869	1
2	3752	147.942849510869	1
2	3764	148.067527176764	1
2	3769	148.167527176764	1
2	3780	148.347151383303	1
2	3790	148.56424147325	1
2	3800	148.664687818961	1
2	3807	148.764687818961	1
2	3813	148.864687818961	1
2	3819	148.964687818961	1
2	3832	149.417541130744	1
2	3846	149.964224834049	1
2	3858	150.728160541527	1
2	3867	150.971453604409	1
2	3880	151.204266173655	1
2	3887	151.304266173655	1
2	3894	151.404266173655	1
2	3900	151.504266173655	1
2	3906	151.604266173655	1
2	3929	152.576144642512	1
2	3932	152.676144642512	1
2	3937	152.776144642512	1
2	3941	152.876144642512	1
2	3952	153.072037677495	1
2	3968	154.308473278086	1
2	3979	154.722348205232	1
2	3990	155.340650302377	1
2	4001	155.796738245547	1
2	4010	155.951748056291	1
2	4022	156.296993531361	1
2	4031	156.522287265217	1
2	4044	157.1362573841	1
2	4053	157.434148112292	1
2	4066	158.124193533066	1
2	4077	158.456932448168	1
2	4088	158.873253991685	1
2	4101	159.503750143764	1
2	4106	159.603750143764	1
2	4111	159.703750143764	1
2	4124	160.147877827415	1
2	4135	160.388163790312	1
2	4146	160.522191847502	1
2	4156	160.844869890149	1
2	4169	161.581610986866	1
2	4180	162.559420428665	1
2	4191	162.897163968124	1
2	4204	163.928065015833	1
2	4207	164.028065015833	1
2	4217	164.224484980854	1
2	4233	165.191917755892	1
2	4236	165.291917755892	1
2	4246	165.487398759466	1
2	4260	165.971651056059	1
2	4271	167.11685745631	1
2	4284	167.398453588089	1
2	4291	167.498453588089	1
2	4296	167.598453588089	1
2	4300	167.698453588089	1
2	4317	168.35986514105	1
2	4332	168.92364054023	1
2	4335	169.02364054023	1
2	4342	169.12364054023	1
2	4346	169.22364054023	1
2	4359	169.438189539787	1
2	4371	169.90890575553	1
2	4385	170.586220205415	1
2	4388	170.686220205415	1
2	4402	170.902279142376	1
2	4407	171.002279142376	1
2	4413	171.102279142376	1
2	4428	171.749023954937	1
2	4439	172.490675197793	1
2	4452	172.813225512117	1
2	4457	172.913225512117	1
2	4464	173.013225512117	1
2	4468	173.113225512117	1
2	4483	173.42594931017	1
2	4488	173.52594931017	1
2	4503	174.224067256089	1
2	4512	174.473715168716	1
2	4525	175.406867863598	1
2	4534	175.560891979602	1
2	4546	175.956253531175	1
2	4557	176.915426004806	1
2	4568	177.547936871123	1
2	4579	178.163952692069	1
2	4590	178.643095101944	1
2	4601	179.132426251262	1
2	4612	179.347323707354	1
2	4619	179.447323707354	1
2	4624	179.547323707354	1
2	4637	179.898060024714	1
2	4647	180.215140910258	1
2	4660	180.977995637426	1
2	4671	182.013352434891	1
2	4682	183.042944457286	1
2	4693	183.399197324286	1
2	4704	183.833330373983	1
2	4713	184.07754950655	1
2	4724	184.197440289001	1
2	4734	184.533072113208	1
2	4745	184.662699721327	1
2	4755	184.887738718844	1
2	4767	185.291406063498	1
2	4776	185.412574835585	1
2	4790	185.928105602427	1
2	4795	186.028105602427	1
2	4800	186.128105602427	1
2	4815	187.194094799672	1
2	4826	187.647329821973	1
2	4835	187.751640846162	1
2	4847	188.034128502319	1
2	4850	188.134128502319	1
2	4865	188.746895098448	1
2	4874	188.965485119174	1
2	4889	189.425402803464	1
2	4892	189.525402803464	1
2	4906	190.416284358037	1
2	4917	190.712020439295	1
2	4922	190.812020439295	1
2	4932	190.958393003225	1
2	4946	191.690758985363	1
2	4955	191.797531638651	1
2	4967	192.982217461016	1
2	4978	193.313925360289	1
2	4993	193.654895959848	1
2	5000	193.754895959848	1
2	5005	193.854895959848	1
2	5009	193.954895959848	1
2	5015	194.054895959848	1
2	5026	194.238130261727	1
2	5036	194.450858735093	1
2	5046	194.594695404979	1
2	5056	194.839895776724	1
2	5072	195.741592800123	1
2	5081	196.001361159877	1
2	5094	196.422340627832	1
2	5105	196.879894361951	1
2	5116	197.796355013621	1
2	5127	198.358776633421	1
2	5136	198.464862854745	1
2	5148	199.152529865912	1
2	5157	199.272454445432	1
2	5165	199.442502745061	1
3	8	1.093648103126	1
3	22	2.272242711789	1
3	32	2.433617461	1
3	36	2.533617461	1
3	54	3.216266061121	1
3	63	3.316266061121	1
3	69	3.416266061121	1
3	73	3.516266061121	2
3	77	3.616266061121	2
3	91	5.170963783001	1
3	106	5.532562497513	1
3	109	5.632562497513	1
3	119	5.87632559335	1
3	131	6.25140654375	1
3	142	6.468475796548	1
3	156	6.770822391837	1
3	162	6.934255085235	1
3	174	7.198010634845	1
3	185	7.587705106344	1
3	196	8.285371481721	1
3	207	8.515973521834	1
3	218	9.078593520259	1
3	232	9.611137402142	1
3	238	9.808839916801	1
3	253	10.100794602178	1
3	259	10.210471349506	1
3	275	10.556386008473	1
3	278	10.656386008473	1
3	290	11.038700044591	1
3	301	11.554118510787	1
3	312	13.405259562799	1
3	323	14.387532602017	1
3	334	15.073136979291	1
3	345	15.329378718142	1
3	356	15.542607848503	1
3	367	15.996515791807	1
3	378	16.832369603195	1
3	389	17.479601468182	1
3	400	18.173963605817	1
3	415	18.419095562531	1
3	418	18.519095562531	1
3	430	18.889641690646	1
3	445	19.396885886673	1
3	448	19.496885886673	1
3	463	20.109020493004	1
3	469	20.285723985928	1
3	481	20.819063051989	1
3	492	21.202404919727	1
3	503	21.69635886774	1
3	514	21.930083515605	1
3	525	22.24151051997	1
3	542	22.584674306346	1
3	547	22.684674306346	1
3	551	22.784674306346	1
3	566	23.938158788614	1
3	572	24.039230784408	1
3	588	24.245737814931	1
3	594	24.345737814931	1
3	596	24.445737814931	2
3	610	25.140409102455	1
3	621	25.645722530906	1
3	632	25.892375836766	1
3	643	27.952847985214	1
3	657	28.26844027448	1
3	663	28.386518529676	1
3	675	29.006250503197	1
3	686	29.451305894698	1
3	697	29.989921338043	1
3	708	30.355444774353	1
3	719	30.864770457319	1
3	730	31.370163546767	1
3	741	32.009614704437	1
3	752	33.117688363115	1
3	766	33.972165545668	1
3	772	34.145593969227	1
3	787	34.835095316535	1
3	796	34.952111043534	1
3	803	35.098190553726	1
3	813	35.304172546069	1
3	825	35.85135813123	1
3	839	36.400331622721	1
3	845	36.596884144832	1
3	857	37.111928193466	1
3	868	37.365628755651	1
3	879	37.574051732618	1
3	890	38.069262682316	1
3	904	39.88726352851	1
3	910	40.068995412679	1
3	922	40.308493486305	1
3	936	41.356785845363	1
3	942	41.544025418174	1
3	954	42.071012093668	1
3	970	42.565649903257	1
3	978	42.677449279608	1
3	982	42.777449279608	1
3	994	43.167226711	1
3	1009	43.370473707694	1
3	1012	43.470473707694	1
3	1024	43.984450162144	1
3	1035	44.760428244927	1
3	1046	45.339272513158	1
3	1060	45.609551198469	1
3	1066	45.743102693143	1
3	1084	46.04732609909	1
3	1089	46.14732609909	1
3	1093	46.24732609909	1
3	1103	46.452072653239	1
3	1118	47.105118644826	1
3	1124	47.268189289736	1
3	1136	47.648758601082	1
3	1152	48.179569052637	1
3	1160	48.29422978232	1
3	1167	48.39422978232	1
3	1175	48.579566538277	2
3	1182	48.740417258881	2
3	1194	49.06887857187	1
3	1206	49.812624401932	1
3	1217	50.137246356542	1
3	1228	50.519076106972	1
3	1239	50.840388924684	1
3	1250	51.706437768208	1
3	1261	51.954664848584	1
3	1272	53.455870236856	1
3	1283	53.900131448189	1
3	1294	54.625509230288	1
3	1309	55.486069763754	1
3	1312	55.586069763754	1
3	1322	55.827195802367	1
3	1334	56.212559756529	1
3	1345	56.427769729035	1
3	1359	56.68635828454	1
3	1365	56.802172162989	1
3	1375	57.009283156551	1
3	1387	58.178678778173	1
3	1398	58.720416757866	1
3	1409	60.352354452452	1
3	1420	61.0516811157	1
3	1431	61.372736343825	1
3	1442	61.832567857209	1
3	1457	62.151861083941	1
3	1460	62.251861083941	1
3	1470	62.461233366884	1
3	1485	62.946607079284	1
3	1495	63.141375432659	1
3	1502	63.241375432659	1
3	1513	63.374997868258	1
3	1518	63.474997868258	2
3	1525	63.59487751198	2
3	1543	64.629885993405	1
3	1549	64.729885993405	1
3	1556	64.837973564858	1
3	1570	65.066070672952	1
3	1572	65.166070672952	2
3	1584	65.48432421477	1
3	1596	65.942967107144	1
3	1611	66.238879646113	1
3	1614	66.338879646113	1
3	1626	66.767543926462	1
3	1643	67.185449605811	1
3	1648	67.285449605811	1
3	1652	67.385449605811	1
3	1666	67.734948022352	1
3	1670	67.834948022352	1
3	1682	68.356535483514	1
3	1699	69.631511545886	1
3	1704	69.731511545886	1
3	1711	69.831511545886	1
3	1716	70.00950287072	2
3	1731	70.297250207617	1
3	1743	70.486091972194	1
3	1752	70.65308473701	1
3	1754	70.75308473701	2
3	1769	71.104162892667	1
3	1776	71.256244056313	1
3	1788	72.000501003091	1
3	1799	72.41948693575	1
3	1813	72.789888592413	1
3	1819	72.908395256831	1
3	1831	73.262325349313	1
3	1848	73.503836140123	1
3	1853	73.603836140123	1
3	1857	73.703836140123	1
3	1869	74.105284622763	1
3	1884	74.953281387238	1
3	1887	75.053281387238	1
3	1899	76.934925205463	1
3	1916	77.204551597586	1
3	1921	77.304551597586	1
3	1925	77.404551597586	1
3	1940	77.866187014546	1
3	1949	78.017757324154	1
3	1956	78.171200285951	1
3	1968	78.966398825795	1
3	1979	79.195329436332	1
3	1990	79.522330097259	1
3	2001	79.956085295087	1
3	2015	80.272572653855	1
3	2026	80.428398689098	1
3	2035	80.611834083981	1
3	2039	80.711834083981	1
3	2051	81.326229688684	1
3	2065	81.810483855369	1
3	2071	81.93986307863	1
3	2089	82.577298712991	1
3	2094	82.677298712991	1
3	2098	82.777298712991	1
3	2108	83.014322502305	1
3	2123	83.775562682416	1
3	2129	83.899991551646	1
3	2141	84.850357381489	1
3	2158	85.447081439101	1
3	2165	85.547081439101	1
3	2171	85.647081439101	1
3	2173	85.747081439101	2
3	2187	86.262460352588	1
3	2198	87.071719269117	1
3	2209	87.446312891731	1
3	2226	88.120706221185	1
3	2231	88.220706221185	1
3	2235	88.320706221185	1
3	2249	88.612212680978	1
3	2251	88.712212680978	2
3	2263	89.063823283992	1
3	2275	89.633901640783	1
3	2286	90.748690972016	1
3	2297	91.156005534891	1
3	2308	91.772728192519	1
3	2319	92.10516856	1
3	2330	92.660375652502	1
3	2341	93.621318005438	1
3	2352	93.896224584478	1
3	2369	94.347890271375	1
3	2374	94.447890271375	1
3	2378	94.547890271375	1
3	2390	95.177787073646	1
3	2405	95.416918790571	1
3	2408	95.516918790571	1
3	2420	97.368077688066	1
3	2434	97.687517377732	1
3	2440	97.80425095571	1
3	2452	98.138870275877	1
3	2467	99.003943659895	1
3	2475	99.103943659895	1
3	2486	99.220920037482	1
3	2490	99.320920037482	2
3	2494	99.420920037482	2
3	2504	99.721672966865	2
3	2518	100.205447826734	1
3	2532	100.471260261709	1
3	2545	100.644745917569	1
3	2554	100.788229350053	1
3	2562	100.888229350053	1
3	2566	100.988229350053	2
3	2570	101.088229350053	2
3	2580	101.420226851355	2
3	2598	102.044633410707	1
3	2601	102.144633410707	1
3	2621	103.054329679025	1
3	2626	103.154329679025	1
3	2632	103.254329679025	1
3	2634	103.354329679025	2
3	2651	104.384218669793	1
3	2660	104.527772789023	1
3	2671	104.659158434651	1
3	2673	104.759158434651	2
3	2693	105.421778977704	1
3	2698	105.521778977704	1
3	2702	105.621778977704	1
3	2714	106.066309721219	1
3	2725	106.758321787586	1
3	2736	106.963151331286	1
3	2750	107.458840963588	1
3	2756	107.571687914801	1
3	2768	108.333346294166	1
3	2785	108.630089874138	1
3	2790	108.730089874138	1
3	2794	108.830089874138	1
3	2804	109.048448709705	1
3	2820	109.812418602434	1
3	2823	109.912418602434	1
3	2833	110.169650349527	1
3	2845	110.695097534982	1
3	2856	111.085460697494	1
3	2867	111.499484798531	1
3	2878	112.945327675036	1
3	2892	113.558622264748	1
3	2898	113.733867711203	1
3	2911	113.957818865756	1
3	2918	114.05959290652	1
3	2930	114.457534051036	1
3	2944	115.997412681212	1
3	2950	116.171835110877	1
3	2962	116.525630268311	1
3	2973	117.754197113176	1
3	2984	119.354132154585	1
3	2995	119.737219121046	1
3	3006	121.122440730021	1
3	3017	121.392252899396	1
3	3033	121.880705829645	1
3	3043	121.999197366774	1
3	3049	122.099197366774	1
3	3051	122.199197366774	2
3	3063	122.49471635825	1
3	3076	122.789652888468	1
3	3083	122.904490676989	1
3	3099	123.348068452377	1
3	3102	123.448068452377	1
3	3115	123.722658015038	1
3	3125	123.905105331178	1
3	3136	124.09721473374	1
3	3140	124.19721473374	1
3	3152	124.599634131927	1
3	3163	125.181431574923	1
3	3174	126.093669488036	1
3	3185	127.182009203122	1
3	3200	127.473775020713	1
3	3203	127.573775020713	1
3	3218	128.33667890578	1
3	3228	128.454998803871	1
3	3235	128.554998803871	1
3	3240	128.664909355551	2
3	3258	129.359821075376	1
3	3264	129.459821075376	1
3	3271	129.577858282968	1
3	3283	130.788329150875	1
3	3297	131.260853363518	1
3	3303	131.374654587913	1
3	3318	131.859280016908	1
3	3324	132.035418285216	1
3	3342	132.659896954916	1
3	3349	132.759896954916	1
3	3355	132.859896954916	1
3	3357	132.959896954916	2
3	3369	133.311322712128	1
3	3381	134.168956558855	1
3	3392	135.14930545608	1
3	3406	136.483840438111	1
3	3412	136.588422685371	1
3	3430	137.015300491425	1
3	3435	137.115300491425	1
3	3444	137.215300491425	1
3	3451	137.317062424201	2
3	3458	137.417062424201	2
3	3463	137.576465899382	3
3	3485	138.375791900936	1
3	3490	138.475791900936	1
3	3494	138.575791900936	1
3	3509	139.037235273188	1
3	3518	139.162872028848	1
3	3525	139.266768437633	1
3	3535	139.584578821353	1
3	3550	140.062789780963	1
3	3556	140.179079089993	1
3	3568	140.884194943604	1
3	3579	141.629097125292	1
3	3590	141.944316461981	1
3	3601	142.223351178848	1
3	3612	142.503160857826	1
3	3627	142.768355037939	1
3	3630	142.868355037939	1
3	3642	143.77417012682	1
3	3653	144.247382057575	1
3	3667	145.234688672022	1
3	3676	145.346886996899	1
3	3683	145.457519338663	1
3	3697	145.679971113812	1
3	3699	145.779971113812	2
3	3711	146.092761731259	1
3	3729	146.53657808106	1
3	3734	146.63657808106	1
3	3738	146.73657808106	1
3	3754	147.942949510869	1
3	3762	148.042949510869	1
3	3771	148.167627176764	1
3	3776	148.267627176764	2
3	3783	148.447251383303	2
3	3798	148.66434147325	2
3	3809	148.764787818961	2
3	3815	148.864787818961	3
3	3821	148.964787818961	3
3	3823	149.064787818961	4
3	3835	149.517641130744	3
3	3849	150.064324834049	1
3	3861	150.828260541527	1
3	3872	151.071553604409	1
3	3889	151.304366173655	1
3	3896	151.404366173655	1
3	3904	151.504366173655	1
3	3908	151.604366173655	2
3	3912	151.704366173655	2
3	3934	152.676244642512	1
3	3939	152.776244642512	1
3	3945	152.876244642512	1
3	3950	152.976244642512	2
3	3957	153.172137677495	2
3	3971	154.408573278086	1
3	3982	154.822448205232	1
3	3993	155.440750302377	1
3	4007	155.896838245547	1
3	4013	156.051848056291	1
3	4025	156.397093531361	1
3	4036	156.622387265217	1
3	4047	157.2363573841	1
3	4058	157.534248112292	1
3	4069	158.224293533066	1
3	4080	158.557032448168	1
3	4091	158.973353991685	1
3	4108	159.603850143764	1
3	4113	159.703850143764	1
3	4117	159.803850143764	1
3	4129	160.247977827415	1
3	4143	160.488263790312	1
3	4149	160.622291847502	1
3	4161	160.944969890149	1
3	4172	161.681710986866	1
3	4183	162.659520428665	1
3	4194	162.997263968124	1
3	4209	164.028165015833	1
3	4215	164.128165015833	1
3	4222	164.324584980854	1
3	4238	165.292017755892	1
3	4244	165.392017755892	1
3	4251	165.587498759466	1
3	4263	166.071751056059	1
3	4274	167.21695745631	1
3	4293	167.498553588089	1
3	4298	167.598553588089	1
3	4304	167.698553588089	1
3	4306	167.798553588089	2
3	4320	168.45996514105	1
3	4337	169.02374054023	1
3	4344	169.12374054023	1
3	4350	169.22374054023	1
3	4352	169.32374054023	2
3	4362	169.538289539787	2
3	4374	170.00900575553	1
3	4390	170.686320205415	1
3	4393	170.786320205415	1
3	4409	171.002379142376	1
3	4415	171.102379142376	1
3	4417	171.202379142376	2
3	4431	171.849123954937	1
3	4442	172.590775197793	1
3	4459	172.913325512117	1
3	4466	173.013325512117	1
3	4472	173.113325512117	1
3	4474	173.213325512117	2
3	4490	173.52604931017	1
3	4492	173.62604931017	2
3	4506	174.324167256089	1
3	4517	174.573815168716	1
3	4531	175.506967863598	1
3	4537	175.660991979602	1
3	4549	176.056353531175	1
3	4560	177.015526004806	1
3	4571	177.648036871123	1
3	4582	178.264052692069	1
3	4593	178.743195101944	1
3	4604	179.232526251262	1
3	4621	179.447423707354	1
3	4626	179.547423707354	1
3	4630	179.647423707354	1
3	4640	179.998160024714	1
3	4652	180.315240910258	1
3	4663	181.078095637426	1
3	4674	182.113452434891	1
3	4685	183.143044457286	1
3	4696	183.499297324286	1
3	4707	183.933430373983	1
3	4721	184.17764950655	1
3	4727	184.297540289001	1
3	4742	184.633172113208	1
3	4748	184.762799721327	1
3	4758	184.987838718844	1
3	4773	185.391506063498	1
3	4779	185.512674835585	1
3	4797	186.028205602427	1
3	4802	186.128205602427	1
3	4806	186.228205602427	1
3	4818	187.294194799672	1
3	4832	187.747429821973	1
3	4838	187.851740846162	1
3	4852	188.134228502319	1
3	4856	188.234228502319	1
3	4868	188.846995098448	1
3	4879	189.065585119174	1
3	4894	189.525502803464	1
3	4897	189.625502803464	1
3	4909	190.516384358037	1
3	4924	190.812120439295	1
3	4930	190.912120439295	1
3	4937	191.058493003225	1
3	4952	191.790858985363	1
3	4958	191.897631638651	1
3	4970	193.082317461016	1
3	4981	193.414025360289	1
3	5002	193.754995959848	1
3	5007	193.854995959848	1
3	5013	193.954995959848	1
3	5017	194.054995959848	2
3	5024	194.154995959848	2
3	5029	194.338230261727	3
3	5042	194.550958735093	3
3	5049	194.694795404979	3
3	5059	194.939995776724	3
3	5075	195.841692800123	1
3	5086	196.101461159877	1
3	5097	196.522440627832	1
3	5108	196.979994361951	1
3	5119	197.896455013621	1
3	5133	198.458876633421	1
3	5139	198.564962854745	1
3	5154	199.252629865912	1
3	5163	199.372554445432	1
3	5170	199.542602745061	1
4	10	1.293648103126	0.4002
4	33	2.472242711789	0.4002
4	37	2.672242711789	0.438825250789
4	39	2.872242711789	0.544836778865
4	67	3.416266061121	0.4002
4	75	3.616266061121	0.573635257656
4	78	3.816266061121	0.756598906736
4	80	4.016266061121	0.771715254026
4	82	4.216266061121	0.926153522651
4	96	5.370963783001	0.4002
4	113	5.732562497513	0.4002
4	120	5.932562497513	0.558290529957
4	125	6.132562497513	0.456436904163
4	139	6.45140654375	0.4002
4	147	6.668475796548	0.4002
4	163	6.970822391837	0.4002
4	171	7.170822391837	0.436767306602
4	179	7.398010634845	0.4002
4	187	7.787705106344	0.4002
4	204	8.485371481721	0.4002
4	209	8.715973521834	0.4002
4	220	9.278593520259	0.4002
4	239	9.811137402142	0.4002
4	250	10.011137402142	0.402497485341
4	260	10.300794602178	0.4002
4	270	10.500794602178	0.490523252672
4	279	10.756386008473	0.4002
4	287	10.956386008473	0.532541262416
4	292	11.238700044591	0.4002
4	303	11.754118510787	0.4002
4	314	13.605259562799	0.4002
4	325	14.587532602017	0.4002
4	342	15.273136979291	0.4002
4	353	15.529378718142	0.4002
4	358	15.742607848503	0.4002
4	369	16.196515791807	0.4002
4	380	17.032369603195	0.4002
4	391	17.679601468182	0.4002
4	410	18.373963605817	0.4002
4	419	18.619095562531	0.4002
4	427	18.819095562531	0.577794229865
4	432	19.089641690646	0.4002
4	449	19.596885886673	0.4002
4	451	19.796885886673	0.536205407597
4	470	20.309020493004	0.4002
4	472	20.509020493004	0.423496507076
4	486	21.019063051989	0.4002
4	494	21.402404919727	0.4002
4	511	21.89635886774	0.4002
4	519	22.130083515605	0.4002
4	532	22.44151051997	0.4002
4	549	22.784674306346	0.4002
4	552	22.984674306346	0.54686781142
4	554	23.184674306346	0.711404712424
4	576	24.138158788614	0.4002
4	589	24.338158788614	0.499128004206
4	597	24.538158788614	0.492620973683
4	599	24.738158788614	0.594316907227
4	601	24.938158788614	0.696492823685
4	612	25.340409102455	0.4002
4	629	25.845722530906	0.4002
4	634	26.092375836766	0.4002
4	648	28.152847985214	0.4002
4	664	28.46844027448	0.4002
4	666	28.66844027448	0.482121744804
4	677	29.206250503197	0.4002
4	688	29.651305894698	0.4002
4	702	30.189921338043	0.4002
4	710	30.555444774353	0.4002
4	721	31.064770457319	0.4002
4	732	31.570163546767	0.4002
4	743	32.209614704437	0.4002
4	754	33.317688363115	0.4002
4	773	34.172165545668	0.4002
4	775	34.372165545668	0.426771576441
4	800	35.035095316535	0.4002
4	810	35.235095316535	0.483184273001
4	814	35.435095316535	0.537104762809
4	816	35.635095316535	0.531122770466
4	827	36.05135813123	0.4002
4	846	36.600331622721	0.4002
4	848	36.800331622721	0.403647477889
4	865	37.311928193466	0.4002
4	876	37.565628755651	0.4002
4	881	37.774051732618	0.4002
4	892	38.269262682316	0.4002
4	911	40.08726352851	0.4002
4	919	40.28726352851	0.418468115831
4	924	40.508493486305	0.4002
4	943	41.556785845363	0.4002
4	945	41.756785845363	0.412960427189
4	956	42.271012093668	0.4002
4	979	42.765649903257	0.4002
4	983	42.965649903257	0.488400623649
4	991	43.165649903257	0.653977612487
4	1004	43.367226711	0.4002
4	1013	43.570473707694	0.4002
4	1015	43.770473707694	0.575628990871
4	1026	44.184450162144	0.4002
4	1037	44.960428244927	0.4002
4	1054	45.539272513158	0.4002
4	1067	45.809551198469	0.4002
4	1079	46.009551198469	0.466648505326
4	1091	46.24732609909	0.4002
4	1100	46.44732609909	0.516137601961
4	1104	46.64732609909	0.650349996049
4	1106	46.84732609909	0.595453445851
4	1125	47.305118644826	0.4002
4	1130	47.505118644826	0.43712935509
4	1138	47.848758601082	0.4002
4	1164	48.379569052637	0.4002
4	1176	48.579569052637	0.485539270317
4	1183	48.779569052637	0.60169154585
4	1191	48.979569052637	0.60020251436
4	1195	49.179569052637	0.639351793756
4	1197	49.379569052637	0.510890480767
4	1211	50.012624401932	0.4002
4	1222	50.337246356542	0.4002
4	1233	50.719076106972	0.4002
4	1241	51.040388924684	0.4002
4	1258	51.906437768208	0.4002
4	1263	52.154664848584	0.4002
4	1274	53.655870236856	0.4002
4	1285	54.100131448189	0.4002
4	1296	54.825509230288	0.4002
4	1316	55.686069763754	0.4002
4	1323	55.886069763754	0.520417166093
4	1328	56.086069763754	0.459073961387
4	1342	56.412559756529	0.4002
4	1356	56.627769729035	0.4002
4	1369	56.88635828454	0.4002
4	1376	57.08635828454	0.484386121551
4	1378	57.28635828454	0.477275127989
4	1389	58.378678778173	0.4002
4	1400	58.920416757866	0.4002
4	1411	60.552354452452	0.4002
4	1425	61.2516811157	0.4002
4	1433	61.572736343825	0.4002
4	1449	62.032567857209	0.4002
4	1464	62.351861083941	0.4002
4	1471	62.551861083941	0.540209487544
4	1476	62.751861083941	0.490827717057
4	1496	63.146607079284	0.4002
4	1508	63.346607079284	0.405431646625
4	1522	63.546607079284	0.581175949441
4	1526	63.746607079284	0.571809211026
4	1528	63.946607079284	0.686202341978
4	1530	64.146607079284	0.751929567304
4	1553	64.829885993405	0.4002
4	1565	65.029885993405	0.599858862454
4	1573	65.229885993405	0.592112428547
4	1581	65.429885993405	0.564015320453
4	1585	65.629885993405	0.69981092835
4	1590	65.829885993405	0.545761778635
4	1606	66.142967107144	0.4002
4	1615	66.438879646113	0.4002
4	1620	66.638879646113	0.528793877381
4	1628	66.967543926462	0.4002
4	1650	67.385449605811	0.4002
4	1658	67.585449605811	0.563266436765
4	1667	67.785449605811	0.647331803228
4	1671	67.985449605811	0.450701583459
4	1676	68.185449605811	0.633799250771
4	1684	68.556535483514	0.4002
4	1709	69.831511545886	0.4002
4	1717	70.031511545886	0.512608059225
4	1725	70.231511545886	0.685202087388
4	1735	70.431511545886	0.622208675166
4	1747	70.631511545886	0.534461338269
4	1755	70.831511545886	0.545619573692
4	1763	71.031511545886	0.578626808876
4	1773	71.231511545886	0.759084070619
4	1777	71.431511545886	0.527548653219
4	1779	71.631511545886	0.575467489573
4	1790	72.200501003091	0.4002
4	1804	72.61948693575	0.4002
4	1820	72.989888592413	0.4002
4	1828	73.189888592413	0.481693335582
4	1843	73.462325349313	0.4002
4	1855	73.703836140123	0.4002
4	1858	73.903836140123	0.550413001248
4	1866	74.103836140123	0.694522890972
4	1871	74.305284622763	0.4002
4	1888	75.153281387238	0.4002
4	1890	75.353281387238	0.508674533194
4	1911	77.134925205463	0.4002
4	1923	77.404551597586	0.4002
4	1926	77.604551597586	0.560117273015
4	1934	77.804551597586	0.745199099598
4	1950	78.066187014546	0.4002
4	1957	78.266187014546	0.448629690392
4	1959	78.466187014546	0.495186728595
4	1976	79.166398825795	0.4002
4	1984	79.395329436332	0.4002
4	1992	79.722330097259	0.4002
4	2006	80.156085295087	0.4002
4	2027	80.472572653855	0.4002
4	2036	80.672572653855	0.444373964757
4	2040	80.872572653855	0.460938569874
4	2042	81.072572653855	0.651011826595
4	2053	81.526229688684	0.4002
4	2072	82.010483855369	0.4002
4	2074	82.210483855369	0.470820776739
4	2096	82.777298712991	0.4002
4	2105	82.977298712991	0.546486373157
4	2109	83.177298712991	0.694104705843
4	2111	83.377298712991	0.563176210686
4	2130	83.975562682416	0.4002
4	2132	84.175562682416	0.47577113077
4	2143	85.050357381489	0.4002
4	2169	85.647081439101	0.4002
4	2174	85.847081439101	0.511980076947
4	2176	86.047081439101	0.63288918193
4	2184	86.247081439101	0.796437661562
4	2189	86.462460352588	0.4002
4	2203	87.271719269117	0.4002
4	2211	87.646312891731	0.4002
4	2233	88.320706221185	0.4002
4	2244	88.520706221185	0.583141839889
4	2252	88.720706221185	0.638246655546
4	2257	88.920706221185	0.508693540207
4	2264	89.120706221185	0.698297034966
4	2266	89.320706221185	0.457082937193
4	2277	89.833901640783	0.4002
4	2288	90.948690972016	0.4002
4	2299	91.356005534891	0.4002
4	2313	91.972728192519	0.4002
4	2321	92.30516856	0.4002
4	2332	92.860375652502	0.4002
4	2349	93.821318005438	0.4002
4	2354	94.096224584478	0.4002
4	2376	94.547890271375	0.4002
4	2379	94.747890271375	0.582731036706
4	2381	94.947890271375	0.649321321936
4	2400	95.377787073646	0.4002
4	2409	95.616918790571	0.4002
4	2411	95.816918790571	0.594713043309
4	2425	97.568077688066	0.4002
4	2441	97.887517377732	0.4002
4	2449	98.087517377732	0.483466422022
4	2454	98.338870275877	0.4002
4	2481	99.203943659895	0.4002
4	2491	99.403943659895	0.552272707663
4	2498	99.603943659895	0.583223622413
4	2505	99.803943659895	0.757290333571
4	2507	100.003943659895	0.824477665089
4	2515	100.203943659895	0.68247069303
4	2526	100.405447826734	0.4002
4	2546	100.671260261709	0.4002
4	2557	100.871260261709	0.42671434414
4	2567	101.071260261709	0.483230911656
4	2574	101.271260261709	0.66419556757
4	2581	101.471260261709	0.847951944776
4	2583	101.671260261709	0.853166503331
4	2588	101.871260261709	0.651233410354
4	2602	102.244633410707	0.4002
4	2604	102.444633410707	0.547091018391
4	2630	103.254329679025	0.4002
4	2635	103.454329679025	0.595530512957
4	2637	103.654329679025	0.766951535073
4	2639	103.854329679025	0.837397530432
4	2666	104.584218669793	0.4002
4	2674	104.784218669793	0.45664588077
4	2676	104.984218669793	0.525260235142
4	2678	105.184218669793	0.645724887916
4	2700	105.621778977704	0.4002
4	2703	105.821778977704	0.572469415503
4	2711	106.021778977704	0.759929947639
4	2716	106.266309721219	0.4002
4	2733	106.958321787586	0.4002
4	2738	107.163151331286	0.4002
4	2757	107.658840963588	0.4002
4	2759	107.858840963588	0.487353048787
4	2778	108.533346294166	0.4002
4	2792	108.830089874138	0.4002
4	2801	109.030089874138	0.582359319292
4	2805	109.230089874138	0.664618576386
4	2807	109.430089874138	0.581841164433
4	2827	110.012418602434	0.4002
4	2834	110.212418602434	0.507243017518
4	2836	110.412418602434	0.442968252907
4	2850	110.895097534982	0.4002
4	2858	111.285460697494	0.4002
4	2869	111.699484798531	0.4002
4	2880	113.145327675036	0.4002
4	2902	113.758622264748	0.4002
4	2912	113.958622264748	0.424954553545
4	2919	114.158622264748	0.401003398992
4	2927	114.358622264748	0.499229358228
4	2932	114.657534051036	0.4002
4	2951	116.197412681212	0.4002
4	2956	116.397412681212	0.425777570335
4	2964	116.725630268311	0.4002
4	2975	117.954197113176	0.4002
4	2989	119.554132154585	0.4002
4	2997	119.937219121046	0.4002
4	3014	121.322440730021	0.4002
4	3019	121.592252899396	0.4002
4	3044	122.080705829645	0.4002
4	3052	122.280705829645	0.481708462871
4	3060	122.480705829645	0.673877991972
4	3067	122.680705829645	0.765746439563
4	3080	122.880705829645	0.586189471395
4	3084	123.080705829645	0.491252941177
4	3094	123.280705829645	0.576415152656
4	3106	123.548068452377	0.4002
4	3116	123.748068452377	0.544754532897
4	3126	123.948068452377	0.425610437339
4	3137	124.148068452377	0.443163121199
4	3141	124.348068452377	0.451053718637
4	3149	124.548068452377	0.56174954394
4	3154	124.799634131927	0.4002
4	3165	125.381431574923	0.4002
4	3176	126.293669488036	0.4002
4	3195	127.382009203122	0.4002
4	3204	127.673775020713	0.4002
4	3206	127.873775020713	0.589497119574
4	3232	128.53667890578	0.4002
4	3241	128.73667890578	0.481880101909
4	3243	128.93667890578	0.595775991428
4	3245	129.13667890578	0.671969550229
4	3268	129.559821075376	0.4002
4	3272	129.759821075376	0.538786717615
4	3274	129.959821075376	0.582162792408
4	3285	130.988329150875	0.4002
4	3304	131.460853363518	0.4002
4	3309	131.660853363518	0.486398775605
4	3325	132.059280016908	0.4002
4	3327	132.259280016908	0.424061731692
4	3353	132.859896954916	0.4002
4	3358	133.059896954916	0.580129133328
4	3366	133.259896954916	0.6855477614
4	3370	133.459896954916	0.776755673858
4	3372	133.659896954916	0.548774242788
4	3383	134.368956558855	0.4002
4	3394	135.34930545608	0.4002
4	3413	136.683840438111	0.4002
4	3420	136.883840438111	0.49561775274
4	3442	137.215300491425	0.4002
4	3455	137.415300491425	0.576540652662
4	3464	137.615300491425	0.635660318724
4	3466	137.815300491425	0.698438067224
4	3468	138.015300491425	0.873970371405
4	3475	138.215300491425	0.839034592043
4	3492	138.575791900936	0.4002
4	3495	138.775791900936	0.597018978785
4	3506	138.975791900936	0.729584817961
4	3522	139.237235273188	0.4002
4	3529	139.437235273188	0.47456324434
4	3536	139.637235273188	0.570666835555
4	3538	139.837235273188	0.452856451835
4	3557	140.262789780963	0.4002
4	3559	140.462789780963	0.48391069097
4	3570	141.084194943604	0.4002
4	3584	141.829097125292	0.4002
4	3598	142.144316461981	0.4002
4	3609	142.423351178848	0.4002
4	3622	142.703160857826	0.4002
4	3631	142.968355037939	0.4002
4	3633	143.168355037939	0.537026704491
4	3644	143.97417012682	0.4002
4	3655	144.447382057575	0.4002
4	3680	145.434688672022	0.4002
4	3692	145.634688672022	0.488001675123
4	3700	145.834688672022	0.577369333359
4	3708	146.034688672022	0.55491755821
4	3712	146.234688672022	0.747339468702
4	3719	146.434688672022	0.542126940763
4	3736	146.73657808106	0.4002
4	3739	146.93657808106	0.547979613219
4	3741	147.13657808106	0.621786481274
4	3766	148.142949510869	0.4002
4	3777	148.342949510869	0.594436088347
4	3787	148.542949510869	0.575522334105
4	3804	148.742949510869	0.734651479011
4	3816	148.942949510869	0.695898127566
4	3824	149.142949510869	0.678808037619
4	3829	149.342949510869	0.778361691908
4	3836	149.542949510869	0.926979069288
4	3838	149.742949510869	1.064446931986
4	3843	149.942949510869	1.171629217047
4	3850	150.142949510869	0.825508380125
4	3852	150.342949510869	0.47882467682
4	3869	151.028260541527	0.4002
4	3882	151.271553604409	0.4002
4	3902	151.504366173655	0.4002
4	3910	151.704366173655	0.552005991167
4	3913	151.904366173655	0.631292987119
4	3915	152.104366173655	0.734299402748
4	3917	152.304366173655	0.893417989248
4	3943	152.876244642512	0.4002
4	3954	153.076244642512	0.574741919195
4	3958	153.276244642512	0.771571487317
4	3960	153.476244642512	0.915052703556
4	3962	153.676244642512	0.704306965017
4	3973	154.608573278086	0.4002
4	3984	155.022448205232	0.4002
4	3995	155.640750302377	0.4002
4	4014	156.096838245547	0.4002
4	4019	156.296838245547	0.445190189256
4	4033	156.597093531361	0.4002
4	4038	156.822387265217	0.4002
4	4055	157.4363573841	0.4002
4	4060	157.734248112292	0.4002
4	4074	158.424293533066	0.4002
4	4082	158.757032448168	0.4002
4	4093	159.173353991685	0.4002
4	4115	159.803850143764	0.4002
4	4118	160.003850143764	0.520995373177
4	4126	160.203850143764	0.674321932044
4	4140	160.447977827415	0.4002
4	4150	160.688263790312	0.4002
4	4158	160.888263790312	0.46617194281
4	4163	161.144969890149	0.4002
4	4174	161.881710986866	0.4002
4	4188	162.859520428665	0.4002
4	4196	163.197263968124	0.4002
4	4219	164.228165015833	0.4002
4	4223	164.428165015833	0.564550505697
4	4225	164.628165015833	0.503780034979
4	4248	165.492017755892	0.4002
4	4252	165.692017755892	0.553016793284
4	4257	165.892017755892	0.504718996426
4	4265	166.271751056059	0.4002
4	4288	167.41695745631	0.4002
4	4302	167.698553588089	0.4002
4	4307	167.898553588089	0.583666030426
4	4309	168.098553588089	0.739022022238
4	4314	168.298553588089	0.893550698461
4	4322	168.65996514105	0.4002
4	4348	169.22374054023	0.4002
4	4356	169.42374054023	0.572403276914
4	4363	169.62374054023	0.755333131952
4	4368	169.82374054023	0.725924256296
4	4375	170.02374054023	0.685651000443
4	4377	170.22374054023	0.4149347847
4	4399	170.886320205415	0.4002
4	4410	171.086320205415	0.501479032299
4	4418	171.286320205415	0.484141063039
4	4420	171.486320205415	0.627701205139
4	4425	171.686320205415	0.74343298102
4	4433	172.049123954937	0.4002
4	4449	172.790775197793	0.4002
4	4470	173.113325512117	0.4002
4	4475	173.313325512117	0.55482217079
4	4485	173.513325512117	0.653132446946
4	4493	173.713325512117	0.717251056182
4	4495	173.913325512117	0.587476201947
4	4497	174.113325512117	0.689643115843
4	4514	174.524167256089	0.4002
4	4519	174.773815168716	0.4002
4	4538	175.706967863598	0.4002
4	4543	175.906967863598	0.446175883996
4	4551	176.256353531175	0.4002
4	4562	177.215526004806	0.4002
4	4573	177.848036871123	0.4002
4	4584	178.464052692069	0.4002
4	4595	178.943195101944	0.4002
4	4616	179.432526251262	0.4002
4	4628	179.647423707354	0.4002
4	4634	179.847423707354	0.539915747409
4	4641	180.047423707354	0.627979512259
4	4649	180.247423707354	0.44946368264
4	4654	180.515240910258	0.4002
4	4665	181.278095637426	0.4002
4	4676	182.313452434891	0.4002
4	4690	183.343044457286	0.4002
4	4698	183.699297324286	0.4002
4	4718	184.133430373983	0.4002
4	4728	184.37764950655	0.4002
4	4739	184.57764950655	0.480309217549
4	4752	184.833172113208	0.4002
4	4759	185.033172113208	0.470572391881
4	4764	185.233172113208	0.445533394364
4	4780	185.591506063498	0.4002
4	4782	185.791506063498	0.479031227913
4	4804	186.228205602427	0.4002
4	4807	186.428205602427	0.566763021406
4	4809	186.628205602427	0.620887520738
4	4820	187.494194799672	0.4002
4	4844	187.947429821973	0.4002
4	4853	188.147429821973	0.495888975811
4	4857	188.347429821973	0.413401319654
4	4859	188.547429821973	0.607974773175
4	4876	189.046995098448	0.4002
4	4881	189.265585119174	0.4002
4	4898	189.725502803464	0.4002
4	4900	189.925502803464	0.572946787016
4	4919	190.716384358037	0.4002
4	4934	191.012120439295	0.4002
4	4938	191.212120439295	0.549094095739
4	4940	191.412120439295	0.55382743607
4	4959	191.990858985363	0.4002
4	4961	192.190858985363	0.493427346712
4	4975	193.282317461016	0.4002
4	4986	193.614025360289	0.4002
4	5011	193.954995959848	0.4002
4	5022	194.154995959848	0.503585635339
4	5033	194.354995959848	0.701924177773
4	5043	194.554995959848	0.833557118466
4	5053	194.754995959848	1.01992244208
4	5060	194.954995959848	0.816965698121
4	5062	195.154995959848	0.804237224755
4	5064	195.354995959848	0.860400554869
4	5066	195.554995959848	0.815200183124
4	5083	196.041692800123	0.4002
4	5088	196.301461159877	0.4002
4	5099	196.722440627832	0.4002
4	5110	197.179994361951	0.4002
4	5121	198.096455013621	0.4002
4	5140	198.658876633421	0.4002
4	5142	198.858876633421	0.494113778676
4	5167	199.452629865912	0.4002
4	5171	199.652629865912	0.48027542048
4	5173	199.852629865912	0.510227120851
5	10	1.293648103126	1
5	33	2.472242711789	1
5	37	2.672242711789	1
5	39	2.872242711789	1
5	67	3.416266061121	1
5	75	3.616266061121	1
5	78	3.816266061121	1
5	80	4.016266061121	1
5	82	4.216266061121	1
5	96	5.370963783001	1
5	113	5.732562497513	1
5	120	5.932562497513	1
5	125	6.132562497513	1
5	139	6.45140654375	1
5	147	6.668475796548	1
5	163	6.970822391837	1
5	171	7.170822391837	1
5	179	7.398010634845	1
5	187	7.787705106344	1
5	204	8.485371481721	1
5	209	8.715973521834	1
5	220	9.278593520259	1
5	239	9.811137402142	1
5	250	10.011137402142	1
5	260	10.300794602178	1
5	270	10.500794602178	1
5	279	10.756386008473	1
5	287	10.956386008473	1
5	292	11.238700044591	1
5	303	11.754118510787	1
5	314	13.605259562799	1
5	325	14.587532602017	1
5	342	15.273136979291	1
5	353	15.529378718142	1
5	358	15.742607848503	1
5	369	16.196515791807	1
5	380	17.032369603195	1
5	391	17.679601468182	1
5	410	18.373963605817	1
5	419	18.619095562531	1
5	427	18.819095562531	1
5	432	19.089641690646	1
5	449	19.596885886673	1
5	451	19.796885886673	1
5	470	20.309020493004	1
5	472	20.509020493004	1
5	486	21.019063051989	1
5	494	21.402404919727	1
5	511	21.89635886774	1
5	519	22.130083515605	1
5	532	22.44151051997	1
5	549	22.784674306346	1
5	552	22.984674306346	1
5	554	23.184674306346	1
5	576	24.138158788614	1
5	589	24.338158788614	1
5	597	24.538158788614	1
5	599	24.738158788614	1
5	601	24.938158788614	1
5	612	25.340409102455	1
5	629	25.845722530906	1
5	634	26.092375836766	1
5	648	28.152847985214	1
5	664	28.46844027448	1
5	666	28.66844027448	1
5	677	29.206250503197	1
5	688	29.651305894698	1
5	702	30.189921338043	1
5	710	30.555444774353	1
5	721	31.064770457319	1
5	732	31.570163546767	1
5	743	32.209614704437	1
5	754	33.317688363115	1
5	773	34.172165545668	1
5	775	34.372165545668	1
5	800	35.035095316535	1
5	810	35.235095316535	1
5	814	35.435095316535	1
5	816	35.635095316535	1
5	827	36.05135813123	1
5	846	36.600331622721	1
5	848	36.800331622721	1
5	865	37.311928193466	1
5	876	37.565628755651	1
5	881	37.774051732618	1
5	892	38.269262682316	1
5	911	40.08726352851	1
5	919	40.28726352851	1
5	924	40.508493486305	1
5	943	41.556785845363	1
5	945	41.756785845363	1
5	956	42.271012093668	1
5	979	42.765649903257	1
5	983	42.965649903257	1
5	991	43.165649903257	1
5	1004	43.367226711	1
5	1013	43.570473707694	1
5	1015	43.770473707694	1
5	1026	44.184450162144	1
5	1037	44.960428244927	1
5	1054	45.539272513158	1
5	1067	45.809551198469	1
5	1079	46.009551198469	1
5	1091	46.24732609909	1
5	1100	46.44732609909	1
5	1104	46.64732609909	1
5	1106	46.84732609909	1
5	1125	47.305118644826	1
5	1130	47.505118644826	1
5	1138	47.848758601082	1
5	1164	48.379569052637	1
5	1176	48.579569052637	1
5	1183	48.779569052637	1
5	1191	48.979569052637	1
5	1195	49.179569052637	1
5	1197	49.379569052637	1
5	1211	50.012624401932	1
5	1222	50.337246356542	1
5	1233	50.719076106972	1
5	1241	51.040388924684	1
5	1258	51.906437768208	1
5	1263	52.154664848584	1
5	1274	53.655870236856	1
5	1285	54.100131448189	1
5	1296	54.825509230288	1
5	1316	55.686069763754	1
5	1323	55.886069763754	1
5	1328	56.086069763754	1
5	1342	56.412559756529	1
5	1356	56.627769729035	1
5	1369	56.88635828454	1
5	1376	57.08635828454	1
5	1378	57.28635828454	1
5	1389	58.378678778173	1
5	1400	58.920416757866	1
5	1411	60.552354452452	1
5	1425	61.2516811157	1
5	1433	61.572736343825	1
5	1449	62.032567857209	1
5	1464	62.351861083941	1
5	1471	62.551861083941	1
5	1476	62.751861083941	1
5	1496	63.146607079284	1
5	1508	63.346607079284	1
5	1522	63.546607079284	1
5	1526	63.746607079284	1
5	1528	63.946607079284	1
5	1530	64.146607079284	1
5	1553	64.829885993405	1
5	1565	65.029885993405	1
5	1573	65.229885993405	1
5	1581	65.429885993405	1
5	1585	65.629885993405	1
5	1590	65.829885993405	1
5	1606	66.142967107144	1
5	1615	66.438879646113	1
5	1620	66.638879646113	1
5	1628	66.967543926462	1
5	1650	67.385449605811	1
5	1658	67.585449605811	1
5	1667	67.785449605811	1
5	1671	67.985449605811	1
5	1676	68.185449605811	1
5	1684	68.556535483514	1
5	1709	69.831511545886	1
5	1717	70.031511545886	1
5	1725	70.231511545886	1
5	1735	70.431511545886	1
5	1747	70.631511545886	1
5	1755	70.831511545886	1
5	1763	71.031511545886	1
5	1773	71.231511545886	1
5	1777	71.431511545886	1
5	1779	71.631511545886	1
5	1790	72.200501003091	1
5	1804	72.61948693575	1
5	1820	72.989888592413	1
5	1828	73.189888592413	1
5	1843	73.462325349313	1
5	1855	73.703836140123	1
5	1858	73.903836140123	1
5	1866	74.103836140123	1
5	1871	74.305284622763	1
5	1888	75.153281387238	1
5	1890	75.353281387238	1
5	1911	77.134925205463	1
5	1923	77.404551597586	1
5	1926	77.604551597586	1
5	1934	77.804551597586	1
5	1950	78.066187014546	1
5	1957	78.266187014546	1
5	1959	78.466187014546	1
5	1976	79.166398825795	1
5	1984	79.395329436332	1
5	1992	79.722330097259	1
5	2006	80.156085295087	1
5	2027	80.472572653855	1
5	2036	80.672572653855	1
5	2040	80.872572653855	1
5	2042	81.072572653855	1
5	2053	81.526229688684	1
5	2072	82.010483855369	1
5	2074	82.210483855369	1
5	2096	82.777298712991	1
5	2105	82.977298712991	1
5	2109	83.177298712991	1
5	2111	83.377298712991	1
5	2130	83.975562682416	1
5	2132	84.175562682416	1
5	2143	85.050357381489	1
5	2169	85.647081439101	1
5	2174	85.847081439101	1
5	2176	86.047081439101	1
5	2184	86.247081439101	1
5	2189	86.462460352588	1
5	2203	87.271719269117	1
5	2211	87.646312891731	1
5	2233	88.320706221185	1
5	2244	88.520706221185	1
5	2252	88.720706221185	1
5	2257	88.920706221185	1
5	2264	89.120706221185	1
5	2266	89.320706221185	1
5	2277	89.833901640783	1
5	2288	90.948690972016	1
5	2299	91.356005534891	1
5	2313	91.972728192519	1
5	2321	92.30516856	1
5	2332	92.860375652502	1
5	2349	93.821318005438	1
5	2354	94.096224584478	1
5	2376	94.547890271375	1
5	2379	94.747890271375	1
5	2381	94.947890271375	1
5	2400	95.377787073646	1
5	2409	95.616918790571	1
5	2411	95.816918790571	1
5	2425	97.568077688066	1
5	2441	97.887517377732	1
5	2449	98.087517377732	1
5	2454	98.338870275877	1
5	2481	99.203943659895	1
5	2491	99.403943659895	1
5	2498	99.603943659895	1
5	2505	99.803943659895	1
5	2507	100.003943659895	1
5	2515	100.203943659895	1
5	2526	100.405447826734	1
5	2546	100.671260261709	1
5	2557	100.871260261709	1
5	2567	101.071260261709	1
5	2574	101.271260261709	1
5	2581	101.471260261709	1
5	2583	101.671260261709	1
5	2588	101.871260261709	1
5	2602	102.244633410707	1
5	2604	102.444633410707	1
5	2630	103.254329679025	1
5	2635	103.454329679025	1
5	2637	103.654329679025	1
5	2639	103.854329679025	1
5	2666	104.584218669793	1
5	2674	104.784218669793	1
5	2676	104.984218669793	1
5	2678	105.184218669793	1
5	2700	105.621778977704	1
5	2703	105.821778977704	1
5	2711	106.021778977704	1
5	2716	106.266309721219	1
5	2733	106.958321787586	1
5	2738	107.163151331286	1
5	2757	107.658840963588	1
5	2759	107.858840963588	1
5	2778	108.533346294166	1
5	2792	108.830089874138	1
5	2801	109.030089874138	1
5	2805	109.230089874138	1
5	2807	109.430089874138	1
5	2827	110.012418602434	1
5	2834	110.212418602434	1
5	2836	110.412418602434	1
5	2850	110.895097534982	1
5	2858	111.285460697494	1
5	2869	111.699484798531	1
5	2880	113.145327675036	1
5	2902	113.758622264748	1
5	2912	113.958622264748	1
5	2919	114.158622264748	1
5	2927	114.358622264748	1
5	2932	114.657534051036	1
5	2951	116.197412681212	1
5	2956	116.397412681212	1
5	2964	116.725630268311	1
5	2975	117.954197113176	1
5	2989	119.554132154585	1
5	2997	119.937219121046	1
5	3014	121.322440730021	1
5	3019	121.592252899396	1
5	3044	122.080705829645	1
5	3052	122.280705829645	1
5	3060	122.480705829645	1
5	3067	122.680705829645	1
5	3080	122.880705829645	1
5	3084	123.080705829645	1
5	3094	123.280705829645	1
5	3106	123.548068452377	1
5	3116	123.748068452377	1
5	3126	123.948068452377	1
5	3137	124.148068452377	1
5	3141	124.348068452377	1
5	3149	124.548068452377	1
5	3154	124.799634131927	1
5	3165	125.381431574923	1
5	3176	126.293669488036	1
5	3195	127.382009203122	1
5	3204	127.673775020713	1
5	3206	127.873775020713	1
5	3232	128.53667890578	1
5	3241	128.73667890578	1
5	3243	128.93667890578	1
5	3245	129.13667890578	1
5	3268	129.559821075376	1
5	3272	129.759821075376	1
5	3274	129.959821075376	1
5	3285	130.988329150875	1
5	3304	131.460853363518	1
5	3309	131.660853363518	1
5	3325	132.059280016908	1
5	3327	132.259280016908	1
5	3353	132.859896954916	1
5	3358	133.059896954916	1
5	3366	133.259896954916	1
5	3370	133.459896954916	1
5	3372	133.659896954916	1
5	3383	134.368956558855	1
5	3394	135.34930545608	1
5	3413	136.683840438111	1
5	3420	136.883840438111	1
5	3442	137.215300491425	1
5	3455	137.415300491425	1
5	3464	137.615300491425	1
5	3466	137.815300491425	1
5	3468	138.015300491425	1
5	3475	138.215300491425	1
5	3492	138.575791900936	1
5	3495	138.775791900936	1
5	3506	138.975791900936	1
5	3522	139.237235273188	1
5	3529	139.437235273188	1
5	3536	139.637235273188	1
5	3538	139.837235273188	1
5	3557	140.262789780963	1
5	3559	140.462789780963	1
5	3570	141.084194943604	1
5	3584	141.829097125292	1
5	3598	142.144316461981	1
5	3609	142.423351178848	1
5	3622	142.703160857826	1
5	3631	142.968355037939	1
5	3633	143.168355037939	1
5	3644	143.97417012682	1
5	3655	144.447382057575	1
5	3680	145.434688672022	1
5	3692	145.634688672022	1
5	3700	145.834688672022	1
5	3708	146.034688672022	1
5	3712	146.234688672022	1
5	3719	146.434688672022	1
5	3736	146.73657808106	1
5	3739	146.93657808106	1
5	3741	147.13657808106	1
5	3766	148.142949510869	1
5	3777	148.342949510869	1
5	3787	148.542949510869	1
5	3804	148.742949510869	1
5	3816	148.942949510869	1
5	3824	149.142949510869	1
5	3829	149.342949510869	1
5	3836	149.542949510869	1
5	3838	149.742949510869	1
5	3843	149.942949510869	1
5	3850	150.142949510869	1
5	3852	150.342949510869	1
5	3869	151.028260541527	1
5	3882	151.271553604409	1
5	3902	151.504366173655	1
5	3910	151.704366173655	1
5	3913	151.904366173655	1
5	3915	152.104366173655	1
5	3917	152.304366173655	1
5	3943	152.876244642512	1
5	3954	153.076244642512	1
5	3958	153.276244642512	1
5	3960	153.476244642512	1
5	3962	153.676244642512	1
5	3973	154.608573278086	1
5	3984	155.022448205232	1
5	3995	155.640750302377	1
5	4014	156.096838245547	1
5	4019	156.296838245547	1
5	4033	156.597093531361	1
5	4038	156.822387265217	1
5	4055	157.4363573841	1
5	4060	157.734248112292	1
5	4074	158.424293533066	1
5	4082	158.757032448168	1
5	4093	159.173353991685	1
5	4115	159.803850143764	1
5	4118	160.003850143764	1
5	4126	160.203850143764	1
5	4140	160.447977827415	1
5	4150	160.688263790312	1
5	4158	160.888263790312	1
5	4163	161.144969890149	1
5	4174	161.881710986866	1
5	4188	162.859520428665	1
5	4196	163.197263968124	1
5	4219	164.228165015833	1
5	4223	164.428165015833	1
5	4225	164.628165015833	1
5	4248	165.492017755892	1
5	4252	165.692017755892	1
5	4257	165.892017755892	1
5	4265	166.271751056059	1
5	4288	167.41695745631	1
5	4302	167.698553588089	1
5	4307	167.898553588089	1
5	4309	168.098553588089	1
5	4314	168.298553588089	1
5	4322	168.65996514105	1
5	4348	169.22374054023	1
5	4356	169.42374054023	1
5	4363	169.62374054023	1
5	4368	169.82374054023	1
5	4375	170.02374054023	1
5	4377	170.22374054023	1
5	4399	170.886320205415	1
5	4410	171.086320205415	1
5	4418	171.286320205415	1
5	4420	171.486320205415	1
5	4425	171.686320205415	1
5	4433	172.049123954937	1
5	4449	172.790775197793	1
5	4470	173.113325512117	1
5	4475	173.313325512117	1
5	4485	173.513325512117	1
5	4493	173.713325512117	1
5	4495	173.913325512117	1
5	4497	174.113325512117	1
5	4514	174.524167256089	1
5	4519	174.773815168716	1
5	4538	175.706967863598	1
5	4543	175.906967863598	1
5	4551	176.256353531175	1
5	4562	177.215526004806	1
5	4573	177.848036871123	1
5	4584	178.464052692069	1
5	4595	178.943195101944	1
5	4616	179.432526251262	1
5	4628	179.647423707354	1
5	4634	179.847423707354	1
5	4641	180.047423707354	1
5	4649	180.247423707354	1
5	4654	180.515240910258	1
5	4665	181.278095637426	1
5	4676	182.313452434891	1
5	4690	183.343044457286	1
5	4698	183.699297324286	1
5	4718	184.133430373983	1
5	4728	184.37764950655	1
5	4739	184.57764950655	1
5	4752	184.833172113208	1
5	4759	185.033172113208	1
5	4764	185.233172113208	1
5	4780	185.591506063498	1
5	4782	185.791506063498	1
5	4804	186.228205602427	1
5	4807	186.428205602427	1
5	4809	186.628205602427	1
5	4820	187.494194799672	1
5	4844	187.947429821973	1
5	4853	188.147429821973	1
5	4857	188.347429821973	1
5	4859	188.547429821973	1
5	4876	189.046995098448	1
5	4881	189.265585119174	1
5	4898	189.725502803464	1
5	4900	189.925502803464	1
5	4919	190.716384358037	1
5	4934	191.012120439295	1
5	4938	191.212120439295	1
5	4940	191.412120439295	1
5	4959	191.990858985363	1
5	4961	192.190858985363	1
5	4975	193.282317461016	1
5	4986	193.614025360289	1
5	5011	193.954995959848	1
5	5022	194.154995959848	1
5	5033	194.354995959848	1
5	5043	194.554995959848	1
5	5053	194.754995959848	1
5	5060	194.954995959848	1
5	5062	195.154995959848	1
5	5064	195.354995959848	1
5	5066	195.554995959848	1
5	5083	196.041692800123	1
5	5088	196.301461159877	1
5	5099	196.722440627832	1
5	5110	197.179994361951	1
5	5121	198.096455013621	1
5	5140	198.658876633421	1
5	5142	198.858876633421	1
5	5167	199.452629865912	1
5	5171	199.652629865912	1
5	5173	199.852629865912	1

