version 3
run BaseVersion-5-20240511-20:45:07-11874
attr configname BaseVersion
attr datetime 20240511-20:45:07
attr datetimef 20240511-204507
attr experiment BaseVersion
attr inifile omnetpp.ini
attr iterationvars $genInterval=0.35
attr iterationvarsd genInterval=0.35
attr iterationvarsf genInterval=0.35-
attr measurement $genInterval=0.35
attr network Network
attr processid 11874
attr repetition 0
attr replication #0
attr resultdir results
attr runnumber 5
attr seedset 5
itervar genInterval 0.35
config network Network
config sim-time-limit 200s
config Network.nodeTx.gen.generationInterval exponential(0.35)
config Network.nodeTx.gen.packetByteSize 12500
config Network.nodeTx.queue.bufferSize 200
config Network.nodeRx.queue.bufferSize 200
config Network.queue.bufferSize 200

vector 0 Network.nodeTx.gen packetGen ETV
vector 1 Network.nodeTx.queue bufferSize ETV
vector 2 Network.queue bufferSize ETV
vector 3 Network.nodeRx.queue bufferSize ETV
vector 4 Network.nodeRx.sink Delay ETV
vector 5 Network.nodeRx.sink packetUsed ETV
0	1	0.087856992192	1
0	4	0.107723332959	1
0	20	0.823777783242	1
0	31	1.446707198619	1
0	34	1.527759485918	1
0	44	1.686009576054	1
0	60	2.563989467379	1
0	71	3.92361729734	1
0	80	4.158199226058	1
0	83	4.191139137606	1
0	97	4.522270639911	1
0	105	4.699161120275	1
0	121	5.207375288622	1
0	127	5.360384608913	1
0	140	5.616122168926	1
0	151	5.849493078192	1
0	157	5.97273320139	1
0	174	7.614523570689	1
0	177	7.687292658748	1
0	193	8.265397494041	1
0	196	8.294863175281	1
0	208	8.661760216099	1
0	222	9.131142660967	1
0	233	9.730298490325	1
0	242	9.934054186594	1
0	245	10.031278966658	1
0	250	10.091599136589	1
0	269	10.597525377366	1
0	282	11.339434011982	1
0	285	11.380575261141	1
0	290	11.492688790369	1
0	297	11.572611472865	1
0	309	11.759804295575	1
0	312	11.804186360201	1
0	319	11.927068024952	1
0	339	12.663097046349	1
0	351	13.009940641585	1
0	362	13.269520062536	1
0	373	13.573010127838	1
0	384	13.810149679565	1
0	395	14.130789489591	1
0	408	14.591490093033	1
0	414	14.699640041377	1
0	417	14.704780874439	1
0	425	14.822042602668	1
0	427	14.856347211501	1
0	433	14.958714448991	1
0	455	15.571876096645	1
0	463	15.710772984947	1
0	479	16.338223723274	1
0	484	16.392710622383	1
0	500	17.173013588239	1
0	503	17.23638381183	1
0	519	18.346026306061	1
0	530	19.508834266599	1
0	539	19.797242697141	1
0	552	20.925838695362	1
0	555	20.95905853321	1
0	560	21.03212653551	1
0	579	22.963669197701	1
0	582	22.972281591855	1
0	592	23.199411369809	1
0	597	23.279510360296	1
0	612	23.683730526241	1
0	624	24.104938602396	1
0	637	24.753804493207	1
0	648	25.282977795382	1
0	657	25.61808104735	1
0	660	25.626201098165	1
0	672	25.916089035664	1
0	684	26.217772018513	1
0	692	26.378464915345	1
0	695	26.379040147334	1
0	712	26.790007123509	1
0	724	27.043610581857	1
0	737	27.636416519095	1
0	746	27.993795371567	1
0	759	28.903404773762	1
0	770	30.388182891915	1
0	773	30.390195941243	1
0	778	30.495156170243	1
0	793	30.941394323519	1
0	807	31.509094650058	1
0	816	31.894021281637	1
0	829	32.609401624767	1
0	832	32.687399247017	1
0	848	33.583645408897	1
0	859	34.0011664475	1
0	862	34.00194228208	1
0	874	34.30176628656	1
0	884	34.523635978323	1
0	896	34.827029086004	1
0	909	36.222932756393	1
0	912	36.24627128352	1
0	922	36.424445262667	1
0	925	36.49272962711	1
0	944	37.080929595643	1
0	952	37.227170755811	1
0	965	37.503903185776	1
0	976	37.832303759415	1
0	989	38.347992472222	1
0	992	38.424118586097	1
0	1004	38.656327682267	1
0	1007	38.701685773111	1
0	1009	38.7120260708	1
0	1034	39.666983428161	1
0	1037	39.698658435819	1
0	1042	39.82902813869	1
0	1049	39.870387165521	1
0	1061	40.095456796456	1
0	1069	40.196727058094	1
0	1072	40.219207870647	1
0	1097	41.391704394648	1
0	1103	41.504424816321	1
0	1116	41.854087700512	1
0	1119	41.94374663893	1
0	1137	42.537491539682	1
0	1148	43.540466814291	1
0	1157	43.832681709932	1
0	1165	43.998459100006	1
0	1178	44.351551104924	1
0	1186	44.521073685165	1
0	1201	45.105851681506	1
0	1207	45.231690327682	1
0	1222	46.146225488028	1
0	1225	46.222201992195	1
0	1241	47.075350190629	1
0	1252	47.541899739976	1
0	1263	48.151560630723	1
0	1274	49.069065397697	1
0	1277	49.103694315169	1
0	1291	49.507156779867	1
0	1297	49.663931088675	1
0	1308	49.857132774623	1
0	1313	49.869786959262	1
0	1328	50.162219201928	1
0	1338	50.438875903205	1
0	1343	50.523591685691	1
0	1358	51.080208992983	1
0	1363	51.13999782262	1
0	1365	51.158371761929	1
0	1385	51.790736488651	1
0	1388	51.863913650683	1
0	1406	52.516553944024	1
0	1412	52.675762977097	1
0	1425	53.036939134134	1
0	1430	53.134973688025	1
0	1435	53.185425630498	1
0	1452	53.740235862259	1
0	1455	53.808297522637	1
0	1467	53.960201408329	1
0	1475	54.094601075372	1
0	1489	54.4510895663	1
0	1503	55.544724399695	1
0	1512	55.782746539651	1
0	1515	55.8726754496	1
0	1529	56.179229318657	1
0	1543	56.953972334266	1
0	1554	57.934602640466	1
0	1565	58.878563866715	1
0	1576	59.884542398286	1
0	1579	59.915673500392	1
0	1581	59.957126529581	1
0	1601	60.540942001076	1
0	1614	61.190209687543	1
0	1625	63.006913620389	1
0	1631	63.155555460363	1
0	1640	63.307798867658	1
0	1643	63.344996913631	1
0	1656	63.576614794099	1
0	1666	63.745857105585	1
0	1682	64.220212142576	1
0	1693	64.470138119813	1
0	1701	64.633395215021	1
0	1716	65.769789368397	1
0	1719	65.782316011469	1
0	1724	65.944869777612	1
0	1731	66.002849701874	1
0	1733	66.007205993856	1
0	1739	66.143062332216	1
0	1763	66.830469831271	1
0	1766	66.874221711103	1
0	1768	66.915445631443	1
0	1779	67.07147382312	1
0	1791	67.299231917781	1
0	1805	67.717831631819	1
0	1821	68.381777035081	1
0	1832	68.931759357901	1
0	1841	69.184832547747	1
0	1852	69.39164675015	1
0	1863	69.598737674457	1
0	1876	70.834868525403	1
0	1887	71.399006521856	1
0	1896	71.649189011518	1
0	1899	71.656399765385	1
0	1911	71.889403361057	1
0	1923	72.186930861826	1
0	1926	72.206143097603	1
0	1937	72.391636312236	1
0	1944	72.490617886438	1
0	1963	73.963721165301	1
0	1974	74.457321258477	1
0	1985	75.023085838082	1
0	1994	75.368714164086	1
0	1997	75.388129589806	1
0	2013	75.87057923735	1
0	2016	75.944538104378	1
0	2034	77.483787018373	1
0	2043	77.694572627711	1
0	2054	78.006577985295	1
0	2067	78.431417827279	1
0	2076	78.67851111441	1
0	2082	78.819749829671	1
0	2090	78.905494207043	1
0	2099	79.061685504042	1
0	2113	79.360406455615	1
0	2127	80.250905062129	1
0	2138	80.783909504347	1
0	2149	81.858799232583	1
0	2160	82.479428113915	1
0	2166	82.66272938845	1
0	2172	82.759275703617	1
0	2189	83.560214915202	1
0	2200	84.235984758002	1
0	2206	84.376284229242	1
0	2209	84.43013871283	1
0	2214	84.460365674451	1
0	2233	84.959691643103	1
0	2243	85.221513673933	1
0	2257	86.170435909831	1
0	2266	86.548889595108	1
0	2279	86.989436119005	1
0	2290	87.771609007724	1
0	2293	87.819567678603	1
0	2309	88.994489238629	1
0	2312	89.040154066029	1
0	2326	89.554438216888	1
0	2337	89.879817672075	1
0	2350	90.377997065433	1
0	2361	91.816590062279	1
0	2372	92.249905279959	1
0	2383	93.071841692845	1
0	2394	93.495048515223	1
0	2400	93.600925725261	1
0	2415	94.111274746333	1
0	2424	94.429127757756	1
0	2437	95.711244723435	1
0	2443	95.853515624745	1
0	2452	96.017297762419	1
0	2464	96.223690924435	1
0	2467	96.254038436513	1
0	2482	96.61643811258	1
0	2487	96.71232546147	1
0	2496	96.858644742026	1
0	2503	96.946272192234	1
0	2520	97.596851166164	1
0	2528	97.755025848024	1
0	2541	98.101417983961	1
0	2554	98.683253235285	1
0	2557	98.761434203791	1
0	2559	98.78312640527	1
0	2569	98.950983293722	1
0	2581	99.160063091182	1
0	2593	99.419522716349	1
0	2607	100.006668366454	1
0	2618	100.400449194207	1
0	2626	100.507846376226	1
0	2635	100.623435313699	1
0	2638	100.646360324601	1
0	2655	101.136404981488	1
0	2660	101.233429864273	1
0	2675	101.656645359616	1
0	2678	101.687763239452	1
0	2680	101.723096932908	1
0	2702	102.300282428136	1
0	2705	102.337932766901	1
0	2710	102.403253589721	1
0	2719	102.550796477851	1
0	2725	102.626865897252	1
0	2743	103.227047792847	1
0	2757	103.816960969917	1
0	2768	104.721905229483	1
0	2779	105.303687524756	1
0	2790	105.800493966796	1
0	2799	106.112019216477	1
0	2812	106.851442938321	1
0	2823	107.713137139962	1
0	2834	108.386936992381	1
0	2837	108.408526978876	1
0	2839	108.473931444704	1
0	2861	109.647240403752	1
0	2870	109.954818940591	1
0	2881	110.251003146664	1
0	2889	110.402150821924	1
0	2898	110.528248376892	1
0	2912	110.997913321856	1
0	2925	111.609367098765	1
0	2928	111.619656666536	1
0	2940	111.996640702406	1
0	2945	112.063107251878	1
0	2962	113.569917670167	1
0	2965	113.620227418178	1
0	2967	113.660028378997	1
0	2989	115.033275942855	1
0	2998	115.337667414249	1
0	3011	116.278860699316	1
0	3020	116.50294074187	1
0	3033	116.931665077536	1
0	3042	117.301381005277	1
0	3055	118.26372380932	1
0	3058	118.360633896876	1
0	3072	118.828342003276	1
0	3075	118.839410717996	1
0	3082	119.00928100988	1
0	3097	119.284301256015	1
0	3111	120.055854968913	1
0	3117	120.214640860001	1
0	3130	120.514938349503	1
0	3143	121.294988477064	1
0	3154	121.913867704884	1
0	3163	122.129108962546	1
0	3166	122.164167515646	1
0	3178	122.354010790428	1
0	3181	122.400681731941	1
0	3198	122.751429361496	1
0	3210	123.201464792912	1
0	3221	123.463628107795	1
0	3224	123.545148374176	1
0	3242	124.682516177748	1
0	3248	124.840064169905	1
0	3263	125.384644939961	1
0	3274	126.398260889962	1
0	3283	126.638556870158	1
0	3296	127.113058271285	1
0	3299	127.196066961006	1
0	3309	127.39138114872	1
0	3323	127.715586506139	1
0	3326	127.779108512151	1
0	3342	128.262323326942	1
0	3353	128.525411118372	1
0	3366	129.018921323477	1
0	3369	129.059383876682	1
0	3385	130.822183108456	1
0	3396	131.247818574415	1
0	3399	131.334106625018	1
0	3415	131.871299065539	1
0	3421	132.065372056286	1
0	3436	132.751129997851	1
0	3442	132.944115286242	1
0	3457	133.368104710971	1
0	3463	133.502390583823	1
0	3478	134.311869931064	1
0	3484	134.470999129899	1
0	3499	134.977496169341	1
0	3508	135.204987512864	1
0	3521	135.703861923016	1
0	3530	135.977241156957	1
0	3533	136.00524987734	1
0	3540	136.113119210442	1
0	3542	136.149656637826	1
0	3549	136.200158302572	1
0	3555	136.314141507121	1
0	3563	136.439922059738	1
0	3569	136.497823451982	1
0	3571	136.549181869076	1
0	3579	136.589936611567	1
0	3585	136.723736758028	1
0	3597	136.952020945985	1
0	3617	137.349930147228	1
0	3625	137.486701016871	1
0	3639	137.808578253451	1
0	3651	138.226685819714	1
0	3671	140.28723150251	1
0	3677	140.481412995694	1
0	3690	140.769484460499	1
0	3703	141.425108590011	1
0	3712	141.703596950029	1
0	3723	141.924438022304	1
0	3734	142.284307716159	1
0	3747	142.976163601548	1
0	3758	143.43029289601	1
0	3761	143.452317540877	1
0	3773	143.78713708802	1
0	3778	143.842297926827	1
0	3791	144.153079173533	1
0	3803	144.519057966246	1
0	3814	144.844166119641	1
0	3822	145.015369799348	1
0	3831	145.168730140463	1
0	3843	145.385898112856	1
0	3857	145.911702403418	1
0	3860	145.951369218435	1
0	3872	146.276122233357	1
0	3877	146.344583283935	1
0	3882	146.474065599203	1
0	3898	146.77343126484	1
0	3901	146.872087039769	1
0	3916	147.152318873337	1
0	3919	147.178195387265	1
0	3930	147.399684185401	1
0	3940	147.549237579479	1
0	3956	148.198636468981	1
0	3959	148.20316243187	1
0	3966	148.327411995742	1
0	3968	148.390794372729	1
0	3987	148.741786642213	1
0	3990	148.763579497282	1
0	4001	148.946227816356	1
0	4011	149.060308965986	1
0	4023	149.286532606468	1
0	4031	149.436409617916	1
0	4047	150.150193412687	1
0	4059	150.463297751634	1
0	4067	150.629273930715	1
0	4082	151.151373565047	1
0	4091	151.382689541052	1
0	4102	151.725750689856	1
0	4105	151.778695874409	1
0	4112	151.839586642215	1
0	4114	151.867040899232	1
0	4137	152.651768746313	1
0	4150	153.059532293669	1
0	4161	153.518566252578	1
0	4172	154.118868602166	1
0	4181	154.35991120333	1
0	4192	154.695540468344	1
0	4203	155.056675521075	1
0	4216	155.849125043908	1
0	4225	156.098422771513	1
0	4236	156.446910875366	1
0	4241	156.511371445995	1
0	4257	157.07524087233	1
0	4266	157.434245798521	1
0	4274	157.591577171432	1
0	4289	159.144501831833	1
0	4292	159.154338385621	1
0	4306	159.669226532446	1
0	4319	160.596634124928	1
0	4322	160.66672474918	1
0	4334	160.956227318515	1
0	4339	161.000877143555	1
0	4356	161.667183124206	1
0	4367	162.599637553511	1
0	4373	162.795856142888	1
0	4388	163.639016205574	1
0	4399	164.073276744928	1
0	4410	164.557340150597	1
0	4421	165.259157401029	1
0	4432	165.75942414737	1
0	4438	165.954374436417	1
0	4444	166.008334789883	1
0	4461	167.337112896323	1
0	4472	167.921968665935	1
0	4481	168.293059700028	1
0	4486	168.367798329877	1
0	4491	168.454950229044	1
0	4498	168.513791199253	1
0	4500	168.521487522525	1
0	4512	168.704430436633	1
0	4526	169.082964683244	1
0	4529	169.083098723747	1
0	4533	169.166518037005	1
0	4554	169.820204815816	1
0	4562	169.929887971281	1
0	4565	169.991383829488	1
0	4584	170.545856470675	1
0	4596	171.016325077237	1
0	4599	171.03784120397	1
0	4613	171.343900525318	1
0	4621	171.489260307147	1
0	4635	172.004042771073	1
0	4646	172.297891429069	1
0	4657	172.618587205772	1
0	4668	172.991119239931	1
0	4681	174.130807719531	1
0	4690	174.370721347353	1
0	4698	174.537908794886	1
0	4711	174.83428652448	1
0	4722	175.074801512504	1
0	4735	176.436367924304	1
0	4741	176.580918417408	1
0	4756	177.080011593872	1
0	4767	177.555210018317	1
0	4778	179.565638030719	1
0	4784	179.690722282531	1
0	4799	180.550944170673	1
0	4810	181.11212983231	1
0	4821	182.042483047561	1
0	4824	182.073937464853	1
0	4826	182.112274339036	1
0	4831	182.206335903862	1
0	4833	182.213276413079	1
0	4844	182.415070313926	1
0	4852	182.513839237856	1
0	4858	182.560993816834	1
0	4860	182.571929033487	1
0	4868	182.651358290497	1
0	4870	182.717705773677	1
0	4900	183.3625004016	1
0	4914	183.97810466792	1
0	4922	184.141171055096	1
0	4942	185.083879739944	1
0	4945	185.170250180928	1
0	4961	185.920956423873	1
0	4972	186.576039373638	1
0	4975	186.581531429353	1
0	4987	186.881323252731	1
0	4995	187.002677060523	1
0	5007	187.354198716183	1
0	5021	187.881161107669	1
0	5032	188.650314652998	1
0	5041	188.883630407402	1
0	5054	189.321697523906	1
0	5065	189.851216572849	1
0	5071	189.959029898447	1
0	5086	191.957436265914	1
0	5089	191.960850776258	1
0	5091	191.992783737842	1
0	5105	192.271844370662	1
0	5108	192.331620721734	1
0	5127	192.761903814883	1
0	5137	192.97699121352	1
0	5149	193.55040467462	1
0	5162	194.752179411352	1
0	5165	194.826215488455	1
0	5167	194.827935928781	1
0	5185	195.179933579357	1
0	5188	195.255067702095	1
0	5207	196.231420401314	1
0	5213	196.424433909541	1
0	5222	196.52896395015	1
0	5238	197.314278951418	1
0	5244	197.435375461003	1
0	5259	197.959071987161	1
0	5265	198.153149048334	1
0	5271	198.245860476015	1
0	5284	198.542210645196	1
0	5289	198.615270682819	1
1	2	0.087856992192	1
1	5	0.107723332959	1
1	21	0.823777783242	1
1	32	1.446707198619	1
1	35	1.527759485918	1
1	45	1.686009576054	1
1	61	2.563989467379	1
1	72	3.92361729734	1
1	81	4.158199226058	1
1	84	4.191139137606	1
1	98	4.522270639911	1
1	106	4.699161120275	1
1	122	5.207375288622	1
1	128	5.360384608913	1
1	141	5.616122168926	1
1	152	5.849493078192	1
1	158	5.97273320139	1
1	175	7.614523570689	1
1	178	7.687292658748	1
1	194	8.265397494041	1
1	197	8.294863175281	1
1	209	8.661760216099	1
1	223	9.131142660967	1
1	234	9.730298490325	1
1	243	9.934054186594	1
1	246	10.031278966658	1
1	251	10.091599136589	1
1	270	10.597525377366	1
1	283	11.339434011982	1
1	286	11.380575261141	1
1	291	11.492688790369	1
1	298	11.572611472865	1
1	310	11.759804295575	1
1	313	11.804186360201	1
1	320	11.927068024952	1
1	340	12.663097046349	1
1	352	13.009940641585	1
1	363	13.269520062536	1
1	374	13.573010127838	1
1	385	13.810149679565	1
1	396	14.130789489591	1
1	409	14.591490093033	1
1	415	14.699640041377	1
1	418	14.704780874439	1
1	426	14.822042602668	1
1	428	14.856347211501	2
1	434	14.958714448991	2
1	456	15.571876096645	1
1	464	15.710772984947	1
1	480	16.338223723274	1
1	485	16.392710622383	1
1	501	17.173013588239	1
1	504	17.23638381183	1
1	520	18.346026306061	1
1	531	19.508834266599	1
1	540	19.797242697141	1
1	553	20.925838695362	1
1	556	20.95905853321	1
1	561	21.03212653551	1
1	580	22.963669197701	1
1	583	22.972281591855	1
1	593	23.199411369809	1
1	598	23.279510360296	1
1	613	23.683730526241	1
1	625	24.104938602396	1
1	638	24.753804493207	1
1	649	25.282977795382	1
1	658	25.61808104735	1
1	661	25.626201098165	1
1	673	25.916089035664	1
1	685	26.217772018513	1
1	693	26.378464915345	1
1	696	26.379040147334	1
1	713	26.790007123509	1
1	725	27.043610581857	1
1	738	27.636416519095	1
1	747	27.993795371567	1
1	760	28.903404773762	1
1	771	30.388182891915	1
1	774	30.390195941243	1
1	779	30.495156170243	1
1	794	30.941394323519	1
1	808	31.509094650058	1
1	817	31.894021281637	1
1	830	32.609401624767	1
1	833	32.687399247017	1
1	849	33.583645408897	1
1	860	34.0011664475	1
1	863	34.00194228208	1
1	875	34.30176628656	1
1	885	34.523635978323	1
1	897	34.827029086004	1
1	910	36.222932756393	1
1	913	36.24627128352	1
1	923	36.424445262667	1
1	926	36.49272962711	1
1	945	37.080929595643	1
1	953	37.227170755811	1
1	966	37.503903185776	1
1	977	37.832303759415	1
1	990	38.347992472222	1
1	993	38.424118586097	1
1	1005	38.656327682267	1
1	1008	38.701685773111	1
1	1010	38.7120260708	2
1	1035	39.666983428161	1
1	1038	39.698658435819	1
1	1043	39.82902813869	1
1	1050	39.870387165521	1
1	1062	40.095456796456	1
1	1070	40.196727058094	1
1	1073	40.219207870647	1
1	1098	41.391704394648	1
1	1104	41.504424816321	1
1	1117	41.854087700512	1
1	1120	41.94374663893	1
1	1138	42.537491539682	1
1	1149	43.540466814291	1
1	1158	43.832681709932	1
1	1166	43.998459100006	1
1	1179	44.351551104924	1
1	1187	44.521073685165	1
1	1202	45.105851681506	1
1	1208	45.231690327682	1
1	1223	46.146225488028	1
1	1226	46.222201992195	1
1	1242	47.075350190629	1
1	1253	47.541899739976	1
1	1264	48.151560630723	1
1	1275	49.069065397697	1
1	1278	49.103694315169	1
1	1292	49.507156779867	1
1	1298	49.663931088675	1
1	1309	49.857132774623	1
1	1314	49.869786959262	1
1	1329	50.162219201928	1
1	1339	50.438875903205	1
1	1344	50.523591685691	1
1	1359	51.080208992983	1
1	1364	51.13999782262	1
1	1366	51.158371761929	2
1	1386	51.790736488651	1
1	1389	51.863913650683	1
1	1407	52.516553944024	1
1	1413	52.675762977097	1
1	1426	53.036939134134	1
1	1431	53.134973688025	1
1	1436	53.185425630498	1
1	1453	53.740235862259	1
1	1456	53.808297522637	1
1	1468	53.960201408329	1
1	1476	54.094601075372	1
1	1490	54.4510895663	1
1	1504	55.544724399695	1
1	1513	55.782746539651	1
1	1516	55.8726754496	1
1	1530	56.179229318657	1
1	1544	56.953972334266	1
1	1555	57.934602640466	1
1	1566	58.878563866715	1
1	1577	59.884542398286	1
1	1580	59.915673500392	1
1	1582	59.957126529581	2
1	1602	60.540942001076	1
1	1615	61.190209687543	1
1	1626	63.006913620389	1
1	1632	63.155555460363	1
1	1641	63.307798867658	1
1	1644	63.344996913631	1
1	1657	63.576614794099	1
1	1667	63.745857105585	1
1	1683	64.220212142576	1
1	1694	64.470138119813	1
1	1702	64.633395215021	1
1	1717	65.769789368397	1
1	1720	65.782316011469	1
1	1725	65.944869777612	1
1	1732	66.002849701874	1
1	1734	66.007205993856	2
1	1740	66.143062332216	2
1	1764	66.830469831271	1
1	1767	66.874221711103	1
1	1769	66.915445631443	2
1	1780	67.07147382312	1
1	1792	67.299231917781	1
1	1806	67.717831631819	1
1	1822	68.381777035081	1
1	1833	68.931759357901	1
1	1842	69.184832547747	1
1	1853	69.39164675015	1
1	1864	69.598737674457	1
1	1877	70.834868525403	1
1	1888	71.399006521856	1
1	1897	71.649189011518	1
1	1900	71.656399765385	1
1	1912	71.889403361057	1
1	1924	72.186930861826	1
1	1927	72.206143097603	1
1	1938	72.391636312236	1
1	1945	72.490617886438	1
1	1964	73.963721165301	1
1	1975	74.457321258477	1
1	1986	75.023085838082	1
1	1995	75.368714164086	1
1	1998	75.388129589806	1
1	2014	75.87057923735	1
1	2017	75.944538104378	1
1	2035	77.483787018373	1
1	2044	77.694572627711	1
1	2055	78.006577985295	1
1	2068	78.431417827279	1
1	2077	78.67851111441	1
1	2083	78.819749829671	1
1	2091	78.905494207043	1
1	2100	79.061685504042	1
1	2114	79.360406455615	1
1	2128	80.250905062129	1
1	2139	80.783909504347	1
1	2150	81.858799232583	1
1	2161	82.479428113915	1
1	2167	82.66272938845	1
1	2173	82.759275703617	1
1	2190	83.560214915202	1
1	2201	84.235984758002	1
1	2207	84.376284229242	1
1	2210	84.43013871283	1
1	2215	84.460365674451	2
1	2234	84.959691643103	1
1	2244	85.221513673933	1
1	2258	86.170435909831	1
1	2267	86.548889595108	1
1	2280	86.989436119005	1
1	2291	87.771609007724	1
1	2294	87.819567678603	1
1	2310	88.994489238629	1
1	2313	89.040154066029	1
1	2327	89.554438216888	1
1	2338	89.879817672075	1
1	2351	90.377997065433	1
1	2362	91.816590062279	1
1	2373	92.249905279959	1
1	2384	93.071841692845	1
1	2395	93.495048515223	1
1	2401	93.600925725261	1
1	2416	94.111274746333	1
1	2425	94.429127757756	1
1	2438	95.711244723435	1
1	2444	95.853515624745	1
1	2453	96.017297762419	1
1	2465	96.223690924435	1
1	2468	96.254038436513	1
1	2483	96.61643811258	1
1	2488	96.71232546147	1
1	2497	96.858644742026	1
1	2504	96.946272192234	1
1	2521	97.596851166164	1
1	2529	97.755025848024	1
1	2542	98.101417983961	1
1	2555	98.683253235285	1
1	2558	98.761434203791	1
1	2560	98.78312640527	2
1	2570	98.950983293722	1
1	2582	99.160063091182	1
1	2594	99.419522716349	1
1	2608	100.006668366454	1
1	2619	100.400449194207	1
1	2627	100.507846376226	1
1	2636	100.623435313699	1
1	2639	100.646360324601	1
1	2656	101.136404981488	1
1	2661	101.233429864273	1
1	2676	101.656645359616	1
1	2679	101.687763239452	1
1	2681	101.723096932908	2
1	2703	102.300282428136	1
1	2706	102.337932766901	1
1	2711	102.403253589721	1
1	2720	102.550796477851	1
1	2726	102.626865897252	1
1	2744	103.227047792847	1
1	2758	103.816960969917	1
1	2769	104.721905229483	1
1	2780	105.303687524756	1
1	2791	105.800493966796	1
1	2800	106.112019216477	1
1	2813	106.851442938321	1
1	2824	107.713137139962	1
1	2835	108.386936992381	1
1	2838	108.408526978876	1
1	2840	108.473931444704	2
1	2862	109.647240403752	1
1	2871	109.954818940591	1
1	2882	110.251003146664	1
1	2890	110.402150821924	1
1	2899	110.528248376892	1
1	2913	110.997913321856	1
1	2926	111.609367098765	1
1	2929	111.619656666536	1
1	2941	111.996640702406	1
1	2946	112.063107251878	1
1	2963	113.569917670167	1
1	2966	113.620227418178	1
1	2968	113.660028378997	2
1	2990	115.033275942855	1
1	2999	115.337667414249	1
1	3012	116.278860699316	1
1	3021	116.50294074187	1
1	3034	116.931665077536	1
1	3043	117.301381005277	1
1	3056	118.26372380932	1
1	3059	118.360633896876	1
1	3073	118.828342003276	1
1	3076	118.839410717996	1
1	3083	119.00928100988	1
1	3098	119.284301256015	1
1	3112	120.055854968913	1
1	3118	120.214640860001	1
1	3131	120.514938349503	1
1	3144	121.294988477064	1
1	3155	121.913867704884	1
1	3164	122.129108962546	1
1	3167	122.164167515646	1
1	3179	122.354010790428	1
1	3182	122.400681731941	1
1	3199	122.751429361496	1
1	3211	123.201464792912	1
1	3222	123.463628107795	1
1	3225	123.545148374176	1
1	3243	124.682516177748	1
1	3249	124.840064169905	1
1	3264	125.384644939961	1
1	3275	126.398260889962	1
1	3284	126.638556870158	1
1	3297	127.113058271285	1
1	3300	127.196066961006	1
1	3310	127.39138114872	1
1	3324	127.715586506139	1
1	3327	127.779108512151	1
1	3343	128.262323326942	1
1	3354	128.525411118372	1
1	3367	129.018921323477	1
1	3370	129.059383876682	1
1	3386	130.822183108456	1
1	3397	131.247818574415	1
1	3400	131.334106625018	1
1	3416	131.871299065539	1
1	3422	132.065372056286	1
1	3437	132.751129997851	1
1	3443	132.944115286242	1
1	3458	133.368104710971	1
1	3464	133.502390583823	1
1	3479	134.311869931064	1
1	3485	134.470999129899	1
1	3500	134.977496169341	1
1	3509	135.204987512864	1
1	3522	135.703861923016	1
1	3531	135.977241156957	1
1	3534	136.00524987734	1
1	3541	136.113119210442	1
1	3543	136.149656637826	2
1	3550	136.200158302572	2
1	3556	136.314141507121	2
1	3564	136.439922059738	2
1	3570	136.497823451982	2
1	3572	136.549181869076	3
1	3580	136.589936611567	3
1	3586	136.723736758028	3
1	3598	136.952020945985	2
1	3618	137.349930147228	1
1	3626	137.486701016871	1
1	3640	137.808578253451	1
1	3652	138.226685819714	1
1	3672	140.28723150251	1
1	3678	140.481412995694	1
1	3691	140.769484460499	1
1	3704	141.425108590011	1
1	3713	141.703596950029	1
1	3724	141.924438022304	1
1	3735	142.284307716159	1
1	3748	142.976163601548	1
1	3759	143.43029289601	1
1	3762	143.452317540877	1
1	3774	143.78713708802	1
1	3779	143.842297926827	1
1	3792	144.153079173533	1
1	3804	144.519057966246	1
1	3815	144.844166119641	1
1	3823	145.015369799348	1
1	3832	145.168730140463	1
1	3844	145.385898112856	1
1	3858	145.911702403418	1
1	3861	145.951369218435	1
1	3873	146.276122233357	1
1	3878	146.344583283935	1
1	3883	146.474065599203	1
1	3899	146.77343126484	1
1	3902	146.872087039769	1
1	3917	147.152318873337	1
1	3920	147.178195387265	1
1	3931	147.399684185401	1
1	3941	147.549237579479	1
1	3957	148.198636468981	1
1	3960	148.20316243187	1
1	3967	148.327411995742	1
1	3969	148.390794372729	2
1	3988	148.741786642213	1
1	3991	148.763579497282	1
1	4002	148.946227816356	1
1	4012	149.060308965986	1
1	4024	149.286532606468	1
1	4032	149.436409617916	1
1	4048	150.150193412687	1
1	4060	150.463297751634	1
1	4068	150.629273930715	1
1	4083	151.151373565047	1
1	4092	151.382689541052	1
1	4103	151.725750689856	1
1	4106	151.778695874409	1
1	4113	151.839586642215	1
1	4115	151.867040899232	2
1	4138	152.651768746313	1
1	4151	153.059532293669	1
1	4162	153.518566252578	1
1	4173	154.118868602166	1
1	4182	154.35991120333	1
1	4193	154.695540468344	1
1	4204	155.056675521075	1
1	4217	155.849125043908	1
1	4226	156.098422771513	1
1	4237	156.446910875366	1
1	4242	156.511371445995	1
1	4258	157.07524087233	1
1	4267	157.434245798521	1
1	4275	157.591577171432	1
1	4290	159.144501831833	1
1	4293	159.154338385621	1
1	4307	159.669226532446	1
1	4320	160.596634124928	1
1	4323	160.66672474918	1
1	4335	160.956227318515	1
1	4340	161.000877143555	1
1	4357	161.667183124206	1
1	4368	162.599637553511	1
1	4374	162.795856142888	1
1	4389	163.639016205574	1
1	4400	164.073276744928	1
1	4411	164.557340150597	1
1	4422	165.259157401029	1
1	4433	165.75942414737	1
1	4439	165.954374436417	1
1	4445	166.008334789883	1
1	4462	167.337112896323	1
1	4473	167.921968665935	1
1	4482	168.293059700028	1
1	4487	168.367798329877	1
1	4492	168.454950229044	1
1	4499	168.513791199253	1
1	4501	168.521487522525	2
1	4513	168.704430436633	1
1	4527	169.082964683244	1
1	4530	169.083098723747	1
1	4534	169.166518037005	2
1	4555	169.820204815816	1
1	4563	169.929887971281	1
1	4566	169.991383829488	1
1	4585	170.545856470675	1
1	4597	171.016325077237	1
1	4600	171.03784120397	1
1	4614	171.343900525318	1
1	4622	171.489260307147	1
1	4636	172.004042771073	1
1	4647	172.297891429069	1
1	4658	172.618587205772	1
1	4669	172.991119239931	1
1	4682	174.130807719531	1
1	4691	174.370721347353	1
1	4699	174.537908794886	1
1	4712	174.83428652448	1
1	4723	175.074801512504	1
1	4736	176.436367924304	1
1	4742	176.580918417408	1
1	4757	177.080011593872	1
1	4768	177.555210018317	1
1	4779	179.565638030719	1
1	4785	179.690722282531	1
1	4800	180.550944170673	1
1	4811	181.11212983231	1
1	4822	182.042483047561	1
1	4825	182.073937464853	1
1	4827	182.112274339036	2
1	4832	182.206335903862	2
1	4834	182.213276413079	3
1	4845	182.415070313926	2
1	4853	182.513839237856	2
1	4859	182.560993816834	2
1	4861	182.571929033487	3
1	4869	182.651358290497	3
1	4871	182.717705773677	4
1	4901	183.3625004016	1
1	4915	183.97810466792	1
1	4923	184.141171055096	1
1	4943	185.083879739944	1
1	4946	185.170250180928	1
1	4962	185.920956423873	1
1	4973	186.576039373638	1
1	4976	186.581531429353	1
1	4988	186.881323252731	1
1	4996	187.002677060523	1
1	5008	187.354198716183	1
1	5022	187.881161107669	1
1	5033	188.650314652998	1
1	5042	188.883630407402	1
1	5055	189.321697523906	1
1	5066	189.851216572849	1
1	5072	189.959029898447	1
1	5087	191.957436265914	1
1	5090	191.960850776258	1
1	5092	191.992783737842	2
1	5106	192.271844370662	1
1	5109	192.331620721734	1
1	5128	192.761903814883	1
1	5138	192.97699121352	1
1	5150	193.55040467462	1
1	5163	194.752179411352	1
1	5166	194.826215488455	1
1	5168	194.827935928781	2
1	5186	195.179933579357	1
1	5189	195.255067702095	1
1	5208	196.231420401314	1
1	5214	196.424433909541	1
1	5223	196.52896395015	1
1	5239	197.314278951418	1
1	5245	197.435375461003	1
1	5260	197.959071987161	1
1	5266	198.153149048334	1
1	5272	198.245860476015	1
1	5285	198.542210645196	1
1	5290	198.615270682819	1
2	7	0.187956992192	1
2	10	0.287956992192	1
2	24	0.923877783242	1
2	37	1.546807198619	1
2	40	1.646807198619	1
2	50	1.786109576054	1
2	64	2.664089467379	1
2	75	4.02371729734	1
2	86	4.258299226058	1
2	91	4.358299226058	1
2	103	4.622370639911	1
2	113	4.799261120275	1
2	125	5.307475288622	1
2	134	5.460484608913	1
2	144	5.716222168926	1
2	155	5.949593078192	1
2	166	6.07283320139	1
2	180	7.714623570689	1
2	183	7.814623570689	1
2	199	8.365497494041	1
2	202	8.465497494041	1
2	214	8.761860216099	1
2	226	9.231242660967	1
2	237	9.830398490325	1
2	248	10.034154186594	1
2	255	10.134154186594	1
2	260	10.234154186594	1
2	273	10.697625377366	1
2	288	11.439534011982	1
2	293	11.539534011982	1
2	300	11.639534011982	1
2	304	11.739534011982	1
2	317	11.859904295575	1
2	324	11.959904295575	1
2	328	12.059904295575	1
2	345	12.763197046349	1
2	355	13.110040641585	1
2	366	13.369620062536	1
2	379	13.673110127838	1
2	388	13.910249679565	1
2	401	14.230889489591	1
2	412	14.691590093033	1
2	423	14.799740041377	1
2	430	14.899740041377	1
2	438	14.999740041377	1
2	442	15.099740041377	1
2	448	15.199740041377	1
2	461	15.671976096645	1
2	471	15.810872984947	1
2	487	16.438323723274	1
2	490	16.538323723274	1
2	506	17.273113588239	1
2	509	17.373113588239	1
2	523	18.446126306061	1
2	534	19.608934266599	1
2	543	19.897342697141	1
2	558	21.025938695362	1
2	563	21.125938695362	1
2	568	21.225938695362	1
2	585	23.063769197701	1
2	588	23.163769197701	1
2	600	23.299511369809	1
2	605	23.399511369809	1
2	618	23.783830526241	1
2	630	24.205038602396	1
2	641	24.853904493207	1
2	652	25.383077795382	1
2	665	25.71818104735	1
2	668	25.81818104735	1
2	678	26.016189035664	1
2	690	26.317872018513	1
2	702	26.478564915345	1
2	705	26.578564915345	1
2	718	26.890107123509	1
2	728	27.143710581857	1
2	741	27.736516519095	1
2	752	28.093895371567	1
2	763	29.003504773762	1
2	776	30.488282891915	1
2	781	30.588282891915	1
2	786	30.688282891915	1
2	799	31.041494323519	1
2	811	31.609194650058	1
2	822	31.994121281637	1
2	835	32.709501624767	1
2	838	32.809501624767	1
2	852	33.683745408897	1
2	865	34.1012664475	1
2	868	34.2012664475	1
2	880	34.40186628656	1
2	890	34.623735978323	1
2	900	34.927129086004	1
2	915	36.323032756393	1
2	918	36.423032756393	1
2	930	36.524545262667	1
2	935	36.624545262667	1
2	948	37.181029595643	1
2	959	37.327270755811	1
2	969	37.604003185776	1
2	982	37.932403759415	1
2	995	38.448092472222	1
2	998	38.548092472222	1
2	1014	38.756427682267	1
2	1017	38.856427682267	1
2	1023	38.956427682267	1
2	1040	39.767083428161	1
2	1045	39.867083428161	1
2	1052	39.967083428161	1
2	1056	40.067083428161	1
2	1067	40.195556796456	1
2	1079	40.296827058094	1
2	1082	40.396827058094	1
2	1101	41.491804394648	1
2	1110	41.604524816321	1
2	1122	41.954187700512	1
2	1127	42.054187700512	1
2	1141	42.637591539682	1
2	1152	43.640566814291	1
2	1161	43.932781709932	1
2	1172	44.098559100006	1
2	1184	44.451651104924	1
2	1193	44.621173685165	1
2	1205	45.205951681506	1
2	1214	45.331790327682	1
2	1228	46.246325488028	1
2	1231	46.346325488028	1
2	1245	47.175450190629	1
2	1256	47.641999739976	1
2	1267	48.251660630723	1
2	1280	49.169165397697	1
2	1283	49.269165397697	1
2	1295	49.607256779867	1
2	1306	49.764031088675	1
2	1318	49.957232774623	1
2	1321	50.057232774623	1
2	1332	50.262319201928	1
2	1346	50.538975903205	1
2	1349	50.638975903205	1
2	1368	51.180308992983	1
2	1371	51.280308992983	1
2	1376	51.380308992983	1
2	1393	51.890836488651	1
2	1396	51.990836488651	1
2	1410	52.616653944024	1
2	1419	52.775862977097	1
2	1433	53.137039134134	1
2	1438	53.237039134134	1
2	1443	53.337039134134	1
2	1460	53.840335862259	1
2	1463	53.940335862259	1
2	1473	54.060301408329	1
2	1483	54.194701075372	1
2	1495	54.5511895663	1
2	1507	55.644824399695	1
2	1518	55.882846539651	1
2	1523	55.982846539651	1
2	1535	56.279329318657	1
2	1547	57.054072334266	1
2	1558	58.034702640466	1
2	1569	58.978663866715	1
2	1584	59.984642398286	1
2	1587	60.084642398286	1
2	1592	60.184642398286	1
2	1605	60.641042001076	1
2	1618	61.290309687543	1
2	1629	63.107013620389	1
2	1638	63.255655460363	1
2	1650	63.407898867658	1
2	1653	63.507898867658	1
2	1664	63.676714794099	1
2	1674	63.845957105585	1
2	1686	64.320312142576	1
2	1697	64.570238119813	1
2	1708	64.733495215021	1
2	1722	65.869889368397	1
2	1727	65.969889368397	1
2	1736	66.069889368397	1
2	1742	66.169889368397	1
2	1748	66.269889368397	1
2	1752	66.369889368397	1
2	1771	66.930569831271	1
2	1776	67.030569831271	1
2	1782	67.130569831271	1
2	1788	67.230569831271	1
2	1799	67.399331917781	1
2	1811	67.817931631819	1
2	1825	68.481877035081	1
2	1836	69.031859357901	1
2	1845	69.284932547747	1
2	1856	69.49174675015	1
2	1867	69.698837674457	1
2	1880	70.934968525403	1
2	1891	71.499106521856	1
2	1902	71.749289011518	1
2	1907	71.849289011518	1
2	1917	71.989503361057	1
2	1931	72.287030861826	1
2	1934	72.387030861826	1
2	1947	72.491736312236	1
2	1950	72.591736312236	1
2	1967	74.063821165301	1
2	1978	74.557421258477	1
2	1989	75.123185838082	1
2	2002	75.468814164086	1
2	2005	75.568814164086	1
2	2021	75.97067923735	1
2	2024	76.07067923735	1
2	2038	77.583887018373	1
2	2047	77.794672627711	1
2	2060	78.106677985295	1
2	2071	78.531517827279	1
2	2080	78.77861111441	1
2	2093	78.919849829671	1
2	2096	79.019849829671	1
2	2107	79.161785504042	1
2	2117	79.460506455615	1
2	2131	80.351005062129	1
2	2142	80.884009504347	1
2	2153	81.958899232583	1
2	2164	82.579528113915	1
2	2175	82.76282938845	1
2	2178	82.86282938845	1
2	2193	83.660314915202	1
2	2204	84.336084758002	1
2	2217	84.476384229242	1
2	2220	84.576384229242	1
2	2226	84.676384229242	1
2	2239	85.059791643103	1
2	2249	85.321613673933	1
2	2261	86.270535909831	1
2	2272	86.648989595108	1
2	2283	87.089536119005	1
2	2296	87.871709007724	1
2	2299	87.971709007724	1
2	2315	89.094589238629	1
2	2318	89.194589238629	1
2	2332	89.654538216888	1
2	2343	89.979917672075	1
2	2354	90.478097065433	1
2	2365	91.916690062279	1
2	2376	92.350005279959	1
2	2387	93.171941692845	1
2	2398	93.595148515223	1
2	2407	93.701025725261	1
2	2419	94.211374746333	1
2	2430	94.529227757756	1
2	2441	95.811344723435	1
2	2450	95.953615624745	1
2	2460	96.117397762419	1
2	2472	96.323790924435	1
2	2475	96.423790924435	1
2	2490	96.71653811258	1
2	2493	96.81653811258	1
2	2506	96.958744742026	1
2	2509	97.058744742026	1
2	2524	97.696951166164	1
2	2535	97.855125848024	1
2	2547	98.201517983961	1
2	2562	98.783353235285	1
2	2565	98.883353235285	1
2	2572	98.983353235285	1
2	2576	99.083353235285	1
2	2587	99.260163091182	1
2	2599	99.519622716349	1
2	2613	100.106768366454	1
2	2624	100.500549194207	1
2	2633	100.607946376226	1
2	2643	100.723535313699	1
2	2648	100.823535313699	1
2	2663	101.236504981488	1
2	2666	101.336504981488	1
2	2683	101.756745359616	1
2	2688	101.856745359616	1
2	2693	101.956745359616	1
2	2708	102.400382428136	1
2	2715	102.500382428136	1
2	2722	102.600382428136	1
2	2728	102.700382428136	1
2	2734	102.800382428136	1
2	2749	103.327147792847	1
2	2761	103.917060969917	1
2	2772	104.822005229483	1
2	2783	105.403787524756	1
2	2794	105.900593966796	1
2	2805	106.212119216477	1
2	2816	106.951542938321	1
2	2827	107.813237139962	1
2	2842	108.487036992381	1
2	2845	108.587036992381	1
2	2850	108.687036992381	1
2	2865	109.747340403752	1
2	2876	110.054918940591	1
2	2885	110.351103146664	1
2	2896	110.502250821924	1
2	2904	110.628348376892	1
2	2918	111.098013321856	1
2	2931	111.709467098765	1
2	2934	111.809467098765	1
2	2948	112.096740702406	1
2	2951	112.196740702406	1
2	2970	113.670017670167	1
2	2973	113.770017670167	1
2	2978	113.870017670167	1
2	2993	115.133375942855	1
2	3004	115.437767414249	1
2	3015	116.378960699316	1
2	3024	116.60304074187	1
2	3037	117.031765077536	1
2	3048	117.401481005277	1
2	3061	118.36382380932	1
2	3064	118.46382380932	1
2	3080	118.928442003276	1
2	3085	119.028442003276	1
2	3090	119.128442003276	1
2	3101	119.384401256015	1
2	3115	120.155954968913	1
2	3124	120.314740860001	1
2	3134	120.615038349503	1
2	3147	121.395088477064	1
2	3158	122.013967704884	1
2	3169	122.229208962546	1
2	3174	122.329208962546	1
2	3186	122.454110790428	1
2	3191	122.554110790428	1
2	3202	122.851529361496	1
2	3214	123.301564792912	1
2	3227	123.563728107795	1
2	3232	123.663728107795	1
2	3246	124.782616177748	1
2	3255	124.940164169905	1
2	3267	125.484744939961	1
2	3278	126.498360889962	1
2	3287	126.738656870158	1
2	3302	127.213158271285	1
2	3305	127.313158271285	1
2	3315	127.49148114872	1
2	3329	127.815686506139	1
2	3334	127.915686506139	1
2	3348	128.362423326942	1
2	3357	128.625511118372	1
2	3372	129.119021323477	1
2	3375	129.219021323477	1
2	3389	130.922283108456	1
2	3402	131.347918574415	1
2	3405	131.447918574415	1
2	3419	131.971399065539	1
2	3428	132.165472056286	1
2	3440	132.851229997851	1
2	3449	133.044215286242	1
2	3461	133.468204710971	1
2	3470	133.602490583823	1
2	3482	134.411969931064	1
2	3491	134.571099129899	1
2	3503	135.077596169341	1
2	3512	135.305087512864	1
2	3525	135.803961923016	1
2	3536	136.077341156957	1
2	3545	136.177341156957	1
2	3552	136.277341156957	1
2	3558	136.377341156957	1
2	3566	136.477341156957	1
2	3574	136.577341156957	1
2	3582	136.677341156957	1
2	3588	136.777341156957	1
2	3594	136.877341156957	1
2	3600	136.977341156957	1
2	3606	137.077341156957	1
2	3610	137.177341156957	1
2	3623	137.450030147228	1
2	3633	137.586801016871	1
2	3643	137.908678253451	1
2	3655	138.326785819714	1
2	3675	140.38733150251	1
2	3684	140.581512995694	1
2	3694	140.869584460499	1
2	3707	141.525208590011	1
2	3716	141.803696950029	1
2	3727	142.024538022304	1
2	3740	142.384407716159	1
2	3751	143.076263601548	1
2	3764	143.53039289601	1
2	3767	143.63039289601	1
2	3781	143.88723708802	1
2	3784	143.98723708802	1
2	3797	144.253179173533	1
2	3807	144.619157966246	1
2	3820	144.944266119641	1
2	3829	145.115469799348	1
2	3839	145.268830140463	1
2	3849	145.485998112856	1
2	3863	146.011802403418	1
2	3866	146.111802403418	1
2	3880	146.376222233357	1
2	3885	146.476222233357	1
2	3891	146.576222233357	1
2	3904	146.87353126484	1
2	3909	146.97353126484	1
2	3922	147.252418873337	1
2	3927	147.352418873337	1
2	3936	147.499784185401	1
2	3946	147.649337579479	1
2	3962	148.298736468981	1
2	3971	148.398736468981	1
2	3976	148.498736468981	1
2	3980	148.598736468981	1
2	3995	148.841886642213	1
2	3998	148.941886642213	1
2	4009	149.046327816356	1
2	4017	149.160408965986	1
2	4027	149.386632606468	1
2	4037	149.536509617916	1
2	4053	150.250293412687	1
2	4063	150.563397751634	1
2	4074	150.729373930715	1
2	4086	151.251473565047	1
2	4095	151.482789541052	1
2	4110	151.825850689856	1
2	4117	151.925850689856	1
2	4122	152.025850689856	1
2	4126	152.125850689856	1
2	4143	152.751868746313	1
2	4154	153.159632293669	1
2	4165	153.618666252578	1
2	4176	154.218968602166	1
2	4185	154.46001120333	1
2	4198	154.795640468344	1
2	4209	155.156775521075	1
2	4220	155.949225043908	1
2	4229	156.198522771513	1
2	4244	156.547010875366	1
2	4247	156.647010875366	1
2	4261	157.17534087233	1
2	4272	157.534345798521	1
2	4281	157.691677171432	1
2	4295	159.244601831833	1
2	4298	159.344601831833	1
2	4312	159.769326532446	1
2	4325	160.696734124928	1
2	4328	160.796734124928	1
2	4342	161.056327318515	1
2	4345	161.156327318515	1
2	4360	161.767283124206	1
2	4371	162.699737553511	1
2	4380	162.895956142888	1
2	4392	163.739116205574	1
2	4403	164.173376744928	1
2	4414	164.657440150597	1
2	4425	165.359257401029	1
2	4436	165.85952414737	1
2	4447	166.054474436417	1
2	4450	166.154474436417	1
2	4465	167.437212896323	1
2	4476	168.022068665935	1
2	4489	168.393159700028	1
2	4494	168.493159700028	1
2	4503	168.593159700028	1
2	4507	168.693159700028	1
2	4515	168.793159700028	1
2	4519	168.893159700028	1
2	4536	169.183064683244	1
2	4539	169.283064683244	1
2	4545	169.383064683244	1
2	4560	169.920304815816	1
2	4570	170.029987971281	1
2	4575	170.129987971281	1
2	4588	170.645956470675	1
2	4604	171.116425077237	1
2	4607	171.216425077237	1
2	4619	171.444000525318	1
2	4627	171.589360307147	1
2	4641	172.104142771073	1
2	4650	172.397991429069	1
2	4663	172.718687205772	1
2	4674	173.091219239931	1
2	4685	174.230907719531	1
2	4694	174.470821347353	1
2	4705	174.638008794886	1
2	4715	174.93438652448	1
2	4726	175.174901512504	1
2	4739	176.536467924304	1
2	4748	176.681018417408	1
2	4760	177.180111593872	1
2	4771	177.655310018317	1
2	4782	179.665738030719	1
2	4791	179.790822282531	1
2	4803	180.651044170673	1
2	4814	181.21222983231	1
2	4829	182.142583047561	1
2	4836	182.242583047561	1
2	4841	182.342583047561	1
2	4847	182.442583047561	1
2	4855	182.542583047561	1
2	4863	182.642583047561	1
2	4873	182.742583047561	1
2	4877	182.842583047561	1
2	4883	182.942583047561	1
2	4887	183.042583047561	1
2	4893	183.142583047561	1
2	4906	183.4626004016	1
2	4920	184.07820466792	1
2	4928	184.241271055096	1
2	4948	185.183979739944	1
2	4951	185.283979739944	1
2	4965	186.021056423873	1
2	4978	186.676139373638	1
2	4981	186.776139373638	1
2	4993	186.981423252731	1
2	5001	187.102777060523	1
2	5013	187.454298716183	1
2	5025	187.981261107669	1
2	5036	188.750414652998	1
2	5045	188.983730407402	1
2	5058	189.421797523906	1
2	5069	189.951316572849	1
2	5078	190.059129898447	1
2	5094	192.057536265914	1
2	5097	192.157536265914	1
2	5102	192.257536265914	1
2	5115	192.371944370662	1
2	5118	192.471944370662	1
2	5131	192.862003814883	1
2	5141	193.07709121352	1
2	5155	193.65050467462	1
2	5170	194.852279411352	1
2	5173	194.952279411352	1
2	5178	195.052279411352	1
2	5191	195.280033579357	1
2	5196	195.380033579357	1
2	5211	196.331520401314	1
2	5220	196.524533909541	1
2	5228	196.62906395015	1
2	5242	197.414378951418	1
2	5251	197.535475461003	1
2	5263	198.059171987161	1
2	5274	198.253249048334	1
2	5277	198.353249048334	1
2	5292	198.642310645196	1
2	5295	198.742310645196	1
3	12	0.288056992192	1
3	15	0.388056992192	1
3	27	1.023977783242	1
3	42	1.646907198619	1
3	48	1.746907198619	1
3	55	1.886209576054	1
3	67	2.764189467379	1
3	78	4.12381729734	1
3	93	4.358399226058	1
3	96	4.458399226058	1
3	109	4.722470639911	1
3	116	4.899361120275	1
3	131	5.407575288622	1
3	137	5.560584608913	1
3	149	5.816322168926	1
3	163	6.049693078192	1
3	169	6.17293320139	1
3	185	7.814723570689	1
3	188	7.914723570689	1
3	204	8.465597494041	1
3	207	8.565597494041	1
3	217	8.861960216099	1
3	229	9.331342660967	1
3	240	9.930498490325	1
3	257	10.134254186594	1
3	262	10.234254186594	1
3	266	10.334254186594	1
3	278	10.797725377366	1
3	295	11.539634011982	1
3	302	11.639634011982	1
3	308	11.739634011982	1
3	315	11.839634011982	2
3	326	11.960004295575	2
3	330	12.060004295575	3
3	334	12.160004295575	3
3	348	12.863297046349	1
3	360	13.210140641585	1
3	371	13.469720062536	1
3	382	13.773210127838	1
3	393	14.010349679565	1
3	404	14.330989489591	1
3	420	14.791690093033	1
3	432	14.899840041377	1
3	440	14.999840041377	1
3	444	15.099840041377	2
3	450	15.199840041377	2
3	452	15.299840041377	3
3	467	15.772076096645	2
3	474	15.910972984947	2
3	492	16.538423723274	1
3	495	16.638423723274	1
3	511	17.373213588239	1
3	514	17.473213588239	1
3	526	18.546226306061	1
3	537	19.709034266599	1
3	548	19.997442697141	1
3	565	21.126038695362	1
3	570	21.226038695362	1
3	574	21.326038695362	1
3	590	23.163869197701	1
3	596	23.263869197701	1
3	607	23.399611369809	1
3	609	23.499611369809	2
3	621	23.883930526241	1
3	633	24.305138602396	1
3	644	24.954004493207	1
3	655	25.483177795382	1
3	670	25.81828104735	1
3	676	25.91828104735	1
3	683	26.116289035664	1
3	698	26.417972018513	1
3	707	26.578664915345	1
3	711	26.678664915345	1
3	721	26.990207123509	1
3	733	27.243810581857	1
3	744	27.836616519095	1
3	755	28.193995371567	1
3	766	29.103604773762	1
3	783	30.588382891915	1
3	788	30.688382891915	1
3	792	30.788382891915	1
3	802	31.141594323519	1
3	814	31.709294650058	1
3	825	32.094221281637	1
3	840	32.809601624767	1
3	843	32.909601624767	1
3	855	33.783845408897	1
3	870	34.2013664475	1
3	873	34.3013664475	1
3	883	34.50196628656	1
3	893	34.723835978323	1
3	905	35.027229086004	1
3	920	36.423132756393	1
3	928	36.523132756393	1
3	937	36.624645262667	1
3	939	36.724645262667	2
3	956	37.281129595643	1
3	962	37.427370755811	1
3	974	37.704103185776	1
3	985	38.032503759415	1
3	1000	38.548192472222	1
3	1003	38.648192472222	1
3	1019	38.856527682267	1
3	1025	38.956527682267	1
3	1027	39.056527682267	2
3	1047	39.867183428161	1
3	1054	39.967183428161	1
3	1060	40.067183428161	1
3	1065	40.167183428161	2
3	1077	40.295656796456	2
3	1084	40.396927058094	3
3	1088	40.496927058094	3
3	1107	41.591904394648	1
3	1113	41.704624816321	1
3	1129	42.054287700512	1
3	1132	42.154287700512	1
3	1144	42.737691539682	1
3	1155	43.740666814291	1
3	1169	44.032881709932	1
3	1175	44.198659100006	1
3	1190	44.551751104924	1
3	1196	44.721273685165	1
3	1211	45.306051681506	1
3	1217	45.431890327682	1
3	1233	46.346425488028	1
3	1236	46.446425488028	1
3	1248	47.275550190629	1
3	1259	47.742099739976	1
3	1270	48.351760630723	1
3	1285	49.269265397697	1
3	1288	49.369265397697	1
3	1303	49.707356779867	1
3	1312	49.864131088675	1
3	1323	50.057332774623	1
3	1327	50.157332774623	1
3	1337	50.362419201928	1
3	1351	50.639075903205	1
3	1355	50.739075903205	1
3	1373	51.280408992983	1
3	1378	51.380408992983	1
3	1382	51.480408992983	1
3	1398	51.990936488651	1
3	1401	52.090936488651	1
3	1416	52.716753944024	1
3	1422	52.875962977097	1
3	1440	53.237139134134	1
3	1445	53.337139134134	1
3	1449	53.437139134134	1
3	1465	53.940435862259	1
3	1471	54.040435862259	1
3	1481	54.160401408329	1
3	1486	54.294801075372	2
3	1498	54.6512895663	1
3	1510	55.744924399695	1
3	1525	55.982946539651	1
3	1528	56.082946539651	1
3	1538	56.379429318657	1
3	1550	57.154172334266	1
3	1561	58.134802640466	1
3	1572	59.078763866715	1
3	1589	60.084742398286	1
3	1594	60.184742398286	1
3	1598	60.284742398286	1
3	1610	60.741142001076	1
3	1621	61.390409687543	1
3	1635	63.207113620389	1
3	1646	63.355755460363	1
3	1655	63.507998867658	1
3	1662	63.607998867658	1
3	1670	63.776814794099	2
3	1677	63.946057105585	2
3	1691	64.420412142576	1
3	1705	64.670338119813	1
3	1711	64.833595215021	1
3	1729	65.969989368397	1
3	1738	66.069989368397	1
3	1746	66.169989368397	1
3	1750	66.269989368397	2
3	1756	66.369989368397	2
3	1758	66.469989368397	3
3	1778	67.030669831271	1
3	1784	67.130669831271	2
3	1790	67.230669831271	2
3	1795	67.330669831271	3
3	1802	67.499431917781	3
3	1814	67.918031631819	2
3	1828	68.581977035081	1
3	1839	69.131959357901	1
3	1850	69.385032547747	1
3	1861	69.59184675015	1
3	1872	69.798937674457	1
3	1883	71.035068525403	1
3	1894	71.599206521856	1
3	1909	71.849389011518	1
3	1915	71.949389011518	1
3	1922	72.089603361057	1
3	1936	72.387130861826	1
3	1943	72.487130861826	1
3	1952	72.591836312236	2
3	1956	72.691836312236	2
3	1970	74.163921165301	1
3	1981	74.657521258477	1
3	1992	75.223285838082	1
3	2007	75.568914164086	1
3	2010	75.668914164086	1
3	2026	76.07077923735	1
3	2029	76.17077923735	1
3	2041	77.683987018373	1
3	2052	77.894772627711	1
3	2063	78.206777985295	1
3	2074	78.631617827279	1
3	2088	78.87871111441	1
3	2098	79.019949829671	1
3	2105	79.119949829671	1
3	2110	79.261885504042	2
3	2122	79.560606455615	1
3	2134	80.451105062129	1
3	2145	80.984109504347	1
3	2156	82.058999232583	1
3	2170	82.679628113915	1
3	2180	82.86292938845	1
3	2184	82.96292938845	1
3	2196	83.760414915202	1
3	2212	84.436184758002	1
3	2222	84.576484229242	1
3	2228	84.676484229242	1
3	2230	84.776484229242	2
3	2242	85.159891643103	1
3	2252	85.421713673933	1
3	2264	86.370635909831	1
3	2275	86.749089595108	1
3	2286	87.189636119005	1
3	2301	87.971809007724	1
3	2304	88.071809007724	1
3	2320	89.194689238629	1
3	2323	89.294689238629	1
3	2335	89.754638216888	1
3	2346	90.080017672075	1
3	2357	90.578197065433	1
3	2368	92.016790062279	1
3	2379	92.450105279959	1
3	2390	93.272041692845	1
3	2404	93.695248515223	1
3	2410	93.801125725261	1
3	2422	94.311474746333	1
3	2433	94.629327757756	1
3	2447	95.911444723435	1
3	2456	96.053715624745	1
3	2463	96.217497762419	1
3	2477	96.423890924435	1
3	2481	96.523890924435	1
3	2495	96.81663811258	1
3	2502	96.91663811258	1
3	2511	97.058844742026	2
3	2515	97.158844742026	2
3	2532	97.797051166164	1
3	2538	97.955225848024	1
3	2550	98.301617983961	1
3	2567	98.883453235285	1
3	2574	98.983453235285	1
3	2580	99.083453235285	1
3	2585	99.183453235285	2
3	2592	99.360263091182	2
3	2602	99.619722716349	2
3	2616	100.206868366454	1
3	2630	100.600649194207	1
3	2641	100.708046376226	1
3	2650	100.823635313699	1
3	2652	100.923635313699	2
3	2668	101.336604981488	1
3	2672	101.436604981488	1
3	2690	101.856845359616	1
3	2695	101.956845359616	1
3	2699	102.056845359616	1
3	2717	102.500482428136	1
3	2724	102.600482428136	1
3	2732	102.700482428136	1
3	2736	102.800482428136	2
3	2740	102.900482428136	2
3	2752	103.427247792847	1
3	2764	104.017160969917	1
3	2775	104.922105229483	1
3	2786	105.503887524756	1
3	2797	106.000693966796	1
3	2808	106.312219216477	1
3	2819	107.051642938321	1
3	2830	107.913337139962	1
3	2847	108.587136992381	1
3	2852	108.687136992381	1
3	2856	108.787136992381	1
3	2868	109.847440403752	1
3	2879	110.155018940591	1
3	2893	110.451203146664	1
3	2902	110.602350821924	1
3	2909	110.728448376892	1
3	2921	111.198113321856	1
3	2936	111.809567098765	1
3	2939	111.909567098765	1
3	2953	112.196840702406	1
3	2957	112.296840702406	1
3	2975	113.770117670167	1
3	2980	113.870117670167	1
3	2984	113.970117670167	1
3	2996	115.233475942855	1
3	3007	115.537867414249	1
3	3018	116.479060699316	1
3	3029	116.70314074187	1
3	3040	117.131865077536	1
3	3051	117.501581005277	1
3	3066	118.46392380932	1
3	3069	118.56392380932	1
3	3087	119.028542003276	1
3	3092	119.128542003276	1
3	3096	119.228542003276	1
3	3106	119.484501256015	1
3	3121	120.256054968913	1
3	3127	120.414840860001	1
3	3139	120.715138349503	1
3	3150	121.495188477064	1
3	3161	122.114067704884	1
3	3176	122.329308962546	1
3	3184	122.429308962546	1
3	3193	122.554210790428	1
3	3195	122.654210790428	2
3	3207	122.951629361496	1
3	3219	123.401664792912	1
3	3234	123.663828107795	1
3	3237	123.763828107795	1
3	3252	124.882716177748	1
3	3258	125.040264169905	1
3	3270	125.584844939961	1
3	3281	126.598460889962	1
3	3292	126.838756870158	1
3	3307	127.313258271285	1
3	3313	127.413258271285	1
3	3320	127.59158114872	1
3	3336	127.915786506139	1
3	3339	128.015786506139	1
3	3351	128.462523326942	1
3	3362	128.725611118372	1
3	3377	129.219121323477	1
3	3380	129.319121323477	1
3	3392	131.022383108456	1
3	3407	131.448018574415	1
3	3410	131.548018574415	1
3	3425	132.071499065539	1
3	3431	132.265572056286	1
3	3446	132.951329997851	1
3	3452	133.144315286242	1
3	3467	133.568304710971	1
3	3473	133.702590583823	1
3	3488	134.512069931064	1
3	3494	134.671199129899	1
3	3506	135.177696169341	1
3	3517	135.405187512864	1
3	3528	135.904061923016	1
3	3547	136.177441156957	1
3	3554	136.277441156957	1
3	3562	136.377441156957	1
3	3568	136.477441156957	2
3	3578	136.577441156957	2
3	3584	136.677441156957	3
3	3592	136.777441156957	3
3	3596	136.877441156957	4
3	3604	136.977441156957	4
3	3608	137.077441156957	5
3	3614	137.177441156957	5
3	3616	137.277441156957	6
3	3629	137.550130147228	6
3	3636	137.686901016871	6
3	3648	138.008778253451	5
3	3660	138.426885819714	4
3	3681	140.48743150251	1
3	3687	140.681612995694	1
3	3699	140.969684460499	1
3	3710	141.625308590011	1
3	3721	141.903796950029	1
3	3732	142.124638022304	1
3	3743	142.484507716159	1
3	3754	143.176363601548	1
3	3769	143.63049289601	1
3	3772	143.73049289601	1
3	3786	143.98733708802	1
3	3790	144.08733708802	1
3	3800	144.353279173533	1
3	3812	144.719257966246	1
3	3826	145.044366119641	1
3	3835	145.215569799348	1
3	3842	145.368930140463	1
3	3852	145.586098112856	1
3	3868	146.111902403418	1
3	3871	146.211902403418	1
3	3887	146.476322233357	1
3	3893	146.576322233357	1
3	3895	146.676322233357	2
3	3911	146.97363126484	1
3	3913	147.07363126484	2
3	3929	147.352518873337	1
3	3934	147.452518873337	2
3	3944	147.599884185401	2
3	3951	147.749437579479	2
3	3973	148.398836468981	1
3	3978	148.498836468981	1
3	3984	148.598836468981	1
3	3986	148.698836468981	2
3	4000	148.941986642213	2
3	4007	149.041986642213	2
3	4015	149.146427816356	3
3	4022	149.260508965986	3
3	4035	149.486732606468	3
3	4042	149.636609617916	3
3	4056	150.350393412687	1
3	4071	150.663497751634	1
3	4077	150.829473930715	1
3	4089	151.351573565047	1
3	4100	151.582889541052	1
3	4119	151.925950689856	1
3	4124	152.025950689856	1
3	4130	152.125950689856	1
3	4132	152.225950689856	2
3	4146	152.851968746313	1
3	4157	153.259732293669	1
3	4168	153.718766252578	1
3	4179	154.319068602166	1
3	4190	154.56011120333	1
3	4201	154.895740468344	1
3	4212	155.256875521075	1
3	4223	156.049325043908	1
3	4234	156.298622771513	1
3	4249	156.647110875366	1
3	4252	156.747110875366	1
3	4264	157.27544087233	1
3	4278	157.634445798521	1
3	4284	157.791777171432	1
3	4300	159.344701831833	1
3	4303	159.444701831833	1
3	4315	159.869426532446	1
3	4330	160.796834124928	1
3	4333	160.896834124928	1
3	4347	161.156427318515	1
3	4351	161.256427318515	1
3	4363	161.867383124206	1
3	4377	162.799837553511	1
3	4383	162.996056142888	1
3	4395	163.839216205574	1
3	4406	164.273476744928	1
3	4417	164.757540150597	1
3	4428	165.459357401029	1
3	4442	165.95962414737	1
3	4452	166.154574436417	1
3	4456	166.254574436417	1
3	4468	167.537312896323	1
3	4479	168.122168665935	1
3	4496	168.493259700028	1
3	4505	168.593259700028	1
3	4511	168.693259700028	1
3	4517	168.793259700028	2
3	4523	168.893259700028	2
3	4525	168.993259700028	3
3	4541	169.283164683244	3
3	4547	169.383164683244	3
3	4549	169.483164683244	4
3	4568	170.020404815816	2
3	4577	170.130087971281	2
3	4579	170.230087971281	3
3	4593	170.746056470675	1
3	4609	171.216525077237	1
3	4612	171.316525077237	1
3	4625	171.544100525318	1
3	4632	171.689460307147	1
3	4644	172.204242771073	1
3	4655	172.498091429069	1
3	4666	172.818787205772	1
3	4677	173.191319239931	1
3	4688	174.331007719531	1
3	4702	174.570921347353	1
3	4708	174.738108794886	1
3	4720	175.03448652448	1
3	4731	175.275001512504	1
3	4745	176.636567924304	1
3	4751	176.781118417408	1
3	4763	177.280211593872	1
3	4774	177.755410018317	1
3	4788	179.765838030719	1
3	4794	179.890922282531	1
3	4806	180.751144170673	1
3	4817	181.31232983231	1
3	4838	182.242683047561	1
3	4843	182.342683047561	1
3	4851	182.442683047561	1
3	4857	182.542683047561	2
3	4867	182.642683047561	2
3	4875	182.742683047561	3
3	4881	182.842683047561	3
3	4885	182.942683047561	4
3	4891	183.042683047561	4
3	4895	183.142683047561	5
3	4899	183.242683047561	5
3	4909	183.5627004016	5
3	4926	184.17830466792	3
3	4933	184.341371055096	3
3	4953	185.284079739944	1
3	4956	185.384079739944	1
3	4968	186.121156423873	1
3	4983	186.776239373638	1
3	4986	186.876239373638	1
3	4999	187.081523252731	1
3	5006	187.202877060523	1
3	5016	187.554398716183	1
3	5028	188.081361107669	1
3	5039	188.850514652998	1
3	5050	189.083830407402	1
3	5061	189.521897523906	1
3	5075	190.051416572849	1
3	5081	190.159229898447	1
3	5099	192.157636265914	1
3	5104	192.257636265914	1
3	5113	192.357636265914	1
3	5120	192.472044370662	2
3	5124	192.572044370662	2
3	5136	192.962103814883	1
3	5146	193.17719121352	1
3	5158	193.75060467462	1
3	5175	194.952379411352	1
3	5180	195.052379411352	1
3	5184	195.152379411352	1
3	5198	195.380133579357	1
3	5200	195.480133579357	2
3	5217	196.431620401314	1
3	5226	196.624633909541	1
3	5233	196.72916395015	1
3	5248	197.514478951418	1
3	5254	197.635575461003	1
3	5269	198.159271987161	1
3	5279	198.353349048334	1
3	5283	198.453349048334	1
3	5297	198.742410645196	1
3	5301	198.842410645196	1
4	16	0.488056992192	0.4002
4	18	0.688056992192	0.580333659233
4	29	1.223977783242	0.4002
4	52	1.846907198619	0.4002
4	56	2.046907198619	0.519147712701
4	58	2.246907198619	0.560897622565
4	69	2.964189467379	0.4002
4	88	4.32381729734	0.4002
4	100	4.558399226058	0.4002
4	110	4.758399226058	0.567260088452
4	117	4.958399226058	0.436128586147
4	119	5.158399226058	0.459238105783
4	138	5.607575288622	0.4002
4	146	5.807575288622	0.447190679709
4	160	6.016322168926	0.4002
4	170	6.249693078192	0.4002
4	172	6.449693078192	0.476959876802
4	189	8.014723570689	0.4002
4	191	8.214723570689	0.527430911941
4	211	8.665597494041	0.4002
4	218	8.865597494041	0.57073431876
4	220	9.065597494041	0.403837277942
4	231	9.531342660967	0.4002
4	252	10.130498490325	0.4002
4	264	10.334254186594	0.4002
4	267	10.534254186594	0.502975219936
4	275	10.734254186594	0.642655050005
4	280	10.997725377366	0.4002
4	306	11.739634011982	0.4002
4	321	11.939634011982	0.559058750841
4	331	12.139634011982	0.646945221613
4	335	12.339634011982	0.767022539117
4	337	12.539634011982	0.779829716407
4	342	12.739634011982	0.935447651781
4	349	12.939634011982	1.01256598703
4	357	13.139634011982	0.476536965633
4	368	13.410140641585	0.4002
4	376	13.669720062536	0.4002
4	390	13.973210127838	0.4002
4	398	14.210349679565	0.4002
4	406	14.530989489591	0.4002
4	435	14.991690093033	0.4002
4	445	15.191690093033	0.492050051656
4	453	15.391690093033	0.686909218594
4	458	15.591690093033	0.769647490365
4	468	15.791690093033	0.935342881532
4	475	15.991690093033	1.032975644042
4	477	16.191690093033	0.619813996388
4	482	16.391690093033	0.680917108086
4	496	16.738423723274	0.4002
4	498	16.938423723274	0.545713100891
4	515	17.573213588239	0.4002
4	517	17.773213588239	0.536829776409
4	528	18.746226306061	0.4002
4	545	19.909034266599	0.4002
4	550	20.197442697141	0.4002
4	572	21.326038695362	0.4002
4	575	21.526038695362	0.566980162152
4	577	21.726038695362	0.693912159852
4	602	23.363869197701	0.4002
4	610	23.563869197701	0.591587605846
4	615	23.763869197701	0.564457827892
4	622	23.963869197701	0.684358837405
4	627	24.163869197701	0.48013867146
4	635	24.505138602396	0.4002
4	646	25.154004493207	0.4002
4	662	25.683177795382	0.4002
4	680	26.01828104735	0.4002
4	687	26.21828104735	0.592079949185
4	699	26.41828104735	0.502192011686
4	708	26.61828104735	0.400509028837
4	715	26.81828104735	0.439816132005
4	722	27.01828104735	0.639240900016
4	730	27.21828104735	0.428273923841
4	735	27.443810581857	0.4002
4	749	28.036616519095	0.4002
4	757	28.393995371567	0.4002
4	768	29.303604773762	0.4002
4	790	30.788382891915	0.4002
4	796	30.988382891915	0.598186950672
4	803	31.188382891915	0.693226721672
4	805	31.388382891915	0.446988568396
4	819	31.909294650058	0.4002
4	827	32.294221281637	0.4002
4	844	33.009601624767	0.4002
4	846	33.209601624767	0.52220237775
4	857	33.983845408897	0.4002
4	877	34.4013664475	0.4002
4	887	34.6013664475	0.59942416542
4	894	34.8013664475	0.49960016094
4	902	35.0013664475	0.477730469177
4	907	35.227229086004	0.4002
4	932	36.623132756393	0.4002
4	940	36.823132756393	0.576861472873
4	942	37.023132756393	0.598687493726
4	950	37.223132756393	0.730403129283
4	963	37.481129595643	0.4002
4	971	37.681129595643	0.453958839832
4	979	37.904103185776	0.4002
4	987	38.232503759415	0.4002
4	1011	38.748192472222	0.4002
4	1020	38.948192472222	0.524073886125
4	1028	39.148192472222	0.491864789955
4	1030	39.348192472222	0.646506699111
4	1032	39.548192472222	0.836166401422
4	1058	40.067183428161	0.4002
4	1074	40.267183428161	0.568524992342
4	1085	40.467183428161	0.638155289471
4	1089	40.667183428161	0.79679626264
4	1091	40.867183428161	0.771726631705
4	1093	41.067183428161	0.870456370067
4	1095	41.267183428161	1.047975557514
4	1114	41.791904394648	0.4002
4	1124	41.991904394648	0.487479578327
4	1133	42.254287700512	0.4002
4	1135	42.454287700512	0.510541061582
4	1146	42.937691539682	0.4002
4	1163	43.940666814291	0.4002
4	1176	44.232881709932	0.4002
4	1181	44.432881709932	0.434422609926
4	1197	44.751751104924	0.4002
4	1199	44.951751104924	0.430677419759
4	1218	45.506051681506	0.4002
4	1220	45.706051681506	0.474361353824
4	1237	46.546425488028	0.4002
4	1239	46.746425488028	0.524223495833
4	1250	47.475550190629	0.4002
4	1261	47.942099739976	0.4002
4	1272	48.551760630723	0.4002
4	1289	49.469265397697	0.4002
4	1300	49.669265397697	0.565571082528
4	1315	49.907356779867	0.4002
4	1324	50.107356779867	0.443425691192
4	1334	50.307356779867	0.450224005244
4	1341	50.507356779867	0.637569820605
4	1352	50.707356779867	0.545137577939
4	1356	50.907356779867	0.468480876662
4	1361	51.107356779867	0.583765094176
4	1380	51.480408992983	0.4002
4	1383	51.680408992983	0.540411170363
4	1390	51.880408992983	0.722037231054
4	1402	52.190936488651	0.4002
4	1404	52.390936488651	0.527022837968
4	1423	52.916753944024	0.4002
4	1428	53.116753944024	0.440990966927
4	1447	53.437139134134	0.4002
4	1450	53.637139134134	0.502165446109
4	1457	53.837139134134	0.651713503636
4	1478	54.140435862259	0.4002
4	1487	54.340435862259	0.532138339622
4	1492	54.540435862259	0.58023445393
4	1499	54.740435862259	0.645834786887
4	1501	54.940435862259	0.489346295959
4	1520	55.944924399695	0.4002
4	1532	56.182946539651	0.4002
4	1539	56.382946539651	0.510271090051
4	1541	56.582946539651	0.403717220994
4	1552	57.354172334266	0.4002
4	1563	58.334802640466	0.4002
4	1574	59.278763866715	0.4002
4	1596	60.284742398286	0.4002
4	1599	60.484742398286	0.569068897894
4	1607	60.684742398286	0.727615868705
4	1612	60.941142001076	0.4002
4	1623	61.590409687543	0.4002
4	1647	63.407113620389	0.4002
4	1659	63.607113620389	0.451558160026
4	1671	63.807113620389	0.499314752731
4	1678	64.007113620389	0.662116706758
4	1680	64.207113620389	0.63049882629
4	1688	64.407113620389	0.661256514804
4	1699	64.620412142576	0.4002
4	1712	64.870338119813	0.4002
4	1714	65.070338119813	0.436942904792
4	1744	66.169989368397	0.4002
4	1754	66.369989368397	0.587673356928
4	1759	66.569989368397	0.625119590785
4	1761	66.769989368397	0.767139666523
4	1773	66.969989368397	0.962783374541
4	1785	67.169989368397	1.026927036181
4	1796	67.369989368397	0.539519537126
4	1803	67.569989368397	0.695767657294
4	1808	67.769989368397	0.854543736954
4	1815	67.969989368397	0.898515545277
4	1817	68.169989368397	0.870757450616
4	1819	68.369989368397	0.652157736578
4	1830	68.781977035081	0.4002
4	1847	69.331959357901	0.4002
4	1858	69.585032547747	0.4002
4	1869	69.79184675015	0.4002
4	1874	69.998937674457	0.4002
4	1885	71.235068525403	0.4002
4	1904	71.799206521856	0.4002
4	1919	72.049389011518	0.4002
4	1928	72.249389011518	0.592989246133
4	1940	72.449389011518	0.559985650461
4	1953	72.649389011518	0.462458149692
4	1957	72.849389011518	0.643245913915
4	1959	73.049389011518	0.657752699282
4	1961	73.249389011518	0.75877112508
4	1972	74.363921165301	0.4002
4	1983	74.857521258477	0.4002
4	1999	75.423285838082	0.4002
4	2011	75.768914164086	0.4002
4	2018	75.968914164086	0.58078457428
4	2030	76.27077923735	0.4002
4	2032	76.47077923735	0.526241132972
4	2049	77.883987018373	0.4002
4	2057	78.094772627711	0.4002
4	2065	78.406777985295	0.4002
4	2085	78.831617827279	0.4002
4	2102	79.07871111441	0.4002
4	2111	79.27871111441	0.458961284739
4	2119	79.47871111441	0.573216907367
4	2123	79.67871111441	0.617025610368
4	2125	79.87871111441	0.518304658795
4	2136	80.651105062129	0.4002
4	2147	81.184109504347	0.4002
4	2158	82.258999232583	0.4002
4	2181	82.879628113915	0.4002
4	2185	83.079628113915	0.416898725465
4	2187	83.279628113915	0.520352410298
4	2198	83.960414915202	0.4002
4	2223	84.636184758002	0.4002
4	2231	84.836184758002	0.45990052876
4	2236	85.036184758002	0.606046045172
4	2246	85.236184758002	0.775819083551
4	2253	85.436184758002	0.476493114899
4	2255	85.636184758002	0.414671084069
4	2269	86.570635909831	0.4002
4	2277	86.949089595108	0.4002
4	2288	87.389636119005	0.4002
4	2305	88.171809007724	0.4002
4	2307	88.371809007724	0.552241329121
4	2324	89.394689238629	0.4002
4	2329	89.594689238629	0.5545351726
4	2340	89.954638216888	0.4002
4	2348	90.280017672075	0.4002
4	2359	90.778197065433	0.4002
4	2370	92.216790062279	0.4002
4	2381	92.650105279959	0.4002
4	2392	93.472041692845	0.4002
4	2411	93.895248515223	0.4002
4	2413	94.095248515223	0.494322789962
4	2427	94.511474746333	0.4002
4	2435	94.829327757756	0.4002
4	2457	96.111444723435	0.4002
4	2469	96.311444723435	0.45792909869
4	2478	96.511444723435	0.494146961016
4	2485	96.711444723435	0.487753799
4	2499	96.911444723435	0.657406286922
4	2512	97.111444723435	0.495006610855
4	2516	97.311444723435	0.599119261965
4	2518	97.511444723435	0.652799981409
4	2526	97.711444723435	0.765172531201
4	2539	97.997051166164	0.4002
4	2544	98.197051166164	0.44202531814
4	2552	98.501617983961	0.4002
4	2578	99.083453235285	0.4002
4	2589	99.283453235285	0.522019031494
4	2596	99.483453235285	0.700326830015
4	2603	99.683453235285	0.732469941563
4	2605	99.883453235285	0.723390144103
4	2610	100.083453235285	0.663930518936
4	2621	100.406868366454	0.4002
4	2645	100.800649194207	0.4002
4	2653	101.000649194207	0.492802817981
4	2658	101.200649194207	0.577213880508
4	2669	101.400649194207	0.754288869606
4	2673	101.600649194207	0.464244212719
4	2685	101.800649194207	0.567219329934
4	2697	102.056845359616	0.4002
4	2700	102.256845359616	0.569082120164
4	2712	102.456845359616	0.733748426708
4	2730	102.700482428136	0.4002
4	2738	102.900482428136	0.562549661235
4	2741	103.100482428136	0.697228838415
4	2746	103.300482428136	0.749685950285
4	2753	103.500482428136	0.873616530884
4	2755	103.700482428136	0.473434635289
4	2766	104.217160969917	0.4002
4	2777	105.122105229483	0.4002
4	2788	105.703887524756	0.4002
4	2802	106.200693966796	0.4002
4	2810	106.512219216477	0.4002
4	2821	107.251642938321	0.4002
4	2832	108.113337139962	0.4002
4	2854	108.787136992381	0.4002
4	2857	108.987136992381	0.578610013505
4	2859	109.187136992381	0.713205547677
4	2873	110.047440403752	0.4002
4	2887	110.355018940591	0.4002
4	2906	110.651203146664	0.4002
4	2910	110.851203146664	0.44905232474
4	2915	111.051203146664	0.522954769772
4	2923	111.398113321856	0.4002
4	2943	112.009567098765	0.4002
4	2954	112.209567098765	0.589910432229
4	2958	112.409567098765	0.412926396359
4	2960	112.609567098765	0.546459846887
4	2982	113.970117670167	0.4002
4	2985	114.170117670167	0.549890251989
4	2987	114.370117670167	0.71008929117
4	3001	115.433475942855	0.4002
4	3009	115.737867414249	0.4002
4	3026	116.679060699316	0.4002
4	3031	116.90314074187	0.4002
4	3045	117.331865077536	0.4002
4	3053	117.701581005277	0.4002
4	3070	118.66392380932	0.4002
4	3077	118.86392380932	0.503289912444
4	3094	119.228542003276	0.4002
4	3103	119.428542003276	0.58913128528
4	3107	119.628542003276	0.619260993396
4	3109	119.828542003276	0.544240747261
4	3128	120.456054968913	0.4002
4	3136	120.656054968913	0.441414108912
4	3141	120.915138349503	0.4002
4	3152	121.695188477064	0.4002
4	3171	122.314067704884	0.4002
4	3188	122.529308962546	0.4002
4	3196	122.729308962546	0.5651414469
4	3204	122.929308962546	0.575298172118
4	3208	123.129308962546	0.728627230605
4	3216	123.329308962546	0.57787960105
4	3229	123.601664792912	0.4002
4	3238	123.863828107795	0.4002
4	3240	124.063828107795	0.518679733619
4	3259	125.082716177748	0.4002
4	3261	125.282716177748	0.442652007843
4	3272	125.784844939961	0.4002
4	3289	126.798460889962	0.4002
4	3294	127.038756870158	0.4002
4	3317	127.513258271285	0.4002
4	3321	127.713258271285	0.517191310279
4	3331	127.913258271285	0.521877122565
4	3340	128.115786506139	0.4002
4	3345	128.315786506139	0.536677993988
4	3359	128.662523326942	0.4002
4	3364	128.925611118372	0.4002
4	3381	129.419121323477	0.4002
4	3383	129.619121323477	0.559737446795
4	3394	131.222383108456	0.4002
4	3411	131.648018574415	0.4002
4	3413	131.848018574415	0.513911949397
4	3432	132.271499065539	0.4002
4	3434	132.471499065539	0.406127009253
4	3453	133.151329997851	0.4002
4	3455	133.351329997851	0.407214711609
4	3474	133.768304710971	0.4002
4	3476	133.968304710971	0.465914127148
4	3495	134.712069931064	0.4002
4	3497	134.912069931064	0.441070801165
4	3514	135.377696169341	0.4002
4	3519	135.605187512864	0.4002
4	3538	136.104061923016	0.4002
4	3560	136.377441156957	0.4002
4	3576	136.577441156957	0.572191279617
4	3590	136.777441156957	0.664321946515
4	3602	136.977441156957	0.827784519131
4	3612	137.177441156957	0.977282854385
4	3620	137.377441156957	1.063299649836
4	3630	137.577441156957	1.137519097219
4	3637	137.777441156957	1.279617704975
4	3645	137.977441156957	1.428259287881
4	3649	138.177441156957	1.58750454539
4	3657	138.377441156957	1.653704398929
4	3661	138.577441156957	1.625420210972
4	3663	138.777441156957	1.427511009729
4	3665	138.977441156957	1.490740140086
4	3667	139.177441156957	1.368862903506
4	3669	139.377441156957	1.150755337243
4	3688	140.68743150251	0.4002
4	3696	140.88743150251	0.406018506816
4	3701	141.169684460499	0.4002
4	3718	141.825308590011	0.4002
4	3729	142.103796950029	0.4002
4	3737	142.324638022304	0.4002
4	3745	142.684507716159	0.4002
4	3756	143.376363601548	0.4002
4	3776	143.83049289601	0.4002
4	3787	144.03049289601	0.578175355133
4	3794	144.23049289601	0.44335580799
4	3801	144.43049289601	0.588194969183
4	3809	144.63049289601	0.477413722477
4	3817	144.919257966246	0.4002
4	3836	145.244366119641	0.4002
4	3846	145.444366119641	0.428996320293
4	3853	145.644366119641	0.475635979178
4	3855	145.844366119641	0.458468006785
4	3875	146.311902403418	0.4002
4	3888	146.511902403418	0.560533184983
4	3896	146.711902403418	0.435780170061
4	3906	146.911902403418	0.567319119483
4	3914	147.111902403418	0.637836804215
4	3924	147.311902403418	0.538471138578
4	3938	147.511902403418	0.639815363649
4	3948	147.711902403418	0.559583530081
4	3952	147.911902403418	0.733707016153
4	3954	148.111902403418	0.712218218017
4	3964	148.311902403418	0.762664823939
4	3982	148.598836468981	0.4002
4	3992	148.798836468981	0.595674037111
4	4004	148.998836468981	0.671424473239
4	4019	149.198836468981	0.808042096252
4	4029	149.398836468981	0.657049826768
4	4039	149.598836468981	0.835256971699
4	4043	149.798836468981	0.852608652625
4	4045	149.998836468981	0.938527502995
4	4050	150.198836468981	0.912303862513
4	4057	150.398836468981	0.962426851065
4	4065	150.598836468981	0.448643056294
4	4078	150.863497751634	0.4002
4	4080	151.063497751634	0.434223820919
4	4097	151.551573565047	0.4002
4	4107	151.782889541052	0.4002
4	4128	152.125950689856	0.4002
4	4133	152.325950689856	0.547254815447
4	4135	152.525950689856	0.686364047641
4	4140	152.725950689856	0.858909790624
4	4148	153.051968746313	0.4002
4	4159	153.459732293669	0.4002
4	4170	153.918766252578	0.4002
4	4187	154.519068602166	0.4002
4	4195	154.76011120333	0.4002
4	4206	155.095740468344	0.4002
4	4214	155.456875521075	0.4002
4	4231	156.249325043908	0.4002
4	4239	156.498622771513	0.4002
4	4253	156.847110875366	0.4002
4	4255	157.047110875366	0.535739429371
4	4269	157.47544087233	0.4002
4	4285	157.834445798521	0.4002
4	4287	158.034445798521	0.442868627089
4	4304	159.544701831833	0.4002
4	4309	159.744701831833	0.590363446212
4	4317	160.069426532446	0.4002
4	4337	160.996834124928	0.4002
4	4348	161.196834124928	0.530109375748
4	4352	161.396834124928	0.440606806413
4	4354	161.596834124928	0.595956981373
4	4365	162.067383124206	0.4002
4	4384	162.999837553511	0.4002
4	4386	163.199837553511	0.403981410623
4	4397	164.039216205574	0.4002
4	4408	164.473476744928	0.4002
4	4419	164.957540150597	0.4002
4	4430	165.659357401029	0.4002
4	4453	166.15962414737	0.4002
4	4457	166.35962414737	0.405249710953
4	4459	166.55962414737	0.551289357487
4	4470	167.737312896323	0.4002
4	4484	168.322168665935	0.4002
4	4509	168.693259700028	0.4002
4	4521	168.893259700028	0.525461370151
4	4531	169.093259700028	0.638309470984
4	4542	169.293259700028	0.779468500775
4	4550	169.493259700028	0.971772177503
4	4552	169.693259700028	0.988829263395
4	4557	169.893259700028	0.810295016784
4	4572	170.093259700028	1.010160976281
4	4580	170.293259700028	1.126741663023
4	4582	170.493259700028	0.673054884212
4	4590	170.693259700028	0.763371728747
4	4594	170.893259700028	0.90187587054
4	4601	171.093259700028	0.547403229353
4	4616	171.416525077237	0.4002
4	4629	171.616525077237	0.578683873267
4	4633	171.816525077237	0.472624551919
4	4638	172.016525077237	0.52726477009
4	4652	172.404242771073	0.4002
4	4660	172.698091429069	0.4002
4	4671	173.018787205772	0.4002
4	4679	173.391319239931	0.4002
4	4696	174.531007719531	0.4002
4	4709	174.770921347353	0.4002
4	4717	174.970921347353	0.433012552467
4	4728	175.23448652448	0.4002
4	4733	175.475001512504	0.4002
4	4752	176.836567924304	0.4002
4	4754	177.036567924304	0.455649506896
4	4765	177.480211593872	0.4002
4	4776	177.955410018317	0.4002
4	4795	179.965838030719	0.4002
4	4797	180.165838030719	0.475115748188
4	4808	180.951144170673	0.4002
4	4819	181.51232983231	0.4002
4	4849	182.442683047561	0.4002
4	4865	182.642683047561	0.568745582708
4	4879	182.842683047561	0.730408708525
4	4889	183.042683047561	0.836347143699
4	4897	183.242683047561	1.029406634482
4	4903	183.442683047561	1.027612733635
4	4910	183.642683047561	1.128843809705
4	4912	183.842683047561	1.281689230727
4	4917	184.042683047561	1.470754014074
4	4930	184.242683047561	1.591324757064
4	4934	184.442683047561	1.724977273884
4	4936	184.642683047561	1.280182645961
4	4938	184.842683047561	0.864578379641
4	4940	185.042683047561	0.901511992465
4	4957	185.484079739944	0.4002
4	4959	185.684079739944	0.513829559016
4	4970	186.321156423873	0.4002
4	4990	186.976239373638	0.4002
4	5003	187.176239373638	0.594707944285
4	5010	187.376239373638	0.494916120907
4	5017	187.576239373638	0.573562313115
4	5019	187.776239373638	0.422040657455
4	5030	188.281361107669	0.4002
4	5047	189.050514652998	0.4002
4	5052	189.283830407402	0.4002
4	5063	189.721897523906	0.4002
4	5082	190.251416572849	0.4002
4	5084	190.451416572849	0.492386674402
4	5111	192.357636265914	0.4002
4	5121	192.557636265914	0.596785489656
4	5125	192.757636265914	0.764852528072
4	5133	192.957636265914	0.685791895252
4	5143	193.157636265914	0.82601554418
4	5147	193.357636265914	0.595732451031
4	5152	193.557636265914	0.580645052394
4	5160	193.95060467462	0.4002
4	5182	195.152379411352	0.4002
4	5193	195.352379411352	0.526163922897
4	5201	195.552379411352	0.724443482571
4	5203	195.752379411352	0.572445831995
4	5205	195.952379411352	0.697311709257
4	5230	196.631620401314	0.4002
4	5234	196.831620401314	0.407186491773
4	5236	197.031620401314	0.502656451164
4	5255	197.714478951418	0.4002
4	5257	197.914478951418	0.479103490415
4	5280	198.359271987161	0.4002
4	5287	198.559271987161	0.406122938827
4	5298	198.759271987161	0.513411511146
4	5302	198.959271987161	0.417061341965
4	5304	199.159271987161	0.544001304342
5	16	0.488056992192	1
5	18	0.688056992192	1
5	29	1.223977783242	1
5	52	1.846907198619	1
5	56	2.046907198619	1
5	58	2.246907198619	1
5	69	2.964189467379	1
5	88	4.32381729734	1
5	100	4.558399226058	1
5	110	4.758399226058	1
5	117	4.958399226058	1
5	119	5.158399226058	1
5	138	5.607575288622	1
5	146	5.807575288622	1
5	160	6.016322168926	1
5	170	6.249693078192	1
5	172	6.449693078192	1
5	189	8.014723570689	1
5	191	8.214723570689	1
5	211	8.665597494041	1
5	218	8.865597494041	1
5	220	9.065597494041	1
5	231	9.531342660967	1
5	252	10.130498490325	1
5	264	10.334254186594	1
5	267	10.534254186594	1
5	275	10.734254186594	1
5	280	10.997725377366	1
5	306	11.739634011982	1
5	321	11.939634011982	1
5	331	12.139634011982	1
5	335	12.339634011982	1
5	337	12.539634011982	1
5	342	12.739634011982	1
5	349	12.939634011982	1
5	357	13.139634011982	1
5	368	13.410140641585	1
5	376	13.669720062536	1
5	390	13.973210127838	1
5	398	14.210349679565	1
5	406	14.530989489591	1
5	435	14.991690093033	1
5	445	15.191690093033	1
5	453	15.391690093033	1
5	458	15.591690093033	1
5	468	15.791690093033	1
5	475	15.991690093033	1
5	477	16.191690093033	1
5	482	16.391690093033	1
5	496	16.738423723274	1
5	498	16.938423723274	1
5	515	17.573213588239	1
5	517	17.773213588239	1
5	528	18.746226306061	1
5	545	19.909034266599	1
5	550	20.197442697141	1
5	572	21.326038695362	1
5	575	21.526038695362	1
5	577	21.726038695362	1
5	602	23.363869197701	1
5	610	23.563869197701	1
5	615	23.763869197701	1
5	622	23.963869197701	1
5	627	24.163869197701	1
5	635	24.505138602396	1
5	646	25.154004493207	1
5	662	25.683177795382	1
5	680	26.01828104735	1
5	687	26.21828104735	1
5	699	26.41828104735	1
5	708	26.61828104735	1
5	715	26.81828104735	1
5	722	27.01828104735	1
5	730	27.21828104735	1
5	735	27.443810581857	1
5	749	28.036616519095	1
5	757	28.393995371567	1
5	768	29.303604773762	1
5	790	30.788382891915	1
5	796	30.988382891915	1
5	803	31.188382891915	1
5	805	31.388382891915	1
5	819	31.909294650058	1
5	827	32.294221281637	1
5	844	33.009601624767	1
5	846	33.209601624767	1
5	857	33.983845408897	1
5	877	34.4013664475	1
5	887	34.6013664475	1
5	894	34.8013664475	1
5	902	35.0013664475	1
5	907	35.227229086004	1
5	932	36.623132756393	1
5	940	36.823132756393	1
5	942	37.023132756393	1
5	950	37.223132756393	1
5	963	37.481129595643	1
5	971	37.681129595643	1
5	979	37.904103185776	1
5	987	38.232503759415	1
5	1011	38.748192472222	1
5	1020	38.948192472222	1
5	1028	39.148192472222	1
5	1030	39.348192472222	1
5	1032	39.548192472222	1
5	1058	40.067183428161	1
5	1074	40.267183428161	1
5	1085	40.467183428161	1
5	1089	40.667183428161	1
5	1091	40.867183428161	1
5	1093	41.067183428161	1
5	1095	41.267183428161	1
5	1114	41.791904394648	1
5	1124	41.991904394648	1
5	1133	42.254287700512	1
5	1135	42.454287700512	1
5	1146	42.937691539682	1
5	1163	43.940666814291	1
5	1176	44.232881709932	1
5	1181	44.432881709932	1
5	1197	44.751751104924	1
5	1199	44.951751104924	1
5	1218	45.506051681506	1
5	1220	45.706051681506	1
5	1237	46.546425488028	1
5	1239	46.746425488028	1
5	1250	47.475550190629	1
5	1261	47.942099739976	1
5	1272	48.551760630723	1
5	1289	49.469265397697	1
5	1300	49.669265397697	1
5	1315	49.907356779867	1
5	1324	50.107356779867	1
5	1334	50.307356779867	1
5	1341	50.507356779867	1
5	1352	50.707356779867	1
5	1356	50.907356779867	1
5	1361	51.107356779867	1
5	1380	51.480408992983	1
5	1383	51.680408992983	1
5	1390	51.880408992983	1
5	1402	52.190936488651	1
5	1404	52.390936488651	1
5	1423	52.916753944024	1
5	1428	53.116753944024	1
5	1447	53.437139134134	1
5	1450	53.637139134134	1
5	1457	53.837139134134	1
5	1478	54.140435862259	1
5	1487	54.340435862259	1
5	1492	54.540435862259	1
5	1499	54.740435862259	1
5	1501	54.940435862259	1
5	1520	55.944924399695	1
5	1532	56.182946539651	1
5	1539	56.382946539651	1
5	1541	56.582946539651	1
5	1552	57.354172334266	1
5	1563	58.334802640466	1
5	1574	59.278763866715	1
5	1596	60.284742398286	1
5	1599	60.484742398286	1
5	1607	60.684742398286	1
5	1612	60.941142001076	1
5	1623	61.590409687543	1
5	1647	63.407113620389	1
5	1659	63.607113620389	1
5	1671	63.807113620389	1
5	1678	64.007113620389	1
5	1680	64.207113620389	1
5	1688	64.407113620389	1
5	1699	64.620412142576	1
5	1712	64.870338119813	1
5	1714	65.070338119813	1
5	1744	66.169989368397	1
5	1754	66.369989368397	1
5	1759	66.569989368397	1
5	1761	66.769989368397	1
5	1773	66.969989368397	1
5	1785	67.169989368397	1
5	1796	67.369989368397	1
5	1803	67.569989368397	1
5	1808	67.769989368397	1
5	1815	67.969989368397	1
5	1817	68.169989368397	1
5	1819	68.369989368397	1
5	1830	68.781977035081	1
5	1847	69.331959357901	1
5	1858	69.585032547747	1
5	1869	69.79184675015	1
5	1874	69.998937674457	1
5	1885	71.235068525403	1
5	1904	71.799206521856	1
5	1919	72.049389011518	1
5	1928	72.249389011518	1
5	1940	72.449389011518	1
5	1953	72.649389011518	1
5	1957	72.849389011518	1
5	1959	73.049389011518	1
5	1961	73.249389011518	1
5	1972	74.363921165301	1
5	1983	74.857521258477	1
5	1999	75.423285838082	1
5	2011	75.768914164086	1
5	2018	75.968914164086	1
5	2030	76.27077923735	1
5	2032	76.47077923735	1
5	2049	77.883987018373	1
5	2057	78.094772627711	1
5	2065	78.406777985295	1
5	2085	78.831617827279	1
5	2102	79.07871111441	1
5	2111	79.27871111441	1
5	2119	79.47871111441	1
5	2123	79.67871111441	1
5	2125	79.87871111441	1
5	2136	80.651105062129	1
5	2147	81.184109504347	1
5	2158	82.258999232583	1
5	2181	82.879628113915	1
5	2185	83.079628113915	1
5	2187	83.279628113915	1
5	2198	83.960414915202	1
5	2223	84.636184758002	1
5	2231	84.836184758002	1
5	2236	85.036184758002	1
5	2246	85.236184758002	1
5	2253	85.436184758002	1
5	2255	85.636184758002	1
5	2269	86.570635909831	1
5	2277	86.949089595108	1
5	2288	87.389636119005	1
5	2305	88.171809007724	1
5	2307	88.371809007724	1
5	2324	89.394689238629	1
5	2329	89.594689238629	1
5	2340	89.954638216888	1
5	2348	90.280017672075	1
5	2359	90.778197065433	1
5	2370	92.216790062279	1
5	2381	92.650105279959	1
5	2392	93.472041692845	1
5	2411	93.895248515223	1
5	2413	94.095248515223	1
5	2427	94.511474746333	1
5	2435	94.829327757756	1
5	2457	96.111444723435	1
5	2469	96.311444723435	1
5	2478	96.511444723435	1
5	2485	96.711444723435	1
5	2499	96.911444723435	1
5	2512	97.111444723435	1
5	2516	97.311444723435	1
5	2518	97.511444723435	1
5	2526	97.711444723435	1
5	2539	97.997051166164	1
5	2544	98.197051166164	1
5	2552	98.501617983961	1
5	2578	99.083453235285	1
5	2589	99.283453235285	1
5	2596	99.483453235285	1
5	2603	99.683453235285	1
5	2605	99.883453235285	1
5	2610	100.083453235285	1
5	2621	100.406868366454	1
5	2645	100.800649194207	1
5	2653	101.000649194207	1
5	2658	101.200649194207	1
5	2669	101.400649194207	1
5	2673	101.600649194207	1
5	2685	101.800649194207	1
5	2697	102.056845359616	1
5	2700	102.256845359616	1
5	2712	102.456845359616	1
5	2730	102.700482428136	1
5	2738	102.900482428136	1
5	2741	103.100482428136	1
5	2746	103.300482428136	1
5	2753	103.500482428136	1
5	2755	103.700482428136	1
5	2766	104.217160969917	1
5	2777	105.122105229483	1
5	2788	105.703887524756	1
5	2802	106.200693966796	1
5	2810	106.512219216477	1
5	2821	107.251642938321	1
5	2832	108.113337139962	1
5	2854	108.787136992381	1
5	2857	108.987136992381	1
5	2859	109.187136992381	1
5	2873	110.047440403752	1
5	2887	110.355018940591	1
5	2906	110.651203146664	1
5	2910	110.851203146664	1
5	2915	111.051203146664	1
5	2923	111.398113321856	1
5	2943	112.009567098765	1
5	2954	112.209567098765	1
5	2958	112.409567098765	1
5	2960	112.609567098765	1
5	2982	113.970117670167	1
5	2985	114.170117670167	1
5	2987	114.370117670167	1
5	3001	115.433475942855	1
5	3009	115.737867414249	1
5	3026	116.679060699316	1
5	3031	116.90314074187	1
5	3045	117.331865077536	1
5	3053	117.701581005277	1
5	3070	118.66392380932	1
5	3077	118.86392380932	1
5	3094	119.228542003276	1
5	3103	119.428542003276	1
5	3107	119.628542003276	1
5	3109	119.828542003276	1
5	3128	120.456054968913	1
5	3136	120.656054968913	1
5	3141	120.915138349503	1
5	3152	121.695188477064	1
5	3171	122.314067704884	1
5	3188	122.529308962546	1
5	3196	122.729308962546	1
5	3204	122.929308962546	1
5	3208	123.129308962546	1
5	3216	123.329308962546	1
5	3229	123.601664792912	1
5	3238	123.863828107795	1
5	3240	124.063828107795	1
5	3259	125.082716177748	1
5	3261	125.282716177748	1
5	3272	125.784844939961	1
5	3289	126.798460889962	1
5	3294	127.038756870158	1
5	3317	127.513258271285	1
5	3321	127.713258271285	1
5	3331	127.913258271285	1
5	3340	128.115786506139	1
5	3345	128.315786506139	1
5	3359	128.662523326942	1
5	3364	128.925611118372	1
5	3381	129.419121323477	1
5	3383	129.619121323477	1
5	3394	131.222383108456	1
5	3411	131.648018574415	1
5	3413	131.848018574415	1
5	3432	132.271499065539	1
5	3434	132.471499065539	1
5	3453	133.151329997851	1
5	3455	133.351329997851	1
5	3474	133.768304710971	1
5	3476	133.968304710971	1
5	3495	134.712069931064	1
5	3497	134.912069931064	1
5	3514	135.377696169341	1
5	3519	135.605187512864	1
5	3538	136.104061923016	1
5	3560	136.377441156957	1
5	3576	136.577441156957	1
5	3590	136.777441156957	1
5	3602	136.977441156957	1
5	3612	137.177441156957	1
5	3620	137.377441156957	1
5	3630	137.577441156957	1
5	3637	137.777441156957	1
5	3645	137.977441156957	1
5	3649	138.177441156957	1
5	3657	138.377441156957	1
5	3661	138.577441156957	1
5	3663	138.777441156957	1
5	3665	138.977441156957	1
5	3667	139.177441156957	1
5	3669	139.377441156957	1
5	3688	140.68743150251	1
5	3696	140.88743150251	1
5	3701	141.169684460499	1
5	3718	141.825308590011	1
5	3729	142.103796950029	1
5	3737	142.324638022304	1
5	3745	142.684507716159	1
5	3756	143.376363601548	1
5	3776	143.83049289601	1
5	3787	144.03049289601	1
5	3794	144.23049289601	1
5	3801	144.43049289601	1
5	3809	144.63049289601	1
5	3817	144.919257966246	1
5	3836	145.244366119641	1
5	3846	145.444366119641	1
5	3853	145.644366119641	1
5	3855	145.844366119641	1
5	3875	146.311902403418	1
5	3888	146.511902403418	1
5	3896	146.711902403418	1
5	3906	146.911902403418	1
5	3914	147.111902403418	1
5	3924	147.311902403418	1
5	3938	147.511902403418	1
5	3948	147.711902403418	1
5	3952	147.911902403418	1
5	3954	148.111902403418	1
5	3964	148.311902403418	1
5	3982	148.598836468981	1
5	3992	148.798836468981	1
5	4004	148.998836468981	1
5	4019	149.198836468981	1
5	4029	149.398836468981	1
5	4039	149.598836468981	1
5	4043	149.798836468981	1
5	4045	149.998836468981	1
5	4050	150.198836468981	1
5	4057	150.398836468981	1
5	4065	150.598836468981	1
5	4078	150.863497751634	1
5	4080	151.063497751634	1
5	4097	151.551573565047	1
5	4107	151.782889541052	1
5	4128	152.125950689856	1
5	4133	152.325950689856	1
5	4135	152.525950689856	1
5	4140	152.725950689856	1
5	4148	153.051968746313	1
5	4159	153.459732293669	1
5	4170	153.918766252578	1
5	4187	154.519068602166	1
5	4195	154.76011120333	1
5	4206	155.095740468344	1
5	4214	155.456875521075	1
5	4231	156.249325043908	1
5	4239	156.498622771513	1
5	4253	156.847110875366	1
5	4255	157.047110875366	1
5	4269	157.47544087233	1
5	4285	157.834445798521	1
5	4287	158.034445798521	1
5	4304	159.544701831833	1
5	4309	159.744701831833	1
5	4317	160.069426532446	1
5	4337	160.996834124928	1
5	4348	161.196834124928	1
5	4352	161.396834124928	1
5	4354	161.596834124928	1
5	4365	162.067383124206	1
5	4384	162.999837553511	1
5	4386	163.199837553511	1
5	4397	164.039216205574	1
5	4408	164.473476744928	1
5	4419	164.957540150597	1
5	4430	165.659357401029	1
5	4453	166.15962414737	1
5	4457	166.35962414737	1
5	4459	166.55962414737	1
5	4470	167.737312896323	1
5	4484	168.322168665935	1
5	4509	168.693259700028	1
5	4521	168.893259700028	1
5	4531	169.093259700028	1
5	4542	169.293259700028	1
5	4550	169.493259700028	1
5	4552	169.693259700028	1
5	4557	169.893259700028	1
5	4572	170.093259700028	1
5	4580	170.293259700028	1
5	4582	170.493259700028	1
5	4590	170.693259700028	1
5	4594	170.893259700028	1
5	4601	171.093259700028	1
5	4616	171.416525077237	1
5	4629	171.616525077237	1
5	4633	171.816525077237	1
5	4638	172.016525077237	1
5	4652	172.404242771073	1
5	4660	172.698091429069	1
5	4671	173.018787205772	1
5	4679	173.391319239931	1
5	4696	174.531007719531	1
5	4709	174.770921347353	1
5	4717	174.970921347353	1
5	4728	175.23448652448	1
5	4733	175.475001512504	1
5	4752	176.836567924304	1
5	4754	177.036567924304	1
5	4765	177.480211593872	1
5	4776	177.955410018317	1
5	4795	179.965838030719	1
5	4797	180.165838030719	1
5	4808	180.951144170673	1
5	4819	181.51232983231	1
5	4849	182.442683047561	1
5	4865	182.642683047561	1
5	4879	182.842683047561	1
5	4889	183.042683047561	1
5	4897	183.242683047561	1
5	4903	183.442683047561	1
5	4910	183.642683047561	1
5	4912	183.842683047561	1
5	4917	184.042683047561	1
5	4930	184.242683047561	1
5	4934	184.442683047561	1
5	4936	184.642683047561	1
5	4938	184.842683047561	1
5	4940	185.042683047561	1
5	4957	185.484079739944	1
5	4959	185.684079739944	1
5	4970	186.321156423873	1
5	4990	186.976239373638	1
5	5003	187.176239373638	1
5	5010	187.376239373638	1
5	5017	187.576239373638	1
5	5019	187.776239373638	1
5	5030	188.281361107669	1
5	5047	189.050514652998	1
5	5052	189.283830407402	1
5	5063	189.721897523906	1
5	5082	190.251416572849	1
5	5084	190.451416572849	1
5	5111	192.357636265914	1
5	5121	192.557636265914	1
5	5125	192.757636265914	1
5	5133	192.957636265914	1
5	5143	193.157636265914	1
5	5147	193.357636265914	1
5	5152	193.557636265914	1
5	5160	193.95060467462	1
5	5182	195.152379411352	1
5	5193	195.352379411352	1
5	5201	195.552379411352	1
5	5203	195.752379411352	1
5	5205	195.952379411352	1
5	5230	196.631620401314	1
5	5234	196.831620401314	1
5	5236	197.031620401314	1
5	5255	197.714478951418	1
5	5257	197.914478951418	1
5	5280	198.359271987161	1
5	5287	198.559271987161	1
5	5298	198.759271987161	1
5	5302	198.959271987161	1
5	5304	199.159271987161	1

