version 3
run BaseVersion-7-20240511-20:45:07-11874
attr configname BaseVersion
attr datetime 20240511-20:45:07
attr datetimef 20240511-204507
attr experiment BaseVersion
attr inifile omnetpp.ini
attr iterationvars $genInterval=0.45
attr iterationvarsd genInterval=0.45
attr iterationvarsf genInterval=0.45-
attr measurement $genInterval=0.45
attr network Network
attr processid 11874
attr repetition 0
attr replication #0
attr resultdir results
attr runnumber 7
attr seedset 7
itervar genInterval 0.45
config network Network
config sim-time-limit 200s
config Network.nodeTx.gen.generationInterval exponential(0.45)
config Network.nodeTx.gen.packetByteSize 12500
config Network.nodeTx.queue.bufferSize 200
config Network.nodeRx.queue.bufferSize 200
config Network.queue.bufferSize 200

vector 0 Network.nodeTx.gen packetGen ETV
vector 1 Network.nodeTx.queue bufferSize ETV
vector 2 Network.queue bufferSize ETV
vector 3 Network.nodeRx.queue bufferSize ETV
vector 4 Network.nodeRx.sink Delay ETV
vector 5 Network.nodeRx.sink packetUsed ETV
0	1	0.035719610161	1
0	7	0.151781348769	1
0	22	0.832972759363	1
0	28	1.005841245725	1
0	41	1.265483079315	1
0	54	2.987586342986	1
0	65	3.566024683246	1
0	74	3.839644161821	1
0	87	5.556950543495	1
0	93	5.722635041323	1
0	106	6.070603967185	1
0	114	6.208461326522	1
0	127	6.521387107751	1
0	130	6.562219398936	1
0	132	6.595869790744	1
0	148	6.840510205238	1
0	158	6.981168798916	1
0	161	6.988386028337	1
0	176	7.300196520684	1
0	188	7.637821662849	1
0	202	8.14948556524	1
0	215	9.063455140093	1
0	226	9.796194676594	1
0	232	9.976973609014	1
0	243	10.192773318821	1
0	255	10.417382471425	1
0	258	10.448077281643	1
0	274	10.95291967659	1
0	282	11.105866524102	1
0	297	11.607935762553	1
0	308	12.68948349699	1
0	319	13.222406520743	1
0	325	13.330414080529	1
0	334	13.521487029098	1
0	346	13.79225482576	1
0	360	14.985898952908	1
0	371	16.190386541671	1
0	377	16.327457797499	1
0	380	16.338804302809	1
0	398	16.964011772693	1
0	411	17.376960563232	1
0	417	17.509363555764	1
0	432	18.858610037297	1
0	443	19.716214642172	1
0	449	19.834005830583	1
0	455	19.920056803444	1
0	468	20.277877711416	1
0	482	20.981808264271	1
0	493	22.061046600963	1
0	504	23.309643723647	1
0	507	23.373954015211	1
0	519	23.642020977931	1
0	531	23.975517826005	1
0	542	24.194021334956	1
0	555	24.818592147806	1
0	561	25.017649614839	1
0	576	25.515204226129	1
0	579	25.611896795848	1
0	591	25.895688101886	1
0	596	25.943337383307	1
0	601	26.046487895639	1
0	617	26.343042549291	1
0	627	26.646723892614	1
0	639	27.074741388721	1
0	650	27.284363926629	1
0	663	28.64382120353	1
0	672	28.935844713769	1
0	680	29.128836879712	1
0	691	29.333826930782	1
0	699	29.479480706004	1
0	715	30.298324487445	1
0	724	30.564501362591	1
0	737	31.223217115421	1
0	748	32.648832270042	1
0	754	32.818423724132	1
0	760	32.907494514782	1
0	775	33.290036913515	1
0	778	33.359330491514	1
0	790	33.504694730008	1
0	793	33.543935651184	1
0	808	33.815294366864	1
0	820	34.171866413508	1
0	828	34.367785408784	1
0	838	34.534900549144	1
0	852	35.016936110896	1
0	860	35.166465987172	1
0	871	35.374632785712	1
0	885	36.516834348751	1
0	894	36.793362891904	1
0	905	37.048962720849	1
0	918	37.620712347547	1
0	927	37.86487638907	1
0	938	38.104598831573	1
0	951	40.032743192377	1
0	962	41.098781257407	1
0	973	41.808788513528	1
0	976	41.898339346338	1
0	986	42.087580434693	1
0	1002	42.695704274488	1
0	1008	42.856426032175	1
0	1021	43.103398968968	1
0	1032	43.418888984384	1
0	1043	43.669051360135	1
0	1056	44.108336364322	1
0	1067	44.561108533968	1
0	1078	45.042583390674	1
0	1087	45.375602363257	1
0	1095	45.510574416617	1
0	1106	45.751751262892	1
0	1118	45.985539082104	1
0	1121	45.986181636329	1
0	1137	46.48135991973	1
0	1140	46.524919862627	1
0	1154	46.785437631153	1
0	1168	47.341542331563	1
0	1179	48.02646379775	1
0	1188	48.360842475	1
0	1201	48.880144860023	1
0	1212	49.416209857574	1
0	1223	50.016673757269	1
0	1234	51.416873311487	1
0	1243	51.719369409334	1
0	1256	52.236231211355	1
0	1267	53.621748455086	1
0	1270	53.646314895816	1
0	1272	53.721432340533	1
0	1282	53.887663366859	1
0	1298	54.358951841837	1
0	1310	54.763027868952	1
0	1321	55.129831606904	1
0	1329	55.250448187886	1
0	1344	56.163493047559	1
0	1355	57.671703650733	1
0	1358	57.741476345989	1
0	1374	59.047061013201	1
0	1383	59.314376294578	1
0	1396	60.163308323124	1
0	1407	60.64775908931	1
0	1416	60.935431854511	1
0	1429	61.423164874644	1
0	1440	62.251999063175	1
0	1451	63.072647341003	1
0	1454	63.135890107872	1
0	1468	63.478105718544	1
0	1474	63.644259258506	1
0	1477	63.662463294031	1
0	1493	63.94225100636	1
0	1498	63.987467779032	1
0	1515	64.596859401872	1
0	1528	65.31862698628	1
0	1537	65.617963407088	1
0	1548	65.849629878952	1
0	1551	65.915868550724	1
0	1567	66.432075317623	1
0	1575	66.621475019632	1
0	1588	66.935125730777	1
0	1596	67.11161250397	1
0	1609	67.339372355687	1
0	1615	67.500145453685	1
0	1632	68.193560828284	1
0	1635	68.274976723314	1
0	1651	69.635245102215	1
0	1660	69.87643409342	1
0	1666	70.010689279249	1
0	1681	70.27818090859	1
0	1692	70.608356126615	1
0	1705	71.279401616994	1
0	1716	72.190983771877	1
0	1727	72.90718232026	1
0	1736	73.183934302838	1
0	1747	73.516466775895	1
0	1750	73.568909788847	1
0	1764	73.846719101755	1
0	1778	74.568726579166	1
0	1789	75.246444822628	1
0	1798	75.556492136793	1
0	1811	76.538809668011	1
0	1814	76.637638266249	1
0	1830	77.143294347747	1
0	1841	78.082930180258	1
0	1852	78.808256392679	1
0	1858	78.948752302395	1
0	1873	80.208171167915	1
0	1879	80.329858505805	1
0	1882	80.348535919398	1
0	1894	80.558307796282	1
0	1912	81.496481228561	1
0	1921	81.715902794873	1
0	1927	81.861586656199	1
0	1938	81.981010649088	1
0	1950	82.27162707373	1
0	1955	82.35861974546	1
0	1972	83.075637344912	1
0	1981	83.304389608018	1
0	1994	83.87281371291	1
0	2005	84.702082248292	1
0	2008	84.773708185237	1
0	2024	85.46904776646	1
0	2035	85.952858442193	1
0	2046	86.413578892566	1
0	2049	86.445873947407	1
0	2061	86.7542197314	1
0	2069	86.952993911124	1
0	2083	87.241291196128	1
0	2096	87.99537219957	1
0	2105	88.284677354767	1
0	2116	88.535822530619	1
0	2129	89.829519463799	1
0	2140	90.241686561866	1
0	2151	90.844076791971	1
0	2162	91.430222654293	1
0	2165	91.449330500279	1
0	2181	92.224069326214	1
0	2192	92.862128981482	1
0	2203	93.505298233236	1
0	2212	93.829439944054	1
0	2215	93.832665954498	1
0	2219	93.921105790012	1
0	2233	94.166432329054	1
0	2245	94.390344659357	1
0	2257	94.670249554275	1
0	2271	95.933240413193	1
0	2274	95.958934993116	1
0	2279	96.066675600303	1
0	2294	96.417526550538	1
0	2308	97.172731059356	1
0	2319	97.593890019692	1
0	2328	97.826506335108	1
0	2341	98.619810952936	1
0	2350	99.017445432198	1
0	2363	100.29725858318	1
0	2366	100.389865679272	1
0	2371	100.451576618565	1
0	2390	101.20444025186	1
0	2396	101.322306156441	1
0	2409	101.713590268147	1
0	2422	102.19794210854	1
0	2431	102.464465996966	1
0	2434	102.528415396594	1
0	2452	103.248366200401	1
0	2458	103.362533044222	1
0	2471	103.716169512213	1
0	2482	104.101073793115	1
0	2493	104.344974190317	1
0	2496	104.428564353962	1
0	2498	104.437268490482	1
0	2520	105.123210916019	1
0	2533	105.641294674842	1
0	2544	106.516427762279	1
0	2553	106.81775763452	1
0	2556	106.833172043134	1
0	2563	106.94531420229	1
0	2578	107.287613774329	1
0	2590	107.647485609782	1
0	2603	108.36492497536	1
0	2612	108.697646841699	1
0	2625	110.360163896084	1
0	2634	110.661014537366	1
0	2642	110.8052672202	1
0	2651	110.942611767623	1
0	2656	111.025972968044	1
0	2671	111.363141892023	1
0	2685	112.305055964651	1
0	2696	114.179173976138	1
0	2707	115.2586802787	1
0	2718	115.698165552626	1
0	2721	115.797194535683	1
0	2735	116.244069514328	1
0	2746	116.506218775233	1
0	2759	117.589658797706	1
0	2770	118.161260982925	1
0	2781	119.63903133103	1
0	2792	120.478983082488	1
0	2801	120.874855858632	1
0	2806	120.957770066199	1
0	2811	121.038860559947	1
0	2828	121.530950011941	1
0	2839	121.754560294038	1
0	2852	122.496791772739	1
0	2863	123.798354898024	1
0	2872	124.15739757685	1
0	2880	124.346697656679	1
0	2886	124.427690583133	1
0	2903	124.977148903941	1
0	2906	124.993427793221	1
0	2916	125.27312367692	1
0	2926	125.421910165703	1
0	2938	125.641982194674	1
0	2952	126.384296552084	1
0	2961	126.722558472093	1
0	2964	126.743168117239	1
0	2982	127.519072180053	1
0	2985	127.522784879588	1
0	2999	127.980628236395	1
0	3010	128.182595574018	1
0	3023	129.076728674911	1
0	3026	129.106310028989	1
0	3040	129.561855894951	1
0	3043	129.634717535846	1
0	3061	132.901827525264	1
0	3064	132.912386096492	1
0	3076	133.240595844098	1
0	3088	133.575328717942	1
0	3096	133.753945700963	1
0	3111	134.290804417295	1
0	3114	134.337603684034	1
0	3124	134.588236998845	1
0	3138	134.964652202139	1
0	3141	135.029690394704	1
0	3148	135.138741811753	1
0	3159	135.319869204071	1
0	3162	135.325206585909	1
0	3179	135.726805495823	1
0	3187	135.886805065543	1
0	3205	137.157827896682	1
0	3208	137.175718715803	1
0	3224	139.380978450078	1
0	3235	141.063371215622	1
0	3241	141.187817892106	1
0	3254	141.548601796819	1
0	3257	141.55338812017	1
0	3259	141.586876123813	1
0	3283	142.385954887254	1
0	3289	142.572983079001	1
0	3304	143.748386518149	1
0	3310	143.873604910722	1
0	3323	144.149726412056	1
0	3326	144.200829147212	1
0	3344	144.865014200714	1
0	3355	145.527015638906	1
0	3366	146.432146512543	1
0	3372	146.626415475275	1
0	3387	147.049695079471	1
0	3390	147.143211853776	1
0	3406	148.070498460104	1
0	3417	149.167536824854	1
0	3420	149.178423826076	1
0	3436	150.066880690653	1
0	3442	150.209484959262	1
0	3453	150.438530921734	1
0	3461	150.584623338009	1
0	3475	150.940303070729	1
0	3478	150.998151604843	1
0	3492	151.267485540977	1
0	3506	152.35464252832	1
0	3517	152.886930075894	1
0	3520	152.90084055002	1
0	3525	153.009111756794	1
0	3542	153.51151586941	1
0	3550	153.687585014005	1
0	3556	153.720890527469	1
0	3573	154.326888378476	1
0	3582	154.528266693949	1
0	3585	154.618982478318	1
0	3599	154.862637626523	1
0	3613	155.398497519886	1
0	3616	155.488571750683	1
0	3630	155.825216718571	1
0	3641	156.156454579857	1
0	3646	156.25602119798	1
0	3660	156.600586266247	1
0	3673	157.073603219699	1
0	3679	157.245199320512	1
0	3692	157.566001553252	1
0	3705	158.167172809371	1
0	3716	158.69280966132	1
0	3719	158.771377133816	1
0	3733	159.154765495115	1
0	3736	159.250985572914	1
0	3754	159.91257132448	1
0	3760	160.109557536257	1
0	3773	160.334245226994	1
0	3784	160.548184261551	1
0	3797	161.981088551471	1
0	3803	162.085052907803	1
0	3818	163.803635783099	1
0	3829	164.933010915849	1
0	3835	165.037312898249	1
0	3850	165.829675135228	1
0	3859	166.120494873367	1
0	3862	166.171358678112	1
0	3880	166.874000573055	1
0	3889	167.081549476497	1
0	3892	167.143151277683	1
0	3897	167.262329164835	1
0	3918	168.051822853294	1
0	3927	168.321732864067	1
0	3933	168.443713793811	1
0	3944	168.589244730351	1
0	3960	169.859541892446	1
0	3969	170.173087270066	1
0	3982	170.946395050428	1
0	3993	172.097859238525	1
0	3996	172.121775477186	1
0	4006	172.338717892458	1
0	4009	172.339553257325	1
0	4026	172.812138237956	1
0	4031	172.899782757867	1
0	4046	173.307214105355	1
0	4057	173.655114744704	1
0	4070	174.282477423566	1
0	4079	174.629978870198	1
0	4082	174.658620742844	1
0	4096	174.981256301105	1
0	4110	175.59586652569	1
0	4116	175.720659247105	1
0	4131	177.03641161648	1
0	4134	177.039199762863	1
0	4148	177.455553009472	1
0	4161	178.063933963411	1
0	4167	178.216523370877	1
0	4180	178.485308324389	1
0	4193	178.987448906036	1
0	4204	179.922171208559	1
0	4215	180.48240510807	1
0	4224	180.702597920636	1
0	4237	181.183388482031	1
0	4240	181.185264461013	1
0	4242	181.25677578199	1
0	4247	181.328170982682	1
0	4272	182.961531091736	1
0	4275	182.978341888908	1
0	4291	184.37768458421	1
0	4297	184.520660059451	1
0	4308	184.769390454481	1
0	4316	184.906484101047	1
0	4330	185.311713257473	1
0	4343	185.734568419153	1
0	4346	185.752764244606	1
0	4348	185.824995880025	1
0	4370	187.839717096408	1
0	4376	187.944481248237	1
0	4391	188.713013897477	1
0	4402	189.287903746671	1
0	4413	189.743295842301	1
0	4419	189.883431252257	1
0	4434	190.52767212152	1
0	4437	190.619669824629	1
0	4442	190.713401130482	1
0	4461	191.461576443234	1
0	4467	191.627028081104	1
0	4473	191.669979423781	1
0	4478	191.7972777285	1
0	4484	191.859774816085	1
0	4502	192.267682708797	1
0	4514	192.779861453095	1
0	4517	192.823244204312	1
0	4531	193.091941581746	1
0	4545	194.108771133603	1
0	4554	194.330956018023	1
0	4565	194.610140403581	1
0	4578	195.098054305541	1
0	4587	195.362856421852	1
0	4590	195.367598915635	1
0	4592	195.41737298622	1
0	4599	195.553794980961	1
0	4620	196.073490096313	1
0	4634	196.701365986808	1
0	4645	197.465326498819	1
0	4656	198.712906793004	1
0	4667	199.159773559364	1
0	4678	199.666491055416	1
0	4684	199.791186829635	1
1	2	0.035719610161	1
1	8	0.151781348769	1
1	23	0.832972759363	1
1	29	1.005841245725	1
1	42	1.265483079315	1
1	55	2.987586342986	1
1	66	3.566024683246	1
1	75	3.839644161821	1
1	88	5.556950543495	1
1	94	5.722635041323	1
1	107	6.070603967185	1
1	115	6.208461326522	1
1	128	6.521387107751	1
1	131	6.562219398936	1
1	133	6.595869790744	2
1	149	6.840510205238	1
1	159	6.981168798916	1
1	162	6.988386028337	1
1	177	7.300196520684	1
1	189	7.637821662849	1
1	203	8.14948556524	1
1	216	9.063455140093	1
1	227	9.796194676594	1
1	233	9.976973609014	1
1	244	10.192773318821	1
1	256	10.417382471425	1
1	259	10.448077281643	1
1	275	10.95291967659	1
1	283	11.105866524102	1
1	298	11.607935762553	1
1	309	12.68948349699	1
1	320	13.222406520743	1
1	326	13.330414080529	1
1	335	13.521487029098	1
1	347	13.79225482576	1
1	361	14.985898952908	1
1	372	16.190386541671	1
1	378	16.327457797499	1
1	381	16.338804302809	1
1	399	16.964011772693	1
1	412	17.376960563232	1
1	418	17.509363555764	1
1	433	18.858610037297	1
1	444	19.716214642172	1
1	450	19.834005830583	1
1	456	19.920056803444	1
1	469	20.277877711416	1
1	483	20.981808264271	1
1	494	22.061046600963	1
1	505	23.309643723647	1
1	508	23.373954015211	1
1	520	23.642020977931	1
1	532	23.975517826005	1
1	543	24.194021334956	1
1	556	24.818592147806	1
1	562	25.017649614839	1
1	577	25.515204226129	1
1	580	25.611896795848	1
1	592	25.895688101886	1
1	597	25.943337383307	1
1	602	26.046487895639	1
1	618	26.343042549291	1
1	628	26.646723892614	1
1	640	27.074741388721	1
1	651	27.284363926629	1
1	664	28.64382120353	1
1	673	28.935844713769	1
1	681	29.128836879712	1
1	692	29.333826930782	1
1	700	29.479480706004	1
1	716	30.298324487445	1
1	725	30.564501362591	1
1	738	31.223217115421	1
1	749	32.648832270042	1
1	755	32.818423724132	1
1	761	32.907494514782	1
1	776	33.290036913515	1
1	779	33.359330491514	1
1	791	33.504694730008	1
1	794	33.543935651184	1
1	809	33.815294366864	1
1	821	34.171866413508	1
1	829	34.367785408784	1
1	839	34.534900549144	1
1	853	35.016936110896	1
1	861	35.166465987172	1
1	872	35.374632785712	1
1	886	36.516834348751	1
1	895	36.793362891904	1
1	906	37.048962720849	1
1	919	37.620712347547	1
1	928	37.86487638907	1
1	939	38.104598831573	1
1	952	40.032743192377	1
1	963	41.098781257407	1
1	974	41.808788513528	1
1	977	41.898339346338	1
1	987	42.087580434693	1
1	1003	42.695704274488	1
1	1009	42.856426032175	1
1	1022	43.103398968968	1
1	1033	43.418888984384	1
1	1044	43.669051360135	1
1	1057	44.108336364322	1
1	1068	44.561108533968	1
1	1079	45.042583390674	1
1	1088	45.375602363257	1
1	1096	45.510574416617	1
1	1107	45.751751262892	1
1	1119	45.985539082104	1
1	1122	45.986181636329	1
1	1138	46.48135991973	1
1	1141	46.524919862627	1
1	1155	46.785437631153	1
1	1169	47.341542331563	1
1	1180	48.02646379775	1
1	1189	48.360842475	1
1	1202	48.880144860023	1
1	1213	49.416209857574	1
1	1224	50.016673757269	1
1	1235	51.416873311487	1
1	1244	51.719369409334	1
1	1257	52.236231211355	1
1	1268	53.621748455086	1
1	1271	53.646314895816	1
1	1273	53.721432340533	2
1	1283	53.887663366859	1
1	1299	54.358951841837	1
1	1311	54.763027868952	1
1	1322	55.129831606904	1
1	1330	55.250448187886	1
1	1345	56.163493047559	1
1	1356	57.671703650733	1
1	1359	57.741476345989	1
1	1375	59.047061013201	1
1	1384	59.314376294578	1
1	1397	60.163308323124	1
1	1408	60.64775908931	1
1	1417	60.935431854511	1
1	1430	61.423164874644	1
1	1441	62.251999063175	1
1	1452	63.072647341003	1
1	1455	63.135890107872	1
1	1469	63.478105718544	1
1	1475	63.644259258506	1
1	1478	63.662463294031	1
1	1494	63.94225100636	1
1	1499	63.987467779032	1
1	1516	64.596859401872	1
1	1529	65.31862698628	1
1	1538	65.617963407088	1
1	1549	65.849629878952	1
1	1552	65.915868550724	1
1	1568	66.432075317623	1
1	1576	66.621475019632	1
1	1589	66.935125730777	1
1	1597	67.11161250397	1
1	1610	67.339372355687	1
1	1616	67.500145453685	1
1	1633	68.193560828284	1
1	1636	68.274976723314	1
1	1652	69.635245102215	1
1	1661	69.87643409342	1
1	1667	70.010689279249	1
1	1682	70.27818090859	1
1	1693	70.608356126615	1
1	1706	71.279401616994	1
1	1717	72.190983771877	1
1	1728	72.90718232026	1
1	1737	73.183934302838	1
1	1748	73.516466775895	1
1	1751	73.568909788847	1
1	1765	73.846719101755	1
1	1779	74.568726579166	1
1	1790	75.246444822628	1
1	1799	75.556492136793	1
1	1812	76.538809668011	1
1	1815	76.637638266249	1
1	1831	77.143294347747	1
1	1842	78.082930180258	1
1	1853	78.808256392679	1
1	1859	78.948752302395	1
1	1874	80.208171167915	1
1	1880	80.329858505805	1
1	1883	80.348535919398	1
1	1895	80.558307796282	1
1	1913	81.496481228561	1
1	1922	81.715902794873	1
1	1928	81.861586656199	1
1	1939	81.981010649088	1
1	1951	82.27162707373	1
1	1956	82.35861974546	1
1	1973	83.075637344912	1
1	1982	83.304389608018	1
1	1995	83.87281371291	1
1	2006	84.702082248292	1
1	2009	84.773708185237	1
1	2025	85.46904776646	1
1	2036	85.952858442193	1
1	2047	86.413578892566	1
1	2050	86.445873947407	1
1	2062	86.7542197314	1
1	2070	86.952993911124	1
1	2084	87.241291196128	1
1	2097	87.99537219957	1
1	2106	88.284677354767	1
1	2117	88.535822530619	1
1	2130	89.829519463799	1
1	2141	90.241686561866	1
1	2152	90.844076791971	1
1	2163	91.430222654293	1
1	2166	91.449330500279	1
1	2182	92.224069326214	1
1	2193	92.862128981482	1
1	2204	93.505298233236	1
1	2213	93.829439944054	1
1	2216	93.832665954498	1
1	2220	93.921105790012	2
1	2234	94.166432329054	1
1	2246	94.390344659357	1
1	2258	94.670249554275	1
1	2272	95.933240413193	1
1	2275	95.958934993116	1
1	2280	96.066675600303	1
1	2295	96.417526550538	1
1	2309	97.172731059356	1
1	2320	97.593890019692	1
1	2329	97.826506335108	1
1	2342	98.619810952936	1
1	2351	99.017445432198	1
1	2364	100.29725858318	1
1	2367	100.389865679272	1
1	2372	100.451576618565	1
1	2391	101.20444025186	1
1	2397	101.322306156441	1
1	2410	101.713590268147	1
1	2423	102.19794210854	1
1	2432	102.464465996966	1
1	2435	102.528415396594	1
1	2453	103.248366200401	1
1	2459	103.362533044222	1
1	2472	103.716169512213	1
1	2483	104.101073793115	1
1	2494	104.344974190317	1
1	2497	104.428564353962	1
1	2499	104.437268490482	2
1	2521	105.123210916019	1
1	2534	105.641294674842	1
1	2545	106.516427762279	1
1	2554	106.81775763452	1
1	2557	106.833172043134	1
1	2564	106.94531420229	1
1	2579	107.287613774329	1
1	2591	107.647485609782	1
1	2604	108.36492497536	1
1	2613	108.697646841699	1
1	2626	110.360163896084	1
1	2635	110.661014537366	1
1	2643	110.8052672202	1
1	2652	110.942611767623	1
1	2657	111.025972968044	1
1	2672	111.363141892023	1
1	2686	112.305055964651	1
1	2697	114.179173976138	1
1	2708	115.2586802787	1
1	2719	115.698165552626	1
1	2722	115.797194535683	1
1	2736	116.244069514328	1
1	2747	116.506218775233	1
1	2760	117.589658797706	1
1	2771	118.161260982925	1
1	2782	119.63903133103	1
1	2793	120.478983082488	1
1	2802	120.874855858632	1
1	2807	120.957770066199	1
1	2812	121.038860559947	1
1	2829	121.530950011941	1
1	2840	121.754560294038	1
1	2853	122.496791772739	1
1	2864	123.798354898024	1
1	2873	124.15739757685	1
1	2881	124.346697656679	1
1	2887	124.427690583133	1
1	2904	124.977148903941	1
1	2907	124.993427793221	1
1	2917	125.27312367692	1
1	2927	125.421910165703	1
1	2939	125.641982194674	1
1	2953	126.384296552084	1
1	2962	126.722558472093	1
1	2965	126.743168117239	1
1	2983	127.519072180053	1
1	2986	127.522784879588	1
1	3000	127.980628236395	1
1	3011	128.182595574018	1
1	3024	129.076728674911	1
1	3027	129.106310028989	1
1	3041	129.561855894951	1
1	3044	129.634717535846	1
1	3062	132.901827525264	1
1	3065	132.912386096492	1
1	3077	133.240595844098	1
1	3089	133.575328717942	1
1	3097	133.753945700963	1
1	3112	134.290804417295	1
1	3115	134.337603684034	1
1	3125	134.588236998845	1
1	3139	134.964652202139	1
1	3142	135.029690394704	1
1	3149	135.138741811753	1
1	3160	135.319869204071	1
1	3163	135.325206585909	1
1	3180	135.726805495823	1
1	3188	135.886805065543	1
1	3206	137.157827896682	1
1	3209	137.175718715803	1
1	3225	139.380978450078	1
1	3236	141.063371215622	1
1	3242	141.187817892106	1
1	3255	141.548601796819	1
1	3258	141.55338812017	1
1	3260	141.586876123813	2
1	3284	142.385954887254	1
1	3290	142.572983079001	1
1	3305	143.748386518149	1
1	3311	143.873604910722	1
1	3324	144.149726412056	1
1	3327	144.200829147212	1
1	3345	144.865014200714	1
1	3356	145.527015638906	1
1	3367	146.432146512543	1
1	3373	146.626415475275	1
1	3388	147.049695079471	1
1	3391	147.143211853776	1
1	3407	148.070498460104	1
1	3418	149.167536824854	1
1	3421	149.178423826076	1
1	3437	150.066880690653	1
1	3443	150.209484959262	1
1	3454	150.438530921734	1
1	3462	150.584623338009	1
1	3476	150.940303070729	1
1	3479	150.998151604843	1
1	3493	151.267485540977	1
1	3507	152.35464252832	1
1	3518	152.886930075894	1
1	3521	152.90084055002	1
1	3526	153.009111756794	1
1	3543	153.51151586941	1
1	3551	153.687585014005	1
1	3557	153.720890527469	1
1	3574	154.326888378476	1
1	3583	154.528266693949	1
1	3586	154.618982478318	1
1	3600	154.862637626523	1
1	3614	155.398497519886	1
1	3617	155.488571750683	1
1	3631	155.825216718571	1
1	3642	156.156454579857	1
1	3647	156.25602119798	1
1	3661	156.600586266247	1
1	3674	157.073603219699	1
1	3680	157.245199320512	1
1	3693	157.566001553252	1
1	3706	158.167172809371	1
1	3717	158.69280966132	1
1	3720	158.771377133816	1
1	3734	159.154765495115	1
1	3737	159.250985572914	1
1	3755	159.91257132448	1
1	3761	160.109557536257	1
1	3774	160.334245226994	1
1	3785	160.548184261551	1
1	3798	161.981088551471	1
1	3804	162.085052907803	1
1	3819	163.803635783099	1
1	3830	164.933010915849	1
1	3836	165.037312898249	1
1	3851	165.829675135228	1
1	3860	166.120494873367	1
1	3863	166.171358678112	1
1	3881	166.874000573055	1
1	3890	167.081549476497	1
1	3893	167.143151277683	1
1	3898	167.262329164835	1
1	3919	168.051822853294	1
1	3928	168.321732864067	1
1	3934	168.443713793811	1
1	3945	168.589244730351	1
1	3961	169.859541892446	1
1	3970	170.173087270066	1
1	3983	170.946395050428	1
1	3994	172.097859238525	1
1	3997	172.121775477186	1
1	4007	172.338717892458	1
1	4010	172.339553257325	1
1	4027	172.812138237956	1
1	4032	172.899782757867	1
1	4047	173.307214105355	1
1	4058	173.655114744704	1
1	4071	174.282477423566	1
1	4080	174.629978870198	1
1	4083	174.658620742844	1
1	4097	174.981256301105	1
1	4111	175.59586652569	1
1	4117	175.720659247105	1
1	4132	177.03641161648	1
1	4135	177.039199762863	1
1	4149	177.455553009472	1
1	4162	178.063933963411	1
1	4168	178.216523370877	1
1	4181	178.485308324389	1
1	4194	178.987448906036	1
1	4205	179.922171208559	1
1	4216	180.48240510807	1
1	4225	180.702597920636	1
1	4238	181.183388482031	1
1	4241	181.185264461013	1
1	4243	181.25677578199	2
1	4248	181.328170982682	2
1	4273	182.961531091736	1
1	4276	182.978341888908	1
1	4292	184.37768458421	1
1	4298	184.520660059451	1
1	4309	184.769390454481	1
1	4317	184.906484101047	1
1	4331	185.311713257473	1
1	4344	185.734568419153	1
1	4347	185.752764244606	1
1	4349	185.824995880025	2
1	4371	187.839717096408	1
1	4377	187.944481248237	1
1	4392	188.713013897477	1
1	4403	189.287903746671	1
1	4414	189.743295842301	1
1	4420	189.883431252257	1
1	4435	190.52767212152	1
1	4438	190.619669824629	1
1	4443	190.713401130482	1
1	4462	191.461576443234	1
1	4468	191.627028081104	1
1	4474	191.669979423781	1
1	4479	191.7972777285	1
1	4485	191.859774816085	1
1	4503	192.267682708797	1
1	4515	192.779861453095	1
1	4518	192.823244204312	1
1	4532	193.091941581746	1
1	4546	194.108771133603	1
1	4555	194.330956018023	1
1	4566	194.610140403581	1
1	4579	195.098054305541	1
1	4588	195.362856421852	1
1	4591	195.367598915635	1
1	4593	195.41737298622	2
1	4600	195.553794980961	2
1	4621	196.073490096313	1
1	4635	196.701365986808	1
1	4646	197.465326498819	1
1	4657	198.712906793004	1
1	4668	199.159773559364	1
1	4679	199.666491055416	1
1	4685	199.791186829635	1
2	5	0.135819610161	1
2	14	0.251881348769	1
2	26	0.933072759363	1
2	35	1.105941245725	1
2	45	1.365583079315	1
2	58	3.087686342986	1
2	69	3.666124683246	1
2	78	3.939744161821	1
2	91	5.657050543495	1
2	100	5.822735041323	1
2	112	6.170703967185	1
2	121	6.308561326522	1
2	135	6.621487107751	1
2	140	6.721487107751	1
2	145	6.821487107751	1
2	156	6.940610205238	1
2	166	7.081268798916	1
2	171	7.181268798916	1
2	182	7.400296520684	1
2	194	7.737921662849	1
2	206	8.24958556524	1
2	219	9.163555140093	1
2	230	9.896294676594	1
2	239	10.077073609014	1
2	249	10.292873318821	1
2	261	10.517482471425	1
2	266	10.617482471425	1
2	280	11.05301967659	1
2	289	11.205966524102	1
2	301	11.708035762553	1
2	312	12.78958349699	1
2	323	13.322506520743	1
2	332	13.430514080529	1
2	340	13.621587029098	1
2	352	13.89235482576	1
2	364	15.085998952908	1
2	375	16.290486541671	1
2	386	16.427557797499	1
2	389	16.527557797499	1
2	404	17.064111772693	1
2	415	17.477060563232	1
2	424	17.609463555764	1
2	436	18.958710037297	1
2	447	19.816314642172	1
2	458	19.934105830583	1
2	461	20.034105830583	1
2	474	20.377977711416	1
2	486	21.081908264271	1
2	497	22.161146600963	1
2	510	23.409743723647	1
2	513	23.509743723647	1
2	525	23.742120977931	1
2	535	24.075617826005	1
2	546	24.294121334956	1
2	559	24.918692147806	1
2	568	25.117749614839	1
2	582	25.615304226129	1
2	585	25.715304226129	1
2	599	25.995788101886	1
2	604	26.095788101886	1
2	610	26.195788101886	1
2	621	26.443142549291	1
2	633	26.746823892614	1
2	645	27.174841388721	1
2	654	27.384463926629	1
2	667	28.74392120353	1
2	676	29.035944713769	1
2	687	29.228936879712	1
2	697	29.433926930782	1
2	707	29.579580706004	1
2	719	30.398424487445	1
2	728	30.664601362591	1
2	741	31.323317115421	1
2	752	32.748932270042	1
2	763	32.918523724132	1
2	766	33.018523724132	1
2	781	33.390136913515	1
2	786	33.490136913515	1
2	798	33.604794730008	1
2	803	33.704794730008	1
2	814	33.915394366864	1
2	824	34.271966413508	1
2	834	34.467885408784	1
2	844	34.635000549144	1
2	858	35.117036110896	1
2	867	35.266565987172	1
2	877	35.474732785712	1
2	889	36.616934348751	1
2	898	36.893462891904	1
2	909	37.149062720849	1
2	922	37.720812347547	1
2	931	37.96497638907	1
2	942	38.204698831573	1
2	955	40.132843192377	1
2	966	41.198881257407	1
2	979	41.908888513528	1
2	982	42.008888513528	1
2	992	42.187680434693	1
2	1006	42.795804274488	1
2	1015	42.956526032175	1
2	1025	43.203498968968	1
2	1038	43.518988984384	1
2	1047	43.769151360135	1
2	1060	44.208436364322	1
2	1071	44.661208533968	1
2	1082	45.142683390674	1
2	1093	45.475702363257	1
2	1102	45.610674416617	1
2	1112	45.851851262892	1
2	1124	46.085639082104	1
2	1129	46.185639082104	1
2	1143	46.58145991973	1
2	1148	46.68145991973	1
2	1160	46.885537631153	1
2	1172	47.441642331563	1
2	1183	48.12656379775	1
2	1194	48.460942475	1
2	1205	48.980244860023	1
2	1216	49.516309857574	1
2	1227	50.116773757269	1
2	1238	51.516973311487	1
2	1249	51.819469409334	1
2	1260	52.336331211355	1
2	1275	53.721848455086	1
2	1278	53.821848455086	1
2	1285	53.921848455086	1
2	1289	54.021848455086	1
2	1304	54.459051841837	1
2	1316	54.863127868952	1
2	1327	55.229931606904	1
2	1336	55.350548187886	1
2	1348	56.263593047559	1
2	1361	57.771803650733	1
2	1364	57.871803650733	1
2	1378	59.147161013201	1
2	1387	59.414476294578	1
2	1400	60.263408323124	1
2	1411	60.74785908931	1
2	1420	61.035531854511	1
2	1433	61.523264874644	1
2	1444	62.352099063175	1
2	1457	63.172747341003	1
2	1460	63.272747341003	1
2	1472	63.578205718544	1
2	1485	63.744359258506	1
2	1488	63.844359258506	1
2	1501	64.04235100636	1
2	1506	64.14235100636	1
2	1521	64.696959401872	1
2	1532	65.41872698628	1
2	1541	65.718063407088	1
2	1554	65.949729878952	1
2	1559	66.049729878952	1
2	1573	66.532175317623	1
2	1582	66.721575019632	1
2	1594	67.035225730777	1
2	1603	67.21171250397	1
2	1613	67.439472355687	1
2	1624	67.600245453685	1
2	1638	68.293660828284	1
2	1641	68.393660828284	1
2	1655	69.735345102215	1
2	1664	69.97653409342	1
2	1675	70.110789279249	1
2	1685	70.37828090859	1
2	1698	70.708456126615	1
2	1709	71.379501616994	1
2	1720	72.291083771877	1
2	1731	73.00728232026	1
2	1740	73.284034302838	1
2	1755	73.616566775895	1
2	1758	73.716566775895	1
2	1770	73.946819101755	1
2	1782	74.668826579166	1
2	1793	75.346544822628	1
2	1804	75.656592136793	1
2	1817	76.638909668011	1
2	1820	76.738909668011	1
2	1834	77.243394347747	1
2	1845	78.183030180258	1
2	1856	78.908356392679	1
2	1865	79.048852302395	1
2	1877	80.308271167915	1
2	1888	80.429958505805	1
2	1891	80.529958505805	1
2	1902	80.658407796282	1
2	1916	81.596581228561	1
2	1925	81.816002794873	1
2	1936	81.961686656199	1
2	1944	82.081110649088	1
2	1958	82.37172707373	1
2	1961	82.47172707373	1
2	1976	83.175737344912	1
2	1985	83.404489608018	1
2	1998	83.97291371291	1
2	2011	84.802182248292	1
2	2014	84.902182248292	1
2	2028	85.56914776646	1
2	2039	86.052958442193	1
2	2052	86.513678892566	1
2	2055	86.613678892566	1
2	2067	86.8543197314	1
2	2077	87.053093911124	1
2	2087	87.341391196128	1
2	2100	88.09547219957	1
2	2109	88.384777354767	1
2	2120	88.635922530619	1
2	2133	89.929619463799	1
2	2144	90.341786561866	1
2	2155	90.944176791971	1
2	2168	91.530322654293	1
2	2171	91.630322654293	1
2	2185	92.324169326214	1
2	2196	92.962228981482	1
2	2207	93.605398233236	1
2	2222	93.929539944054	1
2	2225	94.029539944054	1
2	2230	94.129539944054	1
2	2241	94.266532329054	1
2	2251	94.490444659357	1
2	2261	94.770349554275	1
2	2277	96.033340413193	1
2	2282	96.133340413193	1
2	2287	96.233340413193	1
2	2298	96.517626550538	1
2	2312	97.272831059356	1
2	2323	97.693990019692	1
2	2332	97.926606335108	1
2	2345	98.719910952936	1
2	2356	99.117545432198	1
2	2369	100.39735858318	1
2	2374	100.49735858318	1
2	2379	100.59735858318	1
2	2394	101.30454025186	1
2	2403	101.422406156441	1
2	2415	101.813690268147	1
2	2426	102.29804210854	1
2	2437	102.564565996966	1
2	2442	102.664565996966	1
2	2456	103.348466200401	1
2	2465	103.462633044222	1
2	2475	103.816269512213	1
2	2488	104.201173793115	1
2	2501	104.445074190317	1
2	2506	104.545074190317	1
2	2511	104.645074190317	1
2	2526	105.223310916019	1
2	2537	105.741394674842	1
2	2548	106.616527762279	1
2	2561	106.91785763452	1
2	2566	107.01785763452	1
2	2571	107.11785763452	1
2	2582	107.387713774329	1
2	2594	107.747585609782	1
2	2607	108.46502497536	1
2	2618	108.797746841699	1
2	2629	110.460263896084	1
2	2640	110.761114537366	1
2	2649	110.9053672202	1
2	2659	111.042711767623	1
2	2664	111.142711767623	1
2	2677	111.463241892023	1
2	2689	112.405155964651	1
2	2700	114.279273976138	1
2	2711	115.3587802787	1
2	2724	115.798265552626	1
2	2727	115.898265552626	1
2	2741	116.344169514328	1
2	2750	116.606318775233	1
2	2763	117.689758797706	1
2	2774	118.261360982925	1
2	2785	119.73913133103	1
2	2796	120.579083082488	1
2	2809	120.974955858632	1
2	2814	121.074955858632	1
2	2819	121.174955858632	1
2	2832	121.631050011941	1
2	2843	121.854660294038	1
2	2856	122.596891772739	1
2	2867	123.898454898024	1
2	2878	124.25749757685	1
2	2889	124.446797656679	1
2	2892	124.546797656679	1
2	2909	125.077248903941	1
2	2912	125.177248903941	1
2	2922	125.37322367692	1
2	2932	125.522010165703	1
2	2942	125.742082194674	1
2	2956	126.484396552084	1
2	2969	126.822658472093	1
2	2972	126.922658472093	1
2	2988	127.619172180053	1
2	2991	127.719172180053	1
2	3003	128.080728236395	1
2	3014	128.282695574018	1
2	3029	129.176828674911	1
2	3032	129.276828674911	1
2	3046	129.661955894951	1
2	3051	129.761955894951	1
2	3067	133.001927525264	1
2	3070	133.101927525264	1
2	3082	133.340695844098	1
2	3092	133.675428717942	1
2	3103	133.854045700963	1
2	3117	134.390904417295	1
2	3120	134.490904417295	1
2	3130	134.688336998845	1
2	3144	135.064752202139	1
2	3151	135.164752202139	1
2	3156	135.264752202139	1
2	3169	135.419969204071	1
2	3172	135.519969204071	1
2	3185	135.826905495823	1
2	3195	135.986905065543	1
2	3211	137.257927896682	1
2	3214	137.357927896682	1
2	3228	139.481078450078	1
2	3239	141.163471215622	1
2	3248	141.287917892106	1
2	3262	141.648701796819	1
2	3267	141.748701796819	1
2	3272	141.848701796819	1
2	3287	142.486054887254	1
2	3296	142.673083079001	1
2	3308	143.848486518149	1
2	3317	143.973704910722	1
2	3329	144.249826412056	1
2	3334	144.349826412056	1
2	3348	144.965114200714	1
2	3359	145.627115638906	1
2	3370	146.532246512543	1
2	3379	146.726515475275	1
2	3393	147.149795079471	1
2	3396	147.249795079471	1
2	3410	148.170598460104	1
2	3423	149.267636824854	1
2	3426	149.367636824854	1
2	3440	150.166980690653	1
2	3449	150.309584959262	1
2	3459	150.538630921734	1
2	3469	150.684723338009	1
2	3481	151.040403070729	1
2	3486	151.140403070729	1
2	3498	151.367585540977	1
2	3510	152.45474252832	1
2	3523	152.987030075894	1
2	3528	153.087030075894	1
2	3533	153.187030075894	1
2	3546	153.61161586941	1
2	3559	153.787685014005	1
2	3562	153.887685014005	1
2	3577	154.426988378476	1
2	3588	154.628366693949	1
2	3593	154.728366693949	1
2	3605	154.962737626523	1
2	3619	155.498597519886	1
2	3622	155.598597519886	1
2	3634	155.925316718571	1
2	3649	156.256554579857	1
2	3652	156.356554579857	1
2	3664	156.700686266247	1
2	3677	157.173703219699	1
2	3686	157.345299320512	1
2	3696	157.666101553252	1
2	3709	158.267272809371	1
2	3722	158.79290966132	1
2	3725	158.89290966132	1
2	3739	159.254865495115	1
2	3744	159.354865495115	1
2	3758	160.01267132448	1
2	3767	160.209657536257	1
2	3777	160.434345226994	1
2	3788	160.648284261551	1
2	3801	162.081188551471	1
2	3810	162.185152907803	1
2	3822	163.903735783099	1
2	3833	165.033110915849	1
2	3842	165.137412898249	1
2	3854	165.929775135228	1
2	3865	166.220594873367	1
2	3870	166.320594873367	1
2	3884	166.974100573055	1
2	3895	167.181649476497	1
2	3902	167.281649476497	1
2	3907	167.381649476497	1
2	3922	168.151922853294	1
2	3931	168.421832864067	1
2	3942	168.543813793811	1
2	3950	168.689344730351	1
2	3964	169.959641892446	1
2	3975	170.273187270066	1
2	3986	171.046495050428	1
2	3999	172.197959238525	1
2	4002	172.297959238525	1
2	4014	172.438817892458	1
2	4019	172.538817892458	1
2	4034	172.912238237956	1
2	4037	173.012238237956	1
2	4050	173.407314105355	1
2	4063	173.755214744704	1
2	4074	174.382577423566	1
2	4087	174.730078870198	1
2	4090	174.830078870198	1
2	4102	175.081356301105	1
2	4114	175.69596652569	1
2	4123	175.820759247105	1
2	4137	177.13651161648	1
2	4140	177.23651161648	1
2	4152	177.555653009472	1
2	4165	178.164033963411	1
2	4174	178.316623370877	1
2	4184	178.585408324389	1
2	4197	179.087548906036	1
2	4208	180.022271208559	1
2	4219	180.58250510807	1
2	4228	180.802697920636	1
2	4245	181.283488482031	1
2	4250	181.383488482031	1
2	4255	181.483488482031	1
2	4259	181.583488482031	1
2	4278	183.061631091736	1
2	4281	183.161631091736	1
2	4295	184.47778458421	1
2	4304	184.620760059451	1
2	4314	184.869490454481	1
2	4324	185.006584101047	1
2	4336	185.411813257473	1
2	4351	185.834668419153	1
2	4354	185.934668419153	1
2	4359	186.034668419153	1
2	4374	187.939817096408	1
2	4383	188.044581248237	1
2	4395	188.813113897477	1
2	4406	189.388003746671	1
2	4417	189.843395842301	1
2	4426	189.983531252257	1
2	4440	190.62777212152	1
2	4445	190.72777212152	1
2	4450	190.82777212152	1
2	4465	191.561676443234	1
2	4476	191.727128081104	1
2	4481	191.827128081104	1
2	4489	191.927128081104	1
2	4493	192.027128081104	1
2	4506	192.367782708797	1
2	4522	192.879961453095	1
2	4525	192.979961453095	1
2	4537	193.192041581746	1
2	4549	194.208871133603	1
2	4558	194.431056018023	1
2	4569	194.710240403581	1
2	4582	195.198154305541	1
2	4595	195.462956421852	1
2	4602	195.562956421852	1
2	4607	195.662956421852	1
2	4611	195.762956421852	1
2	4626	196.173590096313	1
2	4638	196.801465986808	1
2	4649	197.565426498819	1
2	4660	198.813006793004	1
2	4671	199.259873559364	1
2	4682	199.766591055416	1
2	4691	199.891286829635	1
3	11	0.235919610161	1
3	17	0.351981348769	1
3	32	1.033172759363	1
3	38	1.206041245725	1
3	50	1.465683079315	1
3	61	3.187786342986	1
3	72	3.766224683246	1
3	83	4.039844161821	1
3	97	5.757150543495	1
3	103	5.922835041323	1
3	118	6.270803967185	1
3	124	6.408661326522	1
3	142	6.721587107751	1
3	147	6.821587107751	1
3	154	6.921587107751	1
3	164	7.040710205238	2
3	173	7.181368798916	2
3	175	7.281368798916	3
3	185	7.500396520684	3
3	197	7.838021662849	2
3	211	8.34968556524	1
3	222	9.263655140093	1
3	236	9.996394676594	1
3	242	10.177173609014	1
3	252	10.392973318821	1
3	268	10.617582471425	1
3	271	10.717582471425	1
3	286	11.15311967659	1
3	292	11.306066524102	1
3	304	11.808135762553	1
3	315	12.88968349699	1
3	329	13.422606520743	1
3	338	13.530614080529	1
3	345	13.721687029098	1
3	355	13.99245482576	1
3	367	15.186098952908	1
3	383	16.390586541671	1
3	391	16.527657797499	1
3	395	16.627657797499	1
3	407	17.164211772693	1
3	421	17.577160563232	1
3	427	17.709563555764	1
3	439	19.058810037297	1
3	453	19.916414642172	1
3	463	20.034205830583	1
3	467	20.134205830583	1
3	477	20.478077711416	1
3	489	21.182008264271	1
3	500	22.261246600963	1
3	515	23.509843723647	1
3	518	23.609843723647	1
3	528	23.842220977931	1
3	540	24.175717826005	1
3	551	24.394221334956	1
3	565	25.018792147806	1
3	571	25.217849614839	1
3	587	25.715404226129	1
3	590	25.815404226129	1
3	606	26.095888101886	1
3	612	26.195888101886	1
3	614	26.295888101886	2
3	626	26.543242549291	1
3	636	26.846923892614	1
3	648	27.274941388721	1
3	659	27.484563926629	1
3	670	28.84402120353	1
3	684	29.136044713769	1
3	690	29.329036879712	1
3	703	29.534026930782	1
3	710	29.679680706004	1
3	722	30.498524487445	1
3	733	30.764701362591	1
3	744	31.423417115421	1
3	758	32.849032270042	1
3	768	33.018623724132	1
3	772	33.118623724132	1
3	788	33.490236913515	1
3	796	33.590236913515	1
3	805	33.704894730008	1
3	807	33.804894730008	2
3	817	34.015494366864	2
3	832	34.372066413508	1
3	842	34.567985408784	1
3	849	34.735100549144	1
3	864	35.217136110896	1
3	870	35.366665987172	1
3	880	35.574832785712	1
3	892	36.717034348751	1
3	903	36.993562891904	1
3	914	37.249162720849	1
3	925	37.820912347547	1
3	936	38.06507638907	1
3	947	38.304798831573	1
3	958	40.232943192377	1
3	969	41.298981257407	1
3	984	42.008988513528	1
3	990	42.108988513528	1
3	997	42.287780434693	1
3	1012	42.895904274488	1
3	1018	43.056626032175	1
3	1030	43.303598968968	1
3	1041	43.619088984384	1
3	1052	43.869251360135	1
3	1063	44.308536364322	1
3	1074	44.761308533968	1
3	1085	45.242783390674	1
3	1099	45.575802363257	1
3	1105	45.710774416617	1
3	1115	45.951951262892	1
3	1131	46.185739082104	1
3	1134	46.285739082104	1
3	1150	46.68155991973	1
3	1153	46.78155991973	1
3	1163	46.985637631153	1
3	1175	47.541742331563	1
3	1186	48.22666379775	1
3	1197	48.561042475	1
3	1208	49.080344860023	1
3	1219	49.616409857574	1
3	1230	50.216873757269	1
3	1241	51.617073311487	1
3	1252	51.919569409334	1
3	1263	52.436431211355	1
3	1280	53.821948455086	1
3	1287	53.921948455086	1
3	1293	54.021948455086	1
3	1295	54.121948455086	2
3	1307	54.559151841837	1
3	1319	54.963227868952	1
3	1333	55.330031606904	1
3	1339	55.450648187886	1
3	1351	56.363693047559	1
3	1366	57.871903650733	1
3	1369	57.971903650733	1
3	1381	59.247261013201	1
3	1392	59.514576294578	1
3	1403	60.363508323124	1
3	1414	60.84795908931	1
3	1425	61.135631854511	1
3	1436	61.623364874644	1
3	1447	62.452199063175	1
3	1462	63.272847341003	1
3	1465	63.372847341003	1
3	1482	63.678305718544	1
3	1490	63.844459258506	1
3	1497	63.944459258506	1
3	1508	64.14245100636	1
3	1510	64.24245100636	2
3	1524	64.797059401872	1
3	1535	65.51882698628	1
3	1546	65.818163407088	1
3	1561	66.049829878952	1
3	1564	66.149829878952	1
3	1579	66.632275317623	1
3	1585	66.821675019632	1
3	1600	67.135325730777	1
3	1606	67.31181250397	1
3	1621	67.539572355687	1
3	1627	67.700345453685	1
3	1643	68.393760828284	1
3	1646	68.493760828284	1
3	1658	69.835445102215	1
3	1672	70.07663409342	1
3	1678	70.210889279249	1
3	1690	70.47838090859	1
3	1701	70.808556126615	1
3	1712	71.479601616994	1
3	1723	72.391183771877	1
3	1734	73.10738232026	1
3	1745	73.384134302838	1
3	1760	73.716666775895	1
3	1763	73.816666775895	1
3	1773	74.046919101755	1
3	1785	74.768926579166	1
3	1796	75.446644822628	1
3	1807	75.756692136793	1
3	1822	76.739009668011	1
3	1825	76.839009668011	1
3	1837	77.343494347747	1
3	1848	78.283130180258	1
3	1862	79.008456392679	1
3	1868	79.148952302395	1
3	1885	80.408371167915	1
3	1893	80.530058505805	1
3	1900	80.630058505805	1
3	1905	80.758507796282	2
3	1919	81.696681228561	1
3	1933	81.916102794873	1
3	1942	82.061786656199	1
3	1949	82.181210649088	1
3	1963	82.47182707373	1
3	1967	82.57182707373	1
3	1979	83.275837344912	1
3	1990	83.504589608018	1
3	2001	84.07301371291	1
3	2016	84.902282248292	1
3	2019	85.002282248292	1
3	2031	85.66924776646	1
3	2042	86.153058442193	1
3	2057	86.613778892566	1
3	2060	86.713778892566	1
3	2073	86.9544197314	1
3	2080	87.153193911124	1
3	2092	87.441491196128	1
3	2103	88.19557219957	1
3	2114	88.484877354767	1
3	2125	88.736022530619	1
3	2136	90.029719463799	1
3	2147	90.441886561866	1
3	2158	91.044276791971	1
3	2173	91.630422654293	1
3	2176	91.730422654293	1
3	2188	92.424269326214	1
3	2199	93.062328981482	1
3	2210	93.705498233236	1
3	2227	94.029639944054	1
3	2232	94.129639944054	1
3	2239	94.229639944054	1
3	2244	94.366632329054	2
3	2254	94.590544659357	2
3	2266	94.870449554275	1
3	2284	96.133440413193	1
3	2289	96.233440413193	1
3	2293	96.333440413193	1
3	2303	96.617726550538	1
3	2315	97.372931059356	1
3	2326	97.794090019692	1
3	2337	98.026706335108	1
3	2348	98.820010952936	1
3	2359	99.217645432198	1
3	2376	100.49745858318	1
3	2381	100.59745858318	1
3	2385	100.69745858318	1
3	2400	101.40464025186	1
3	2406	101.522506156441	1
3	2418	101.913790268147	1
3	2429	102.39814210854	1
3	2444	102.664665996966	1
3	2447	102.764665996966	1
3	2462	103.448566200401	1
3	2468	103.562733044222	1
3	2480	103.916369512213	1
3	2491	104.301273793115	1
3	2508	104.545174190317	1
3	2513	104.645174190317	1
3	2517	104.745174190317	1
3	2529	105.323410916019	1
3	2540	105.841494674842	1
3	2551	106.716627762279	1
3	2568	107.01795763452	1
3	2573	107.11795763452	1
3	2577	107.21795763452	1
3	2587	107.487813774329	1
3	2599	107.847685609782	1
3	2610	108.56512497536	1
3	2621	108.897846841699	1
3	2632	110.560363896084	1
3	2646	110.861214537366	1
3	2655	111.0054672202	1
3	2666	111.142811767623	1
3	2668	111.242811767623	2
3	2680	111.563341892023	1
3	2692	112.505255964651	1
3	2703	114.379373976138	1
3	2714	115.4588802787	1
3	2729	115.898365552626	1
3	2732	115.998365552626	1
3	2744	116.444269514328	1
3	2755	116.706418775233	1
3	2766	117.789858797706	1
3	2777	118.361460982925	1
3	2788	119.83923133103	1
3	2799	120.679183082488	1
3	2816	121.075055858632	1
3	2821	121.175055858632	1
3	2825	121.275055858632	1
3	2837	121.731150011941	1
3	2848	121.954760294038	1
3	2859	122.696991772739	1
3	2870	123.998554898024	1
3	2884	124.35759757685	1
3	2894	124.546897656679	1
3	2898	124.646897656679	1
3	2914	125.177348903941	1
3	2920	125.277348903941	1
3	2930	125.47332367692	1
3	2937	125.622110165703	1
3	2947	125.842182194674	1
3	2959	126.584496552084	1
3	2974	126.922758472093	1
3	2977	127.022758472093	1
3	2993	127.719272180053	1
3	2996	127.819272180053	1
3	3008	128.180828236395	1
3	3019	128.382795574018	1
3	3034	129.276928674911	1
3	3037	129.376928674911	1
3	3053	129.762055894951	1
3	3056	129.862055894951	1
3	3072	133.102027525264	1
3	3075	133.202027525264	1
3	3085	133.440795844098	1
3	3100	133.775528717942	1
3	3106	133.954145700963	1
3	3122	134.491004417295	1
3	3128	134.591004417295	1
3	3135	134.788436998845	1
3	3153	135.164852202139	1
3	3158	135.264852202139	1
3	3167	135.364852202139	1
3	3174	135.520069204071	2
3	3178	135.620069204071	2
3	3191	135.927005495823	2
3	3198	136.087005065543	2
3	3216	137.358027896682	1
3	3219	137.458027896682	1
3	3231	139.581178450078	1
3	3245	141.263571215622	1
3	3251	141.388017892106	1
3	3269	141.748801796819	1
3	3274	141.848801796819	1
3	3278	141.948801796819	1
3	3293	142.586154887254	1
3	3299	142.773183079001	1
3	3314	143.948586518149	1
3	3320	144.073804910722	1
3	3336	144.349926412056	1
3	3339	144.449926412056	1
3	3351	145.065214200714	1
3	3362	145.727215638906	1
3	3376	146.632346512543	1
3	3382	146.826615475275	1
3	3398	147.249895079471	1
3	3401	147.349895079471	1
3	3413	148.270698460104	1
3	3428	149.367736824854	1
3	3431	149.467736824854	1
3	3446	150.267080690653	1
3	3452	150.409684959262	1
3	3465	150.638730921734	1
3	3472	150.784823338009	1
3	3488	151.140503070729	1
3	3491	151.240503070729	1
3	3501	151.467685540977	1
3	3513	152.55484252832	1
3	3530	153.087130075894	1
3	3535	153.187130075894	1
3	3539	153.287130075894	1
3	3554	153.71171586941	1
3	3564	153.887785014005	1
3	3568	153.987785014005	1
3	3580	154.527088378476	1
3	3595	154.728466693949	1
3	3598	154.828466693949	1
3	3608	155.062837626523	1
3	3624	155.598697519886	1
3	3627	155.698697519886	1
3	3639	156.025416718571	1
3	3654	156.356654579857	1
3	3657	156.456654579857	1
3	3669	156.800786266247	1
3	3683	157.273803219699	1
3	3689	157.445399320512	1
3	3701	157.766201553252	1
3	3712	158.367372809371	1
3	3727	158.89300966132	1
3	3730	158.99300966132	1
3	3746	159.354965495115	1
3	3749	159.454965495115	1
3	3764	160.11277132448	1
3	3770	160.309757536257	1
3	3782	160.534445226994	1
3	3793	160.748384261551	1
3	3807	162.181288551471	1
3	3813	162.285252907803	1
3	3825	164.003835783099	1
3	3839	165.133210915849	1
3	3845	165.237512898249	1
3	3857	166.029875135228	1
3	3872	166.320694873367	1
3	3875	166.420694873367	1
3	3887	167.074200573055	1
3	3904	167.281749476497	1
3	3909	167.381749476497	1
3	3913	167.481749476497	1
3	3925	168.252022853294	1
3	3939	168.521932864067	1
3	3948	168.643913793811	1
3	3955	168.789444730351	1
3	3967	170.059741892446	1
3	3978	170.373287270066	1
3	3989	171.146595050428	1
3	4004	172.298059238525	1
3	4012	172.398059238525	1
3	4021	172.538917892458	1
3	4023	172.638917892458	2
3	4039	173.012338237956	1
3	4043	173.112338237956	1
3	4055	173.507414105355	1
3	4066	173.855314744704	1
3	4077	174.482677423566	1
3	4092	174.830178870198	1
3	4095	174.930178870198	1
3	4105	175.181456301105	1
3	4120	175.79606652569	1
3	4126	175.920859247105	1
3	4142	177.23661161648	1
3	4145	177.33661161648	1
3	4157	177.655753009472	1
3	4171	178.264133963411	1
3	4177	178.416723370877	1
3	4189	178.685508324389	1
3	4200	179.187648906036	1
3	4211	180.122371208559	1
3	4222	180.68260510807	1
3	4233	180.902797920636	1
3	4252	181.383588482031	1
3	4257	181.483588482031	1
3	4263	181.583588482031	1
3	4265	181.683588482031	2
3	4283	183.161731091736	1
3	4286	183.261731091736	1
3	4301	184.57788458421	1
3	4307	184.720860059451	1
3	4320	184.969590454481	1
3	4327	185.106684101047	1
3	4339	185.511913257473	1
3	4356	185.934768419153	1
3	4361	186.034768419153	1
3	4365	186.134768419153	1
3	4380	188.039917096408	1
3	4386	188.144681248237	1
3	4398	188.913213897477	1
3	4409	189.488103746671	1
3	4423	189.943495842301	1
3	4429	190.083631252257	1
3	4447	190.72787212152	1
3	4452	190.82787212152	1
3	4456	190.92787212152	1
3	4471	191.661776443234	1
3	4483	191.827228081104	1
3	4491	191.927228081104	1
3	4495	192.027228081104	2
3	4499	192.127228081104	2
3	4511	192.467882708797	1
3	4527	192.980061453095	1
3	4530	193.080061453095	1
3	4540	193.292141581746	1
3	4552	194.308971133603	1
3	4563	194.531156018023	1
3	4574	194.810340403581	1
3	4585	195.298254305541	1
3	4604	195.563056421852	1
3	4609	195.663056421852	1
3	4615	195.763056421852	1
3	4617	195.863056421852	2
3	4629	196.273690096313	1
3	4641	196.901565986808	1
3	4652	197.665526498819	1
3	4663	198.913106793004	1
3	4674	199.359973559364	1
3	4688	199.866691055416	1
3	4694	199.991386829635	1
4	18	0.435919610161	0.4002
4	20	0.635919610161	0.484138261392
4	39	1.233172759363	0.4002
4	47	1.433172759363	0.427331513638
4	52	1.665683079315	0.4002
4	63	3.387786342986	0.4002
4	80	3.966224683246	0.4002
4	85	4.239844161821	0.4002
4	104	5.957150543495	0.4002
4	109	6.157150543495	0.434515502172
4	125	6.470803967185	0.4002
4	137	6.670803967185	0.462342640663
4	152	6.921587107751	0.4002
4	168	7.121587107751	0.559367708815
4	179	7.321587107751	0.725717317007
4	186	7.521587107751	0.681076902513
4	191	7.721587107751	0.740418308835
4	198	7.921587107751	0.933201079414
4	200	8.121587107751	0.821390587067
4	208	8.321587107751	0.683765444902
4	213	8.54968556524	0.4002
4	224	9.463655140093	0.4002
4	246	10.196394676594	0.4002
4	253	10.396394676594	0.41942106758
4	263	10.596394676594	0.403621357773
4	272	10.817582471425	0.4002
4	277	11.017582471425	0.569505189782
4	293	11.35311967659	0.4002
4	295	11.55311967659	0.447253152488
4	306	12.008135762553	0.4002
4	317	13.08968349699	0.4002
4	342	13.622606520743	0.4002
4	349	13.822606520743	0.492192440214
4	356	14.022606520743	0.501119491645
4	358	14.222606520743	0.430351694983
4	369	15.386098952908	0.4002
4	392	16.590586541671	0.4002
4	396	16.790586541671	0.463128744172
4	401	16.990586541671	0.651782238862
4	409	17.364211772693	0.4002
4	428	17.777160563232	0.4002
4	430	17.977160563232	0.467797007468
4	441	19.258810037297	0.4002
4	464	20.116414642172	0.4002
4	471	20.316414642172	0.482408811589
4	478	20.516414642172	0.596357838728
4	480	20.716414642172	0.438536930756
4	491	21.382008264271	0.4002
4	502	22.461246600963	0.4002
4	522	23.709843723647	0.4002
4	529	23.909843723647	0.535889708436
4	537	24.109843723647	0.467822745716
4	548	24.375717826005	0.4002
4	553	24.594221334956	0.4002
4	572	25.218792147806	0.4002
4	574	25.418792147806	0.401142532967
4	594	25.915404226129	0.4002
4	607	26.115404226129	0.503507430281
4	615	26.315404226129	0.419716124243
4	623	26.515404226129	0.572066842822
4	630	26.715404226129	0.66891633049
4	637	26.915404226129	0.572361676838
4	642	27.115404226129	0.468680333515
4	656	27.474941388721	0.4002
4	661	27.684563926629	0.4002
4	678	29.04402120353	0.4002
4	694	29.336044713769	0.4002
4	704	29.536044713769	0.407207834057
4	711	29.736044713769	0.402217782987
4	713	29.936044713769	0.456564007765
4	730	30.698524487445	0.4002
4	735	30.964701362591	0.4002
4	746	31.623417115421	0.4002
4	769	33.049032270042	0.4002
4	773	33.249032270042	0.43060854591
4	783	33.449032270042	0.54153775526
4	800	33.690236913515	0.4002
4	811	33.890236913515	0.530906422001
4	818	34.090236913515	0.585542183507
4	826	34.290236913515	0.746301262331
4	836	34.490236913515	0.674942546651
4	846	34.690236913515	0.518370500007
4	850	34.890236913515	0.522451504731
4	855	35.090236913515	0.555336364371
4	874	35.417136110896	0.4002
4	881	35.617136110896	0.450670123724
4	883	35.817136110896	0.442503325184
4	900	36.917034348751	0.4002
4	911	37.193562891904	0.4002
4	916	37.449162720849	0.4002
4	933	38.020912347547	0.4002
4	944	38.26507638907	0.4002
4	949	38.504798831573	0.4002
4	960	40.432943192377	0.4002
4	971	41.498981257407	0.4002
4	994	42.208988513528	0.4002
4	998	42.408988513528	0.51064916719
4	1000	42.608988513528	0.521408078835
4	1019	43.095904274488	0.4002
4	1027	43.295904274488	0.439478242313
4	1035	43.503598968968	0.4002
4	1049	43.819088984384	0.4002
4	1054	44.069251360135	0.4002
4	1065	44.508536364322	0.4002
4	1076	44.961308533968	0.4002
4	1090	45.442783390674	0.4002
4	1109	45.775802363257	0.4002
4	1116	45.975802363257	0.46522794664
4	1126	46.175802363257	0.424051100365
4	1135	46.385739082104	0.4002
4	1145	46.585739082104	0.599557445775
4	1157	46.88155991973	0.4002
4	1164	47.08155991973	0.556640057103
4	1166	47.28155991973	0.496122288577
4	1177	47.741742331563	0.4002
4	1191	48.42666379775	0.4002
4	1199	48.761042475	0.4002
4	1210	49.280344860023	0.4002
4	1221	49.816409857574	0.4002
4	1232	50.416873757269	0.4002
4	1246	51.817073311487	0.4002
4	1254	52.119569409334	0.4002
4	1265	52.636431211355	0.4002
4	1291	54.021948455086	0.4002
4	1296	54.221948455086	0.57563355927
4	1301	54.421948455086	0.700516114553
4	1308	54.621948455086	0.734285088227
4	1313	54.821948455086	0.462996613249
4	1324	55.163227868952	0.4002
4	1340	55.530031606904	0.4002
4	1342	55.730031606904	0.479583419018
4	1353	56.563693047559	0.4002
4	1370	58.071903650733	0.4002
4	1372	58.271903650733	0.530427304744
4	1389	59.447261013201	0.4002
4	1394	59.714576294578	0.4002
4	1405	60.563508323124	0.4002
4	1422	61.04795908931	0.4002
4	1427	61.335631854511	0.4002
4	1438	61.823364874644	0.4002
4	1449	62.652199063175	0.4002
4	1466	63.472847341003	0.4002
4	1479	63.672847341003	0.536957233131
4	1491	63.878305718544	0.4002
4	1503	64.078305718544	0.434046460038
4	1511	64.278305718544	0.615842424513
4	1513	64.478305718544	0.536054712184
4	1518	64.678305718544	0.690837939512
4	1526	64.997059401872	0.4002
4	1543	65.71882698628	0.4002
4	1556	66.018163407088	0.4002
4	1565	66.249829878952	0.4002
4	1570	66.449829878952	0.533961328228
4	1586	66.832275317623	0.4002
4	1591	67.032275317623	0.410800297991
4	1607	67.335325730777	0.4002
4	1618	67.535325730777	0.423713226807
4	1628	67.739572355687	0.4002
4	1630	67.939572355687	0.439426902002
4	1647	68.593760828284	0.4002
4	1649	68.793760828284	0.51878410497
4	1669	70.035445102215	0.4002
4	1679	70.27663409342	0.4002
4	1687	70.47663409342	0.465944814171
4	1695	70.67838090859	0.4002
4	1703	71.008556126615	0.4002
4	1714	71.679601616994	0.4002
4	1725	72.591183771877	0.4002
4	1742	73.30738232026	0.4002
4	1752	73.584134302838	0.4002
4	1767	73.916666775895	0.4002
4	1774	74.116666775895	0.547756987048
4	1776	74.316666775895	0.46994767414
4	1787	74.968926579166	0.4002
4	1801	75.646644822628	0.4002
4	1809	75.956692136793	0.4002
4	1826	76.939009668011	0.4002
4	1828	77.139009668011	0.501371401762
4	1839	77.543494347747	0.4002
4	1850	78.483130180258	0.4002
4	1869	79.208456392679	0.4002
4	1871	79.408456392679	0.459704090284
4	1897	80.608371167915	0.4002
4	1906	80.808371167915	0.47851266211
4	1908	81.008371167915	0.659835248517
4	1910	81.208371167915	0.650063371633
4	1930	81.896681228561	0.4002
4	1946	82.116102794873	0.4002
4	1953	82.316102794873	0.454516138674
4	1964	82.516102794873	0.535092145785
4	1968	82.716102794873	0.444475721143
4	1970	82.916102794873	0.557483049413
4	1987	83.475837344912	0.4002
4	1992	83.704589608018	0.4002
4	2003	84.27301371291	0.4002
4	2020	85.102282248292	0.4002
4	2022	85.302282248292	0.528574063055
4	2033	85.86924776646	0.4002
4	2044	86.353058442193	0.4002
4	2064	86.813778892566	0.4002
4	2074	87.013778892566	0.567904945159
4	2081	87.213778892566	0.459559161166
4	2089	87.413778892566	0.460784981442
4	2094	87.641491196128	0.4002
4	2111	88.39557219957	0.4002
4	2122	88.684877354767	0.4002
4	2127	88.936022530619	0.4002
4	2138	90.229719463799	0.4002
4	2149	90.641886561866	0.4002
4	2160	91.244276791971	0.4002
4	2177	91.830422654293	0.4002
4	2179	92.030422654293	0.581092154014
4	2190	92.624269326214	0.4002
4	2201	93.262328981482	0.4002
4	2217	93.905498233236	0.4002
4	2237	94.229639944054	0.4002
4	2248	94.429639944054	0.596973989556
4	2255	94.629639944054	0.708534154042
4	2263	94.829639944054	0.663207615
4	2267	95.029639944054	0.639295284697
4	2269	95.229639944054	0.559390389779
4	2291	96.333440413193	0.4002
4	2300	96.533440413193	0.574505420077
4	2304	96.733440413193	0.66676481289
4	2306	96.933440413193	0.515913862655
4	2317	97.572931059356	0.4002
4	2334	97.994090019692	0.4002
4	2339	98.226706335108	0.4002
4	2353	99.020010952936	0.4002
4	2361	99.417645432198	0.4002
4	2383	100.69745858318	0.4002
4	2386	100.89745858318	0.507592903908
4	2388	101.09745858318	0.645881964615
4	2407	101.60464025186	0.4002
4	2412	101.80464025186	0.482334095419
4	2420	102.113790268147	0.4002
4	2439	102.59814210854	0.4002
4	2448	102.864665996966	0.4002
4	2450	103.064665996966	0.536250600372
4	2469	103.648566200401	0.4002
4	2477	103.848566200401	0.486033156179
4	2485	104.116369512213	0.4002
4	2503	104.501273793115	0.4002
4	2515	104.745174190317	0.4002
4	2518	104.945174190317	0.516609836355
4	2523	105.145174190317	0.707905699835
4	2531	105.523410916019	0.4002
4	2542	106.041494674842	0.4002
4	2558	106.916627762279	0.4002
4	2575	107.21795763452	0.4002
4	2584	107.41795763452	0.584785591386
4	2588	107.61795763452	0.67264343223
4	2596	107.81795763452	0.530343860191
4	2601	108.047685609782	0.4002
4	2615	108.76512497536	0.4002
4	2623	109.097846841699	0.4002
4	2637	110.760363896084	0.4002
4	2661	111.061214537366	0.4002
4	2669	111.261214537366	0.455947317166
4	2674	111.461214537366	0.518602769743
4	2681	111.661214537366	0.635241569322
4	2683	111.861214537366	0.498072645343
4	2694	112.705255964651	0.4002
4	2705	114.579373976138	0.4002
4	2716	115.6588802787	0.4002
4	2733	116.098365552626	0.4002
4	2738	116.298365552626	0.501171016943
4	2752	116.644269514328	0.4002
4	2757	116.906418775233	0.4002
4	2768	117.989858797706	0.4002
4	2779	118.561460982925	0.4002
4	2790	120.03923133103	0.4002
4	2804	120.879183082488	0.4002
4	2823	121.275055858632	0.4002
4	2826	121.475055858632	0.517285792433
4	2834	121.675055858632	0.636195298685
4	2845	121.931150011941	0.4002
4	2850	122.154760294038	0.4002
4	2861	122.896991772739	0.4002
4	2875	124.198554898024	0.4002
4	2895	124.55759757685	0.4002
4	2899	124.75759757685	0.410899920171
4	2901	124.95759757685	0.529906993717
4	2924	125.377348903941	0.4002
4	2934	125.577348903941	0.58392111072
4	2944	125.777348903941	0.504225227021
4	2948	125.977348903941	0.555438738238
4	2950	126.177348903941	0.535366709267
4	2966	126.784496552084	0.4002
4	2978	127.122758472093	0.4002
4	2980	127.322758472093	0.579590354854
4	2997	127.919272180053	0.4002
4	3005	128.119272180053	0.596487300465
4	3016	128.380828236395	0.4002
4	3021	128.582795574018	0.4002
4	3038	129.476928674911	0.4002
4	3048	129.676928674911	0.570618645922
4	3057	129.962055894951	0.4002
4	3059	130.162055894951	0.527338359105
4	3079	133.302027525264	0.4002
4	3086	133.502027525264	0.589641428772
4	3094	133.702027525264	0.461431681166
4	3107	133.975528717942	0.4002
4	3109	134.175528717942	0.421583016979
4	3132	134.691004417295	0.4002
4	3136	134.891004417295	0.553400733261
4	3146	135.091004417295	0.50276741845
4	3165	135.364852202139	0.4002
4	3175	135.564852202139	0.535161807435
4	3182	135.764852202139	0.626110390386
4	3192	135.964852202139	0.644982998068
4	3199	136.164852202139	0.83964561623
4	3201	136.364852202139	0.638046706316
4	3203	136.564852202139	0.678047136596
4	3220	137.558027896682	0.4002
4	3222	137.758027896682	0.582309180879
4	3233	139.781178450078	0.4002
4	3252	141.463571215622	0.4002
4	3264	141.663571215622	0.475753323516
4	3276	141.948801796819	0.4002
4	3279	142.148801796819	0.595413676649
4	3281	142.348801796819	0.761925673006
4	3300	142.786154887254	0.4002
4	3302	142.986154887254	0.413171808253
4	3321	144.148586518149	0.4002
4	3331	144.348586518149	0.474981607427
4	3340	144.549926412056	0.4002
4	3342	144.749926412056	0.549097264844
4	3353	145.265214200714	0.4002
4	3364	145.927215638906	0.4002
4	3383	146.832346512543	0.4002
4	3385	147.032346512543	0.405931037268
4	3402	147.449895079471	0.4002
4	3404	147.649895079471	0.506683225695
4	3415	148.470698460104	0.4002
4	3432	149.567736824854	0.4002
4	3434	149.767736824854	0.589312998778
4	3456	150.467080690653	0.4002
4	3466	150.667080690653	0.457595731391
4	3473	150.867080690653	0.428549768919
4	3483	151.067080690653	0.482457352644
4	3495	151.340503070729	0.4002
4	3502	151.540503070729	0.542351465886
4	3504	151.740503070729	0.473017529752
4	3515	152.75484252832	0.4002
4	3537	153.287130075894	0.4002
4	3540	153.487130075894	0.586289525874
4	3548	153.687130075894	0.6780183191
4	3565	153.91171586941	0.4002
4	3569	154.11171586941	0.424130855405
4	3571	154.31171586941	0.590825341941
4	3590	154.727088378476	0.4002
4	3602	154.928466693949	0.4002
4	3609	155.128466693949	0.509484215631
4	3611	155.328466693949	0.465829067426
4	3628	155.798697519886	0.4002
4	3636	155.998697519886	0.510125769203
4	3644	156.225416718571	0.4002
4	3658	156.556654579857	0.4002
4	3666	156.756654579857	0.500633381877
4	3671	157.000786266247	0.4002
4	3690	157.473803219699	0.4002
4	3698	157.673803219699	0.428603899187
4	3703	157.966201553252	0.4002
4	3714	158.567372809371	0.4002
4	3731	159.09300966132	0.4002
4	3741	159.29300966132	0.521632527504
4	3750	159.554965495115	0.4002
4	3752	159.754965495115	0.503979922201
4	3771	160.31277132448	0.4002
4	3779	160.51277132448	0.403213788223
4	3790	160.734445226994	0.4002
4	3795	160.948384261551	0.4002
4	3814	162.381288551471	0.4002
4	3816	162.581288551471	0.496235643668
4	3827	164.203835783099	0.4002
4	3846	165.333210915849	0.4002
4	3848	165.533210915849	0.4958980176
4	3867	166.229875135228	0.4002
4	3876	166.520694873367	0.4002
4	3878	166.720694873367	0.549336195255
4	3899	167.274200573055	0.4002
4	3911	167.481749476497	0.4002
4	3914	167.681749476497	0.538598198814
4	3916	167.881749476497	0.619420311662
4	3936	168.452022853294	0.4002
4	3952	168.721932864067	0.4002
4	3956	168.921932864067	0.478219070256
4	3958	169.121932864067	0.532688133716
4	3972	170.259741892446	0.4002
4	3980	170.573287270066	0.4002
4	3991	171.346595050428	0.4002
4	4016	172.498059238525	0.4002
4	4024	172.698059238525	0.576283761339
4	4029	172.898059238525	0.559341346067
4	4040	173.098059238525	0.7585059812
4	4044	173.298059238525	0.485921000569
4	4052	173.498059238525	0.598276480658
4	4060	173.707414105355	0.4002
4	4068	174.055314744704	0.4002
4	4084	174.682677423566	0.4002
4	4099	175.030178870198	0.4002
4	4106	175.230178870198	0.571558127354
4	4108	175.430178870198	0.448922569093
4	4127	175.99606652569	0.4002
4	4129	176.19606652569	0.475407278585
4	4146	177.43661161648	0.4002
4	4154	177.63661161648	0.597411853617
4	4159	177.855753009472	0.4002
4	4178	178.464133963411	0.4002
4	4186	178.664133963411	0.447610592534
4	4191	178.885508324389	0.4002
4	4202	179.387648906036	0.4002
4	4213	180.322371208559	0.4002
4	4230	180.88260510807	0.4002
4	4235	181.102797920636	0.4002
4	4261	181.583588482031	0.4002
4	4266	181.783588482031	0.598324021018
4	4268	181.983588482031	0.726812700041
4	4270	182.183588482031	0.855417499349
4	4287	183.361731091736	0.4002
4	4289	183.561731091736	0.583389202828
4	4311	184.77788458421	0.4002
4	4321	184.97788458421	0.457224524759
4	4328	185.17788458421	0.408494129729
4	4333	185.37788458421	0.471400483163
4	4341	185.711913257473	0.4002
4	4363	186.134768419153	0.4002
4	4366	186.334768419153	0.582004174547
4	4368	186.534768419153	0.709772539128
4	4387	188.239917096408	0.4002
4	4389	188.439917096408	0.495435848171
4	4400	189.113213897477	0.4002
4	4411	189.688103746671	0.4002
4	4430	190.143495842301	0.4002
4	4432	190.343495842301	0.460064590044
4	4454	190.92787212152	0.4002
4	4457	191.12787212152	0.508202296891
4	4459	191.32787212152	0.614470991038
4	4486	191.861776443234	0.4002
4	4496	192.061776443234	0.43474836213
4	4500	192.261776443234	0.591797019453
4	4508	192.461776443234	0.664498714734
4	4512	192.661776443234	0.802001627149
4	4519	192.861776443234	0.594093734437
4	4534	193.180061453095	0.4002
4	4541	193.380061453095	0.556817248783
4	4543	193.580061453095	0.488119871349
4	4560	194.508971133603	0.4002
4	4571	194.731156018023	0.4002
4	4576	195.010340403581	0.4002
4	4597	195.498254305541	0.4002
4	4613	195.763056421852	0.4002
4	4618	195.963056421852	0.595457506217
4	4623	196.163056421852	0.745683435632
4	4630	196.363056421852	0.809261440891
4	4632	196.563056421852	0.489566325539
4	4643	197.101565986808	0.4002
4	4654	197.865526498819	0.4002
4	4665	199.113106793004	0.4002
4	4676	199.559973559364	0.4002
5	18	0.435919610161	1
5	20	0.635919610161	1
5	39	1.233172759363	1
5	47	1.433172759363	1
5	52	1.665683079315	1
5	63	3.387786342986	1
5	80	3.966224683246	1
5	85	4.239844161821	1
5	104	5.957150543495	1
5	109	6.157150543495	1
5	125	6.470803967185	1
5	137	6.670803967185	1
5	152	6.921587107751	1
5	168	7.121587107751	1
5	179	7.321587107751	1
5	186	7.521587107751	1
5	191	7.721587107751	1
5	198	7.921587107751	1
5	200	8.121587107751	1
5	208	8.321587107751	1
5	213	8.54968556524	1
5	224	9.463655140093	1
5	246	10.196394676594	1
5	253	10.396394676594	1
5	263	10.596394676594	1
5	272	10.817582471425	1
5	277	11.017582471425	1
5	293	11.35311967659	1
5	295	11.55311967659	1
5	306	12.008135762553	1
5	317	13.08968349699	1
5	342	13.622606520743	1
5	349	13.822606520743	1
5	356	14.022606520743	1
5	358	14.222606520743	1
5	369	15.386098952908	1
5	392	16.590586541671	1
5	396	16.790586541671	1
5	401	16.990586541671	1
5	409	17.364211772693	1
5	428	17.777160563232	1
5	430	17.977160563232	1
5	441	19.258810037297	1
5	464	20.116414642172	1
5	471	20.316414642172	1
5	478	20.516414642172	1
5	480	20.716414642172	1
5	491	21.382008264271	1
5	502	22.461246600963	1
5	522	23.709843723647	1
5	529	23.909843723647	1
5	537	24.109843723647	1
5	548	24.375717826005	1
5	553	24.594221334956	1
5	572	25.218792147806	1
5	574	25.418792147806	1
5	594	25.915404226129	1
5	607	26.115404226129	1
5	615	26.315404226129	1
5	623	26.515404226129	1
5	630	26.715404226129	1
5	637	26.915404226129	1
5	642	27.115404226129	1
5	656	27.474941388721	1
5	661	27.684563926629	1
5	678	29.04402120353	1
5	694	29.336044713769	1
5	704	29.536044713769	1
5	711	29.736044713769	1
5	713	29.936044713769	1
5	730	30.698524487445	1
5	735	30.964701362591	1
5	746	31.623417115421	1
5	769	33.049032270042	1
5	773	33.249032270042	1
5	783	33.449032270042	1
5	800	33.690236913515	1
5	811	33.890236913515	1
5	818	34.090236913515	1
5	826	34.290236913515	1
5	836	34.490236913515	1
5	846	34.690236913515	1
5	850	34.890236913515	1
5	855	35.090236913515	1
5	874	35.417136110896	1
5	881	35.617136110896	1
5	883	35.817136110896	1
5	900	36.917034348751	1
5	911	37.193562891904	1
5	916	37.449162720849	1
5	933	38.020912347547	1
5	944	38.26507638907	1
5	949	38.504798831573	1
5	960	40.432943192377	1
5	971	41.498981257407	1
5	994	42.208988513528	1
5	998	42.408988513528	1
5	1000	42.608988513528	1
5	1019	43.095904274488	1
5	1027	43.295904274488	1
5	1035	43.503598968968	1
5	1049	43.819088984384	1
5	1054	44.069251360135	1
5	1065	44.508536364322	1
5	1076	44.961308533968	1
5	1090	45.442783390674	1
5	1109	45.775802363257	1
5	1116	45.975802363257	1
5	1126	46.175802363257	1
5	1135	46.385739082104	1
5	1145	46.585739082104	1
5	1157	46.88155991973	1
5	1164	47.08155991973	1
5	1166	47.28155991973	1
5	1177	47.741742331563	1
5	1191	48.42666379775	1
5	1199	48.761042475	1
5	1210	49.280344860023	1
5	1221	49.816409857574	1
5	1232	50.416873757269	1
5	1246	51.817073311487	1
5	1254	52.119569409334	1
5	1265	52.636431211355	1
5	1291	54.021948455086	1
5	1296	54.221948455086	1
5	1301	54.421948455086	1
5	1308	54.621948455086	1
5	1313	54.821948455086	1
5	1324	55.163227868952	1
5	1340	55.530031606904	1
5	1342	55.730031606904	1
5	1353	56.563693047559	1
5	1370	58.071903650733	1
5	1372	58.271903650733	1
5	1389	59.447261013201	1
5	1394	59.714576294578	1
5	1405	60.563508323124	1
5	1422	61.04795908931	1
5	1427	61.335631854511	1
5	1438	61.823364874644	1
5	1449	62.652199063175	1
5	1466	63.472847341003	1
5	1479	63.672847341003	1
5	1491	63.878305718544	1
5	1503	64.078305718544	1
5	1511	64.278305718544	1
5	1513	64.478305718544	1
5	1518	64.678305718544	1
5	1526	64.997059401872	1
5	1543	65.71882698628	1
5	1556	66.018163407088	1
5	1565	66.249829878952	1
5	1570	66.449829878952	1
5	1586	66.832275317623	1
5	1591	67.032275317623	1
5	1607	67.335325730777	1
5	1618	67.535325730777	1
5	1628	67.739572355687	1
5	1630	67.939572355687	1
5	1647	68.593760828284	1
5	1649	68.793760828284	1
5	1669	70.035445102215	1
5	1679	70.27663409342	1
5	1687	70.47663409342	1
5	1695	70.67838090859	1
5	1703	71.008556126615	1
5	1714	71.679601616994	1
5	1725	72.591183771877	1
5	1742	73.30738232026	1
5	1752	73.584134302838	1
5	1767	73.916666775895	1
5	1774	74.116666775895	1
5	1776	74.316666775895	1
5	1787	74.968926579166	1
5	1801	75.646644822628	1
5	1809	75.956692136793	1
5	1826	76.939009668011	1
5	1828	77.139009668011	1
5	1839	77.543494347747	1
5	1850	78.483130180258	1
5	1869	79.208456392679	1
5	1871	79.408456392679	1
5	1897	80.608371167915	1
5	1906	80.808371167915	1
5	1908	81.008371167915	1
5	1910	81.208371167915	1
5	1930	81.896681228561	1
5	1946	82.116102794873	1
5	1953	82.316102794873	1
5	1964	82.516102794873	1
5	1968	82.716102794873	1
5	1970	82.916102794873	1
5	1987	83.475837344912	1
5	1992	83.704589608018	1
5	2003	84.27301371291	1
5	2020	85.102282248292	1
5	2022	85.302282248292	1
5	2033	85.86924776646	1
5	2044	86.353058442193	1
5	2064	86.813778892566	1
5	2074	87.013778892566	1
5	2081	87.213778892566	1
5	2089	87.413778892566	1
5	2094	87.641491196128	1
5	2111	88.39557219957	1
5	2122	88.684877354767	1
5	2127	88.936022530619	1
5	2138	90.229719463799	1
5	2149	90.641886561866	1
5	2160	91.244276791971	1
5	2177	91.830422654293	1
5	2179	92.030422654293	1
5	2190	92.624269326214	1
5	2201	93.262328981482	1
5	2217	93.905498233236	1
5	2237	94.229639944054	1
5	2248	94.429639944054	1
5	2255	94.629639944054	1
5	2263	94.829639944054	1
5	2267	95.029639944054	1
5	2269	95.229639944054	1
5	2291	96.333440413193	1
5	2300	96.533440413193	1
5	2304	96.733440413193	1
5	2306	96.933440413193	1
5	2317	97.572931059356	1
5	2334	97.994090019692	1
5	2339	98.226706335108	1
5	2353	99.020010952936	1
5	2361	99.417645432198	1
5	2383	100.69745858318	1
5	2386	100.89745858318	1
5	2388	101.09745858318	1
5	2407	101.60464025186	1
5	2412	101.80464025186	1
5	2420	102.113790268147	1
5	2439	102.59814210854	1
5	2448	102.864665996966	1
5	2450	103.064665996966	1
5	2469	103.648566200401	1
5	2477	103.848566200401	1
5	2485	104.116369512213	1
5	2503	104.501273793115	1
5	2515	104.745174190317	1
5	2518	104.945174190317	1
5	2523	105.145174190317	1
5	2531	105.523410916019	1
5	2542	106.041494674842	1
5	2558	106.916627762279	1
5	2575	107.21795763452	1
5	2584	107.41795763452	1
5	2588	107.61795763452	1
5	2596	107.81795763452	1
5	2601	108.047685609782	1
5	2615	108.76512497536	1
5	2623	109.097846841699	1
5	2637	110.760363896084	1
5	2661	111.061214537366	1
5	2669	111.261214537366	1
5	2674	111.461214537366	1
5	2681	111.661214537366	1
5	2683	111.861214537366	1
5	2694	112.705255964651	1
5	2705	114.579373976138	1
5	2716	115.6588802787	1
5	2733	116.098365552626	1
5	2738	116.298365552626	1
5	2752	116.644269514328	1
5	2757	116.906418775233	1
5	2768	117.989858797706	1
5	2779	118.561460982925	1
5	2790	120.03923133103	1
5	2804	120.879183082488	1
5	2823	121.275055858632	1
5	2826	121.475055858632	1
5	2834	121.675055858632	1
5	2845	121.931150011941	1
5	2850	122.154760294038	1
5	2861	122.896991772739	1
5	2875	124.198554898024	1
5	2895	124.55759757685	1
5	2899	124.75759757685	1
5	2901	124.95759757685	1
5	2924	125.377348903941	1
5	2934	125.577348903941	1
5	2944	125.777348903941	1
5	2948	125.977348903941	1
5	2950	126.177348903941	1
5	2966	126.784496552084	1
5	2978	127.122758472093	1
5	2980	127.322758472093	1
5	2997	127.919272180053	1
5	3005	128.119272180053	1
5	3016	128.380828236395	1
5	3021	128.582795574018	1
5	3038	129.476928674911	1
5	3048	129.676928674911	1
5	3057	129.962055894951	1
5	3059	130.162055894951	1
5	3079	133.302027525264	1
5	3086	133.502027525264	1
5	3094	133.702027525264	1
5	3107	133.975528717942	1
5	3109	134.175528717942	1
5	3132	134.691004417295	1
5	3136	134.891004417295	1
5	3146	135.091004417295	1
5	3165	135.364852202139	1
5	3175	135.564852202139	1
5	3182	135.764852202139	1
5	3192	135.964852202139	1
5	3199	136.164852202139	1
5	3201	136.364852202139	1
5	3203	136.564852202139	1
5	3220	137.558027896682	1
5	3222	137.758027896682	1
5	3233	139.781178450078	1
5	3252	141.463571215622	1
5	3264	141.663571215622	1
5	3276	141.948801796819	1
5	3279	142.148801796819	1
5	3281	142.348801796819	1
5	3300	142.786154887254	1
5	3302	142.986154887254	1
5	3321	144.148586518149	1
5	3331	144.348586518149	1
5	3340	144.549926412056	1
5	3342	144.749926412056	1
5	3353	145.265214200714	1
5	3364	145.927215638906	1
5	3383	146.832346512543	1
5	3385	147.032346512543	1
5	3402	147.449895079471	1
5	3404	147.649895079471	1
5	3415	148.470698460104	1
5	3432	149.567736824854	1
5	3434	149.767736824854	1
5	3456	150.467080690653	1
5	3466	150.667080690653	1
5	3473	150.867080690653	1
5	3483	151.067080690653	1
5	3495	151.340503070729	1
5	3502	151.540503070729	1
5	3504	151.740503070729	1
5	3515	152.75484252832	1
5	3537	153.287130075894	1
5	3540	153.487130075894	1
5	3548	153.687130075894	1
5	3565	153.91171586941	1
5	3569	154.11171586941	1
5	3571	154.31171586941	1
5	3590	154.727088378476	1
5	3602	154.928466693949	1
5	3609	155.128466693949	1
5	3611	155.328466693949	1
5	3628	155.798697519886	1
5	3636	155.998697519886	1
5	3644	156.225416718571	1
5	3658	156.556654579857	1
5	3666	156.756654579857	1
5	3671	157.000786266247	1
5	3690	157.473803219699	1
5	3698	157.673803219699	1
5	3703	157.966201553252	1
5	3714	158.567372809371	1
5	3731	159.09300966132	1
5	3741	159.29300966132	1
5	3750	159.554965495115	1
5	3752	159.754965495115	1
5	3771	160.31277132448	1
5	3779	160.51277132448	1
5	3790	160.734445226994	1
5	3795	160.948384261551	1
5	3814	162.381288551471	1
5	3816	162.581288551471	1
5	3827	164.203835783099	1
5	3846	165.333210915849	1
5	3848	165.533210915849	1
5	3867	166.229875135228	1
5	3876	166.520694873367	1
5	3878	166.720694873367	1
5	3899	167.274200573055	1
5	3911	167.481749476497	1
5	3914	167.681749476497	1
5	3916	167.881749476497	1
5	3936	168.452022853294	1
5	3952	168.721932864067	1
5	3956	168.921932864067	1
5	3958	169.121932864067	1
5	3972	170.259741892446	1
5	3980	170.573287270066	1
5	3991	171.346595050428	1
5	4016	172.498059238525	1
5	4024	172.698059238525	1
5	4029	172.898059238525	1
5	4040	173.098059238525	1
5	4044	173.298059238525	1
5	4052	173.498059238525	1
5	4060	173.707414105355	1
5	4068	174.055314744704	1
5	4084	174.682677423566	1
5	4099	175.030178870198	1
5	4106	175.230178870198	1
5	4108	175.430178870198	1
5	4127	175.99606652569	1
5	4129	176.19606652569	1
5	4146	177.43661161648	1
5	4154	177.63661161648	1
5	4159	177.855753009472	1
5	4178	178.464133963411	1
5	4186	178.664133963411	1
5	4191	178.885508324389	1
5	4202	179.387648906036	1
5	4213	180.322371208559	1
5	4230	180.88260510807	1
5	4235	181.102797920636	1
5	4261	181.583588482031	1
5	4266	181.783588482031	1
5	4268	181.983588482031	1
5	4270	182.183588482031	1
5	4287	183.361731091736	1
5	4289	183.561731091736	1
5	4311	184.77788458421	1
5	4321	184.97788458421	1
5	4328	185.17788458421	1
5	4333	185.37788458421	1
5	4341	185.711913257473	1
5	4363	186.134768419153	1
5	4366	186.334768419153	1
5	4368	186.534768419153	1
5	4387	188.239917096408	1
5	4389	188.439917096408	1
5	4400	189.113213897477	1
5	4411	189.688103746671	1
5	4430	190.143495842301	1
5	4432	190.343495842301	1
5	4454	190.92787212152	1
5	4457	191.12787212152	1
5	4459	191.32787212152	1
5	4486	191.861776443234	1
5	4496	192.061776443234	1
5	4500	192.261776443234	1
5	4508	192.461776443234	1
5	4512	192.661776443234	1
5	4519	192.861776443234	1
5	4534	193.180061453095	1
5	4541	193.380061453095	1
5	4543	193.580061453095	1
5	4560	194.508971133603	1
5	4571	194.731156018023	1
5	4576	195.010340403581	1
5	4597	195.498254305541	1
5	4613	195.763056421852	1
5	4618	195.963056421852	1
5	4623	196.163056421852	1
5	4630	196.363056421852	1
5	4632	196.563056421852	1
5	4643	197.101565986808	1
5	4654	197.865526498819	1
5	4665	199.113106793004	1
5	4676	199.559973559364	1

