version 3
run FeedbackVersion-9-20240511-20:45:11-11876
attr configname FeedbackVersion
attr datetime 20240511-20:45:11
attr datetimef 20240511-204511
attr experiment FeedbackVersion
attr inifile omnetpp.ini
attr iterationvars $genInterval=0.55
attr iterationvarsd genInterval=0.55
attr iterationvarsf genInterval=0.55-
attr measurement $genInterval=0.55
attr network NetworkFV
attr processid 11876
attr repetition 0
attr replication #0
attr resultdir results
attr runnumber 9
attr seedset 9
itervar genInterval 0.55
config network NetworkFV
config sim-time-limit 200s
config NetworkFV.nodeTx.gen.generationInterval exponential(0.55)
config NetworkFV.nodeTx.gen.packetByteSize 12500
config NetworkFV.queueOne.bufferSize 200
config NetworkFV.nodeRx.queue.bufferSize 200
config NetworkFV.nodeTx.queue.bufferSize 2000000
config NetworkFV.queueZero.bufferSize 200

vector 0 NetworkFV.nodeRx.queue PacketsLost ETV
vector 1 NetworkFV.nodeRx.queue PacketsAsked ETV
vector 2 NetworkFV.queueOne bufferSize ETV
vector 3 NetworkFV.nodeTx.gen packetGen ETV
vector 4 NetworkFV.nodeTx.queue BufferSize ETV
vector 5 NetworkFV.nodeTx.queue PacketsSent ETV
vector 6 NetworkFV.queueZero bufferSize ETV
vector 7 NetworkFV.nodeRx.queue BufferSize ETV
vector 8 NetworkFV.nodeRx.sink Delay ETV
vector 9 NetworkFV.nodeRx.sink packetUsed ETV
0	1	0	1
0	12	0.2	1
0	41	0.8004	1
0	54	1.2008	1
0	131	2.6022	1
0	134	2.8024	1
0	137	3.0026	1
0	144	3.2028	1
0	234	4.8044	1
0	258	5.405	1
0	261	5.6052	1
0	262	5.8054	1
0	263	6.0056	1
0	270	6.2058	1
0	293	6.8064	1
0	294	7.0066	1
0	295	7.2068	1
0	296	7.407	1
0	297	7.6072	1
0	298	7.8074	1
0	306	8.0076	1
0	317	8.2078	1
0	320	8.408	1
0	321	8.6082	1
0	327	8.8084	1
0	341	9.2088	1
0	342	9.409	1
0	343	9.6092	1
0	344	9.8094	1
0	345	10.0096	1
0	346	10.2098	1
0	351	10.41	1
0	352	10.6102	1
0	359	10.8104	1
0	367	11.0106	1
0	370	11.2108	1
0	377	11.411	1
0	385	11.6112	1
0	388	11.8114	1
0	392	12.0116	1
0	406	12.412	1
0	415	12.6122	1
0	430	13.0126	1
0	433	13.2128	1
0	434	13.413	1
0	435	13.6132	1
0	439	13.8134	1
0	462	14.414	1
0	475	14.6142	1
0	482	15.0146	1
0	483	15.2148	1
0	484	15.415	1
0	485	15.6152	1
0	486	15.8154	1
0	491	16.0156	1
0	499	16.2158	1
0	504	16.416	1
0	508	16.6162	1
0	519	16.8164	1
0	525	17.0166	1
0	539	17.417	1
0	540	17.6172	1
0	547	17.8174	1
0	562	18.2178	1
0	565	18.418	1
0	566	18.6182	1
0	567	18.8184	1
0	568	19.0186	1
0	569	19.2188	1
0	580	19.419	1
0	594	19.6192	1
0	607	20.0196	1
0	614	20.2198	1
0	621	20.6202	1
0	628	20.8204	1
0	642	21.2208	1
0	652	21.6212	1
0	653	21.8214	1
0	654	22.0216	1
0	658	22.2218	1
0	668	22.6222	1
0	679	22.8224	1
0	692	23.2228	1
0	703	23.6232	1
0	704	23.8234	1
0	711	24.0236	1
0	718	24.424	1
0	719	24.6242	1
0	720	24.8244	1
0	725	25.0246	1
0	726	25.2248	1
0	730	25.425	1
0	741	25.6252	1
0	750	25.8254	1
0	758	26.0256	1
0	761	26.2258	1
0	762	26.426	1
0	766	26.6262	1
0	780	27.0266	1
0	781	27.2268	1
0	782	27.427	1
0	789	27.6272	1
0	796	28.0276	1
0	797	28.2278	1
0	802	28.428	1
0	803	28.6282	1
0	804	28.8284	1
0	805	29.0286	1
0	806	29.2288	1
0	807	29.429	1
0	812	29.6292	1
0	820	29.8294	1
0	834	30.0296	1
0	839	30.2298	1
0	849	30.43	1
0	860	30.6302	1
0	863	30.8304	1
0	864	31.0306	1
0	865	31.2308	1
0	866	31.431	1
0	867	31.6312	1
0	872	31.8314	1
0	880	32.0316	1
0	885	32.2318	1
0	889	32.432	1
0	903	32.8324	1
0	907	33.0326	1
0	930	33.6332	1
0	931	33.8334	1
0	932	34.0336	1
0	936	34.2338	1
0	961	34.8344	1
0	964	35.0346	1
0	965	35.2348	1
0	966	35.435	1
0	970	35.6352	1
0	1002	36.436	1
0	1005	36.6362	1
0	1006	36.8364	1
0	1007	37.0366	1
0	1008	37.2368	1
0	1009	37.437	1
0	1017	37.6372	1
0	1034	38.2378	1
0	1035	38.438	1
0	1036	38.6382	1
0	1037	38.8384	1
0	1038	39.0386	1
0	1043	39.2388	1
0	1044	39.439	1
0	1045	39.6392	1
0	1052	39.8394	1
0	1063	40.0396	1
0	1066	40.2398	1
0	1067	40.44	1
0	1077	40.6402	1
0	1085	40.8404	1
0	1088	41.0406	1
0	1095	41.2408	1
0	1106	41.6412	1
0	1107	41.8414	1
0	1108	42.0416	1
0	1112	42.2418	1
0	1133	42.8424	1
0	1134	43.0426	1
0	1141	43.2428	1
0	1152	43.6432	1
0	1155	43.8434	1
0	1156	44.0436	1
0	1161	44.2438	1
0	1167	44.444	1
0	1188	45.0446	1
0	1192	45.2448	1
0	1202	45.6452	1
0	1209	45.8454	1
0	1246	46.446	1
0	1258	46.8464	1
0	1265	47.0466	1
0	1290	47.6472	1
0	1306	48.0476	1
0	1313	48.2478	1
0	1328	48.6482	1
0	1345	49.0486	1
0	1353	49.449	1
0	1354	49.6492	1
0	1359	49.8494	1
0	1360	50.0496	1
0	1367	50.2498	1
0	1374	50.6502	1
0	1375	50.8504	1
0	1376	51.0506	1
0	1384	51.2508	1
0	1395	51.451	1
0	1398	51.6512	1
0	1399	51.8514	1
0	1400	52.0516	1
0	1401	52.2518	1
0	1402	52.452	1
0	1407	52.6522	1
0	1412	52.8524	1
0	1417	53.0526	1
0	1422	53.2528	1
0	1426	53.453	1
0	1440	53.6532	1
0	1443	53.8534	1
0	1444	54.0536	1
0	1445	54.2538	1
0	1446	54.454	1
0	1447	54.6542	1
0	1452	54.8544	1
0	1460	55.0546	1
0	1465	55.2548	1
0	1466	55.455	1
0	1470	55.6552	1
0	1507	56.456	1
0	1514	56.6562	1
0	1538	57.2568	1
0	1541	57.457	1
0	1542	57.6572	1
0	1543	57.8574	1
0	1544	58.0576	1
0	1551	58.2578	1
0	1580	58.637083088731	1
0	1581	58.6582	1
0	1584	58.8584	1
0	1587	59.0586	1
0	1588	59.2588	1
0	1589	59.459	1
0	1594	59.6592	1
0	1595	59.8594	1
0	1596	60.0596	1
0	1597	60.2598	1
0	1598	60.46	1
0	1599	60.6602	1
0	1607	60.8604	1
0	1612	61.0606	1
0	1617	61.2608	1
0	1628	61.461	1
0	1633	61.6612	1
0	1634	61.8614	1
0	1644	62.0616	1
0	1661	62.462	1
0	1686	62.8624	1
0	1713	63.463	1
0	1724	63.6632	1
0	1752	64.2638	1
0	1755	64.464	1
0	1761	64.6642	1
0	1817	65.6652	1
0	1823	65.8654	1
0	1865	66.8664	1
0	1868	67.0666	1
0	1871	67.2668	1
0	1878	67.467	1
0	1889	67.8674	1
0	1896	68.0676	1
0	1915	68.6682	1
0	1916	68.8684	1
0	1917	69.0686	1
0	1928	69.2688	1
0	1960	69.8694	1
0	1961	70.0696	1
0	1968	70.2698	1
0	1979	70.6702	1
0	1980	70.8704	1
0	1981	71.0706	1
0	1982	71.2708	1
0	1986	71.471	1
0	2006	71.8714	1
0	2051	72.6722	1
0	2054	72.8724	1
0	2055	73.0726	1
0	2056	73.2728	1
0	2063	73.473	1
0	2081	74.0736	1
0	2086	74.2738	1
0	2090	74.474	1
0	2124	75.0746	1
0	2144	75.475	1
0	2163	76.0756	1
0	2170	76.2758	1
0	2202	76.8764	1
0	2217	77.2768	1
0	2245	77.6772	1
0	2263	78.2778	1
0	2266	78.478	1
0	2273	78.6782	1
0	2280	79.0786	1
0	2284	79.2788	1
0	2301	79.6792	1
0	2317	80.0796	1
0	2334	80.48	1
0	2344	80.8804	1
0	2354	81.2808	1
0	2355	81.481	1
0	2356	81.6812	1
0	2363	81.8814	1
0	2375	82.0816	1
0	2386	82.2818	1
0	2423	83.0826	1
0	2424	83.2828	1
0	2428	83.483	1
0	2451	84.0836	1
0	2466	84.484	1
0	2502	85.2848	1
0	2505	85.485	1
0	2506	85.6852	1
0	2507	85.8854	1
0	2508	86.0856	1
0	2509	86.2858	1
0	2514	86.486	1
0	2520	86.6862	1
0	2550	87.2868	1
0	2571	87.8874	1
0	2572	88.0876	1
0	2573	88.2878	1
0	2574	88.488	1
0	2575	88.6882	1
0	2580	88.8884	1
0	2581	89.0886	1
0	2588	89.2888	1
0	2596	89.489	1
0	2602	89.6892	1
0	2616	90.0896	1
0	2617	90.2898	1
0	2624	90.49	1
0	2637	90.8904	1
0	2651	91.2908	1
0	2672	91.8914	1
0	2673	92.0916	1
0	2682	92.2918	1
0	2693	92.6922	1
0	2694	92.8924	1
0	2695	93.0926	1
0	2696	93.2928	1
0	2697	93.493	1
0	2698	93.6932	1
0	2703	93.8934	1
0	2704	94.0936	1
0	2705	94.2938	1
0	2706	94.494	1
0	2707	94.6942	1
0	2708	94.8944	1
0	2716	95.0946	1
0	2721	95.2948	1
0	2734	95.495	1
0	2748	95.6952	1
0	2784	96.2958	1
0	2790	96.496	1
0	2827	97.2968	1
0	2833	97.497	1
0	2854	98.0976	1
0	2857	98.2978	1
0	2868	98.498	1
0	2901	99.2988	1
0	2904	99.499	1
0	2905	99.6992	1
0	2914	99.8994	1
0	2936	100.5	1
0	2939	100.7002	1
0	2944	100.9004	1
0	2951	101.1006	1
0	2961	101.501	1
0	2971	101.9014	1
0	2972	102.1016	1
0	2978	102.3018	1
0	2997	102.502	1
0	3009	102.9024	1
0	3010	103.1026	1
0	3014	103.3028	1
0	3037	103.9034	1
0	3038	104.1036	1
0	3039	104.3038	1
0	3040	104.504	1
0	3041	104.7042	1
0	3045	104.9044	1
0	3062	105.1046	1
0	3074	105.505	1
0	3075	105.7052	1
0	3076	105.9054	1
0	3077	106.1056	1
0	3081	106.3058	1
0	3110	106.9064	1
0	3117	107.3068	1
0	3118	107.507	1
0	3119	107.7072	1
0	3120	107.9074	1
0	3121	108.1076	1
0	3126	108.3078	1
0	3127	108.508	1
0	3128	108.7082	1
0	3129	108.9084	1
0	3138	109.1086	1
0	3150	109.3088	1
0	3153	109.509	1
0	3156	109.7092	1
0	3157	109.9094	1
0	3158	110.1096	1
0	3162	110.3098	1
0	3183	110.51	1
0	3192	110.7102	1
0	3195	110.9104	1
0	3196	111.1106	1
0	3197	111.3108	1
0	3204	111.511	1
0	3215	111.9114	1
0	3216	112.1116	1
0	3223	112.3118	1
0	3244	112.7122	1
0	3280	113.513	1
0	3281	113.7132	1
0	3285	113.9134	1
0	3298	114.3138	1
0	3308	114.7142	1
0	3309	114.9144	1
0	3317	115.1146	1
0	3343	115.7152	1
0	3344	115.9154	1
0	3345	116.1156	1
0	3352	116.3158	1
0	3359	116.7162	1
0	3360	116.9164	1
0	3371	117.1166	1
0	3382	117.3168	1
0	3401	117.7172	1
0	3411	118.1176	1
0	3412	118.3178	1
0	3413	118.518	1
0	3414	118.7182	1
0	3415	118.9184	1
0	3423	119.1186	1
0	3434	119.3188	1
0	3437	119.519	1
0	3438	119.7192	1
0	3439	119.9194	1
0	3440	120.1196	1
0	3441	120.3198	1
0	3446	120.52	1
0	3451	120.7202	1
0	3459	120.9204	1
0	3464	121.1206	1
0	3468	121.3208	1
0	3479	121.521	1
0	3485	121.7212	1
0	3501	122.1216	1
0	3502	122.3218	1
0	3503	122.522	1
0	3504	122.7222	1
0	3505	122.9224	1
0	3512	123.1226	1
0	3534	123.3228	1
0	3546	123.7232	1
0	3549	123.9234	1
0	3550	124.1236	1
0	3557	124.3238	1
0	3585	124.9244	1
0	3600	125.3248	1
0	3617	125.7252	1
0	3632	126.1256	1
0	3642	126.526	1
0	3643	126.7262	1
0	3644	126.9264	1
0	3651	127.1266	1
0	3658	127.527	1
0	3663	127.7272	1
0	3664	127.9274	1
0	3675	128.1276	1
0	3697	128.7282	1
0	3700	128.9284	1
0	3704	129.1286	1
0	3714	129.529	1
0	3715	129.7292	1
0	3716	129.9294	1
0	3727	130.1296	1
0	3735	130.3298	1
0	3738	130.53	1
0	3739	130.7302	1
0	3746	130.9304	1
0	3757	131.3308	1
0	3758	131.531	1
0	3765	131.7312	1
0	3788	132.3318	1
0	3789	132.532	1
0	3790	132.7322	1
0	3799	132.9324	1
0	3810	133.3328	1
0	3813	133.533	1
0	3824	133.7332	1
0	3832	133.9334	1
0	3835	134.1336	1
0	3836	134.3338	1
0	3845	134.534	1
0	3856	134.9344	1
0	3863	135.1346	1
0	3878	135.535	1
0	3881	135.7352	1
0	3885	135.9354	1
0	3895	136.3358	1
0	3896	136.536	1
0	3897	136.7362	1
0	3902	136.9364	1
0	3903	137.1366	1
0	3907	137.3368	1
0	3920	137.7372	1
0	3934	138.1376	1
0	3941	138.3378	1
0	3964	138.9384	1
0	3965	139.1386	1
0	3966	139.3388	1
0	3967	139.539	1
0	3968	139.7392	1
0	3969	139.9394	1
0	3974	140.1396	1
0	3975	140.3398	1
0	3984	140.54	1
0	3995	140.7402	1
0	4011	141.1406	1
0	4012	141.3408	1
0	4013	141.541	1
0	4014	141.7412	1
0	4015	141.9414	1
0	4016	142.1416	1
0	4021	142.3418	1
0	4028	142.542	1
0	4042	142.7422	1
0	4055	142.9424	1
0	4058	143.1426	1
0	4059	143.3428	1
0	4063	143.543	1
0	4080	143.9434	1
0	4081	144.1436	1
0	4085	144.3438	1
0	4108	144.9444	1
0	4109	145.1446	1
0	4116	145.3448	1
0	4140	145.9454	1
0	4143	146.1456	1
0	4144	146.3458	1
0	4145	146.546	1
0	4154	146.7462	1
0	4179	147.3468	1
0	4209	147.9474	1
0	4215	148.1476	1
0	4225	148.548	1
0	4226	148.7482	1
0	4227	148.9484	1
0	4228	149.1486	1
0	4233	149.3488	1
0	4234	149.549	1
0	4235	149.7492	1
0	4239	149.9494	1
0	4250	150.1496	1
0	4253	150.3498	1
0	4254	150.55	1
0	4255	150.7502	1
0	4259	150.9504	1
0	4273	151.3508	1
0	4274	151.551	1
0	4275	151.7512	1
0	4276	151.9514	1
0	4277	152.1516	1
0	4278	152.3518	1
0	4283	152.552	1
0	4284	152.7522	1
0	4285	152.9524	1
0	4289	153.1526	1
0	4300	153.3528	1
0	4303	153.553	1
0	4310	153.7532	1
0	4321	153.9534	1
0	4332	154.1536	1
0	4343	154.554	1
0	4344	154.7542	1
0	4345	154.9544	1
0	4352	155.1546	1
0	4367	155.555	1
0	4370	155.7552	1
0	4371	155.9554	1
0	4372	156.1556	1
0	4373	156.3558	1
0	4374	156.556	1
0	4379	156.7562	1
0	4380	156.9564	1
0	4387	157.1566	1
0	4398	157.3568	1
0	4401	157.557	1
0	4402	157.7572	1
0	4409	157.9574	1
0	4420	158.3578	1
0	4424	158.558	1
0	4451	159.1586	1
0	4470	159.559	1
0	4493	159.9594	1
0	4536	160.9604	1
0	4537	161.1606	1
0	4538	161.3608	1
0	4539	161.561	1
0	4543	161.7612	1
0	4588	162.562	1
0	4591	162.7622	1
0	4592	162.9624	1
0	4599	163.1626	1
0	4622	163.7632	1
0	4626	163.9634	1
0	4636	164.3638	1
0	4637	164.564	1
0	4638	164.7642	1
0	4645	164.9644	1
0	4672	165.565	1
0	4673	165.7652	1
0	4677	165.9654	1
0	4687	166.3658	1
0	4691	166.566	1
0	4705	166.9664	1
0	4712	167.1666	1
0	4746	167.9674	1
0	4747	168.1676	1
0	4748	168.3678	1
0	4749	168.568	1
0	4756	168.7682	1
0	4763	169.1686	1
0	4768	169.3688	1
0	4772	169.569	1
0	4803	170.1696	1
0	4815	170.57	1
0	4835	170.9704	1
0	4861	171.571	1
0	4869	171.7712	1
0	4900	172.572	1
0	4910	172.9724	1
0	4911	173.1726	1
0	4912	173.3728	1
0	4917	173.573	1
0	4918	173.7732	1
0	4919	173.9734	1
0	4920	174.1736	1
0	4927	174.3738	1
0	4934	174.7742	1
0	4939	174.9744	1
0	4944	175.1746	1
0	4949	175.3748	1
0	4953	175.575	1
0	4967	175.9754	1
0	4968	176.1756	1
0	4969	176.3758	1
0	4970	176.576	1
0	4977	176.7762	1
0	4990	177.1766	1
0	5002	177.3768	1
0	5005	177.577	1
0	5006	177.7772	1
0	5007	177.9774	1
0	5008	178.1776	1
0	5012	178.3778	1
1	1	0	2
1	26	0.455240613964	2
1	56	1.21881267591	4
1	99	1.895413794696	6
1	169	3.666727859708	10
1	270	6.2058	5
1	298	7.8074	1
1	311	8.205531082799	1
1	332	8.935235824424	2
1	346	10.2098	1
1	361	10.848435780047	1
1	379	11.50898680368	1
1	397	12.174018020816	2
1	422	12.741742940604	4
1	462	14.414	2
1	486	15.8154	0
1	491	16.0156	0
1	499	16.2158	1
1	513	16.755518081127	1
1	530	17.198444780326	2
1	554	17.965098189836	3
1	569	19.2188	1
1	582	19.443654772314	1
1	598	19.712350559935	2
1	630	20.910604951503	4
1	668	22.6222	2
1	694	23.23244674988	2
1	720	24.8244	1
1	735	25.581187306096	1
1	752	25.839873554811	1
1	771	26.735446145612	2
1	797	28.2278	1
1	807	29.429	0
1	812	29.6292	0
1	820	29.8294	0
1	834	30.0296	0
1	839	30.2298	1
1	854	30.590142879636	1
1	867	31.6312	0
1	872	31.8314	0
1	880	32.0316	1
1	894	32.60050810059	2
1	920	33.277188618984	3
1	953	34.591104916081	4
1	992	36.117392947859	7
1	1009	37.437	3
1	1038	39.0386	1
1	1057	39.930397215345	1
1	1079	40.652423971622	1
1	1097	41.285047230711	2
1	1123	42.521748390874	4
1	1156	44.0436	2
1	1178	44.693608159652	2
1	1211	45.878360246571	3
1	1248	46.497778380348	4
1	1297	47.803421094294	6
1	1354	49.6492	3
1	1376	51.0506	1
1	1389	51.438381196403	1
1	1402	52.452	0
1	1407	52.6522	0
1	1412	52.8524	0
1	1417	53.0526	1
1	1434	53.555862078659	1
1	1447	54.6542	0
1	1452	54.8544	0
1	1460	55.0546	1
1	1475	55.770544936559	2
1	1497	56.144921219135	3
1	1530	56.913614777696	4
1	1551	58.2578	2
1	1573	58.537083088731	2
1	1589	59.459	1
1	1599	60.6602	0
1	1607	60.8604	0
1	1612	61.0606	0
1	1617	61.2608	0
1	1628	61.461	1
1	1646	62.099236968451	2
1	1673	62.642428076934	3
1	1705	63.236978181703	4
1	1744	63.974602222671	6
1	1807	65.297828117393	10
1	1878	67.467	5
1	1928	69.2688	1
1	1936	69.269165612403	1
1	1945	69.369165612403	2
1	1970	70.290104345302	3
1	2006	71.8714	1
1	2014	71.967457631141	1
1	2023	72.067457631141	2
1	2041	72.279426197067	4
1	2081	74.0736	2
1	2109	74.814448156529	2
1	2133	75.239917956908	3
1	2172	76.373372934867	4
1	2230	77.449970564798	7
1	2284	79.2788	3
1	2319	80.100365322972	3
1	2363	81.8814	1
1	2369	81.981265338252	1
1	2388	82.356301575983	2
1	2413	82.770010270231	4
1	2468	84.543034921457	6
1	2509	86.2858	3
1	2539	87.051745009717	3
1	2575	88.6882	1
1	2590	89.364500769262	1
1	2607	89.889385876906	2
1	2639	90.955172290349	3
1	2684	92.381333779264	5
1	2698	93.6932	2
1	2708	94.8944	0
1	2716	95.0946	0
1	2721	95.2948	1
1	2736	95.521381897241	1
1	2755	95.731448798924	2
1	2776	96.073043131275	4
1	2817	96.935193149427	6
1	2882	98.765667438744	10
1	2939	100.7002	5
1	2978	102.3018	1
1	2991	102.405502425154	1
1	2999	102.505502425154	2
1	3027	103.59433643136	3
1	3045	104.9044	1
1	3056	105.094447903679	1
1	3064	105.194447903679	2
1	3094	106.564629435212	4
1	3121	108.1076	2
1	3145	109.22742152847	2
1	3162	110.3098	1
1	3177	110.47432990171	1
1	3185	110.57432990171	1
1	3206	111.592877571025	2
1	3230	112.415968965231	3
1	3270	113.250883286168	5
1	3309	114.9144	2
1	3334	115.427986859308	2
1	3360	116.9164	1
1	3373	117.200004405496	1
1	3389	117.448905272535	2
1	3415	118.9184	1
1	3428	119.225190806319	1
1	3441	120.3198	0
1	3446	120.52	0
1	3451	120.7202	0
1	3459	120.9204	1
1	3473	121.504142291746	1
1	3492	121.908182891085	2
1	3512	123.1226	1
1	3520	123.214889401659	1
1	3529	123.314889401659	1
1	3538	123.414889401659	2
1	3569	124.551063338053	4
1	3619	125.813639433631	6
1	3658	127.527	3
1	3689	128.425899058335	3
1	3716	129.9294	1
1	3729	130.133346209135	1
1	3748	131.03031015497	2
1	3779	132.095585345775	3
1	3813	133.533	1
1	3826	133.760529425693	1
1	3847	134.562323837926	2
1	3870	135.306108865383	4
1	3897	136.7362	2
1	3925	137.922402380607	2
1	3955	138.737705630598	3
1	3969	139.9394	1
1	3986	140.626007092063	1
1	4002	140.897187651136	2
1	4016	142.1416	1
1	4030	142.568813522753	1
1	4049	142.796422764471	1
1	4071	143.709832004905	2
1	4098	144.576311146047	3
1	4132	145.554204467017	5
1	4179	147.3468	2
1	4201	147.701649023868	2
1	4228	149.1486	1
1	4244	150.120772567782	1
1	4264	151.139512247248	2
1	4278	152.3518	1
1	4294	153.258281670576	1
1	4315	153.828066684734	1
1	4334	154.197691408393	2
1	4359	155.286662938942	3
1	4374	156.556	1
1	4392	157.21656785305	1
1	4411	158.008571958574	2
1	4435	158.777732318205	4
1	4479	159.737505324753	6
1	4543	161.7612	3
1	4576	162.221132302245	3
1	4613	163.524405285617	4
1	4645	164.9644	2
1	4663	165.347341317603	2
1	4696	166.695182604442	3
1	4737	167.7622087652	5
1	4763	169.1686	2
1	4787	169.827091652642	2
1	4820	170.670279292641	3
1	4853	171.330922691797	5
1	4912	173.3728	2
1	4934	174.7742	0
1	4939	174.9744	0
1	4944	175.1746	1
1	4958	175.769539776568	2
1	4990	177.1766	1
1	4996	177.268046583992	1
1	5012	178.3778	0
2	2	0	1
2	28	0.455240613964	1
2	58	1.21881267591	1
2	100	1.895413794696	1
2	170	3.666727859708	1
2	271	6.2058	1
2	299	7.8074	1
2	313	8.205531082799	1
2	334	8.935235824424	1
2	347	10.2098	1
2	363	10.848435780047	1
2	381	11.50898680368	1
2	399	12.174018020816	1
2	423	12.741742940604	1
2	463	14.414	1
2	487	15.8154	1
2	492	16.0156	1
2	500	16.2158	1
2	515	16.755518081127	1
2	532	17.198444780326	1
2	555	17.965098189836	1
2	570	19.2188	1
2	584	19.443654772314	1
2	600	19.712350559935	1
2	632	20.910604951503	1
2	669	22.6222	1
2	696	23.23244674988	1
2	721	24.8244	1
2	737	25.581187306096	1
2	754	25.839873554811	1
2	773	26.735446145612	1
2	798	28.2278	1
2	808	29.429	1
2	813	29.6292	1
2	821	29.8294	1
2	835	30.0296	1
2	840	30.2298	1
2	856	30.590142879636	1
2	868	31.6312	1
2	873	31.8314	1
2	881	32.0316	1
2	896	32.60050810059	1
2	921	33.277188618984	1
2	954	34.591104916081	1
2	993	36.117392947859	1
2	1010	37.437	1
2	1039	39.0386	1
2	1059	39.930397215345	1
2	1081	40.652423971622	1
2	1099	41.285047230711	1
2	1124	42.521748390874	1
2	1157	44.0436	1
2	1179	44.693608159652	1
2	1213	45.878360246571	1
2	1249	46.497778380348	1
2	1299	47.803421094294	1
2	1355	49.6492	1
2	1377	51.0506	1
2	1391	51.438381196403	1
2	1403	52.452	1
2	1408	52.6522	1
2	1413	52.8524	1
2	1418	53.0526	1
2	1436	53.555862078659	1
2	1448	54.6542	1
2	1453	54.8544	1
2	1461	55.0546	1
2	1477	55.770544936559	1
2	1498	56.144921219135	1
2	1531	56.913614777696	1
2	1552	58.2578	1
2	1575	58.537083088731	1
2	1590	59.459	1
2	1600	60.6602	1
2	1608	60.8604	1
2	1613	61.0606	1
2	1618	61.2608	1
2	1629	61.461	1
2	1648	62.099236968451	1
2	1674	62.642428076934	1
2	1706	63.236978181703	1
2	1745	63.974602222671	1
2	1808	65.297828117393	1
2	1879	67.467	1
2	1929	69.2688	1
2	1938	69.269165612403	1
2	1946	69.369165612403	1
2	1972	70.290104345302	1
2	2007	71.8714	1
2	2016	71.967457631141	1
2	2024	72.067457631141	1
2	2042	72.279426197067	1
2	2082	74.0736	1
2	2111	74.814448156529	1
2	2134	75.239917956908	1
2	2174	76.373372934867	1
2	2232	77.449970564798	1
2	2285	79.2788	1
2	2321	80.100365322972	1
2	2364	81.8814	1
2	2371	81.981265338252	1
2	2390	82.356301575983	1
2	2414	82.770010270231	1
2	2470	84.543034921457	1
2	2510	86.2858	1
2	2540	87.051745009717	1
2	2576	88.6882	1
2	2592	89.364500769262	1
2	2609	89.889385876906	1
2	2641	90.955172290349	1
2	2686	92.381333779264	1
2	2699	93.6932	1
2	2709	94.8944	1
2	2717	95.0946	1
2	2722	95.2948	1
2	2738	95.521381897241	1
2	2757	95.731448798924	1
2	2777	96.073043131275	1
2	2818	96.935193149427	1
2	2883	98.765667438744	1
2	2940	100.7002	1
2	2979	102.3018	1
2	2993	102.405502425154	1
2	3000	102.505502425154	1
2	3028	103.59433643136	1
2	3046	104.9044	1
2	3058	105.094447903679	1
2	3065	105.194447903679	1
2	3095	106.564629435212	1
2	3122	108.1076	1
2	3146	109.22742152847	1
2	3163	110.3098	1
2	3179	110.47432990171	1
2	3186	110.57432990171	1
2	3208	111.592877571025	1
2	3231	112.415968965231	1
2	3271	113.250883286168	1
2	3310	114.9144	1
2	3336	115.427986859308	1
2	3361	116.9164	1
2	3375	117.200004405496	1
2	3391	117.448905272535	1
2	3416	118.9184	1
2	3430	119.225190806319	1
2	3442	120.3198	1
2	3447	120.52	1
2	3452	120.7202	1
2	3460	120.9204	1
2	3475	121.504142291746	1
2	3494	121.908182891085	1
2	3513	123.1226	1
2	3522	123.214889401659	1
2	3530	123.314889401659	1
2	3539	123.414889401659	1
2	3570	124.551063338053	1
2	3620	125.813639433631	1
2	3659	127.527	1
2	3690	128.425899058335	1
2	3717	129.9294	1
2	3731	130.133346209135	1
2	3750	131.03031015497	1
2	3781	132.095585345775	1
2	3814	133.533	1
2	3828	133.760529425693	1
2	3849	134.562323837926	1
2	3871	135.306108865383	1
2	3898	136.7362	1
2	3927	137.922402380607	1
2	3957	138.737705630598	1
2	3970	139.9394	1
2	3988	140.626007092063	1
2	4004	140.897187651136	1
2	4017	142.1416	1
2	4032	142.568813522753	1
2	4051	142.796422764471	1
2	4073	143.709832004905	1
2	4099	144.576311146047	1
2	4133	145.554204467017	1
2	4180	147.3468	1
2	4202	147.701649023868	1
2	4229	149.1486	1
2	4246	150.120772567782	1
2	4266	151.139512247248	1
2	4279	152.3518	1
2	4296	153.258281670576	1
2	4317	153.828066684734	1
2	4336	154.197691408393	1
2	4360	155.286662938942	1
2	4375	156.556	1
2	4394	157.21656785305	1
2	4413	158.008571958574	1
2	4436	158.777732318205	1
2	4480	159.737505324753	1
2	4544	161.7612	1
2	4577	162.221132302245	1
2	4615	163.524405285617	1
2	4646	164.9644	1
2	4665	165.347341317603	1
2	4698	166.695182604442	1
2	4739	167.7622087652	1
2	4764	169.1686	1
2	4788	169.827091652642	1
2	4822	170.670279292641	1
2	4854	171.330922691797	1
2	4913	173.3728	1
2	4935	174.7742	1
2	4940	174.9744	1
2	4945	175.1746	1
2	4960	175.769539776568	1
2	4991	177.1766	1
2	4998	177.268046583992	1
2	5013	178.3778	1
3	6	0.005735589651	1
3	16	0.255040613964	1
3	33	0.638337493436	1
3	46	1.01861267591	1
3	62	1.395213794696	1
3	65	1.399378225901	1
3	70	1.478398675955	1
3	81	1.687467622076	1
3	87	1.771771988298	1
3	89	1.779148338008	1
3	104	1.914786704006	1
3	138	3.068340748444	1
3	148	3.366527859708	1
3	152	3.447901033795	1
3	165	3.604735460569	1
3	174	3.686801908444	1
3	177	3.735094130812	1
3	196	4.012289792856	1
3	209	4.245424683726	1
3	223	4.620806807974	1
3	229	4.72115606059	1
3	242	4.929810561191	1
3	264	6.089390637913	1
3	278	6.346970446686	1
3	303	8.005331082799	1
3	322	8.735035824424	1
3	325	8.756771311182	1
3	353	10.648235780047	1
3	371	11.30878680368	1
3	389	11.973818020816	1
3	407	12.441542940604	1
3	410	12.521577505269	1
3	436	13.77714627502	1
3	440	13.857551098459	1
3	467	14.462171289089	1
3	496	16.118775227851	1
3	505	16.555318081127	1
3	522	16.998244780326	1
3	541	17.664898189836	1
3	574	19.243454772314	1
3	588	19.512150559935	1
3	608	20.058322320797	1
3	622	20.710404951503	1
3	639	21.168065323333	1
3	655	22.126291469566	1
3	673	22.687540413583	1
3	684	23.03224674988	1
3	705	23.828783168161	1
3	727	25.380987306096	1
3	742	25.639673554811	1
3	763	26.535246145612	1
3	783	27.523899311071	1
3	817	29.776644751569	1
3	825	29.837324112576	1
3	828	29.939564402869	1
3	831	29.985015525417	1
3	844	30.389942879636	1
3	847	30.428480268769	1
3	877	32.02891107331	1
3	886	32.40030810059	1
3	904	32.976988618984	1
3	911	33.106264833085	1
3	933	34.190904916081	1
3	967	35.617192947859	1
3	1014	37.561532808134	1
3	1046	39.730197215345	1
3	1053	39.843074833572	1
3	1068	40.452223971622	1
3	1074	40.605423636479	1
3	1089	41.084847230711	1
3	1109	42.221548390874	1
3	1135	43.091330093227	1
3	1162	44.393408159652	1
3	1165	44.419712275651	1
3	1189	45.200694073309	1
3	1203	45.678160246571	1
3	1217	45.912475654574	1
3	1220	45.955063992894	1
3	1236	46.297578380348	1
3	1241	46.393518602294	1
3	1259	46.91216218028	1
3	1273	47.226065126155	1
3	1287	47.603221094294	1
3	1307	48.098672898523	1
3	1318	48.4561937498	1
3	1323	48.539247498266	1
3	1337	48.853799727161	1
3	1361	50.114329632493	1
3	1381	51.238181196403	1
3	1423	53.355662078659	1
3	1430	53.469768049746	1
3	1457	54.93030550159	1
3	1467	55.570344936559	1
3	1481	55.844721219135	1
3	1508	56.513414777696	1
3	1515	56.70127299162	1
3	1545	58.127389134818	1
3	1559	58.336883088731	1
3	1562	58.359022928789	1
3	1604	60.743115695115	1
3	1622	61.316005547291	1
3	1625	61.340093846085	1
3	1635	61.899036968451	1
3	1641	62.00159387754	1
3	1655	62.342228076934	1
3	1662	62.522697446015	1
3	1669	62.55268286207	1
3	1681	62.836778181703	1
3	1684	62.858412143873	1
3	1714	63.474402222671	1
3	1720	63.57657307123	1
3	1730	63.727229844717	1
3	1758	64.597628117393	1
3	1765	64.705075344898	1
3	1772	64.802678702202	1
3	1775	64.878234680303	1
3	1781	64.960381215078	1
3	1789	65.000345697897	1
3	1802	65.239750044489	1
3	1818	65.794935751016	1
3	1838	66.159373988366	1
3	1872	67.281999143433	1
3	1890	67.940049804542	1
3	1900	68.180585325673	1
3	1918	69.068965612403	1
3	1921	69.088436415453	1
3	1926	69.259102415118	1
3	1962	70.089904345302	1
3	1983	71.411082769121	1
3	1994	71.767257631141	1
3	1997	71.779980484075	1
3	2001	71.820616165093	1
3	2029	72.079226197067	1
3	2057	73.363913121976	1
3	2064	73.4863900442	1
3	2087	74.383371985003	1
3	2097	74.614248156529	1
3	2100	74.616764017166	1
3	2116	74.939717956908	1
3	2125	75.074736539827	1
3	2141	75.453924857927	1
3	2164	76.173172934867	1
3	2178	76.467437601357	1
3	2191	76.679354064927	1
3	2197	76.811972370335	1
3	2214	77.249770564798	1
3	2223	77.384059971539	1
3	2226	77.404665865178	1
3	2237	77.55006690675	1
3	2267	78.48481249314	1
3	2281	79.20308634108	1
3	2298	79.604422053614	1
3	2309	79.900165322972	1
3	2328	80.303291735	1
3	2341	80.785545637734	1
3	2357	81.781065338252	1
3	2376	82.156101575983	1
3	2379	82.160599693758	1
3	2394	82.469810270231	1
3	2409	82.695902170789	1
3	2425	83.425830341371	1
3	2443	83.896004787994	1
3	2458	84.342834921457	1
3	2461	84.422553155059	1
3	2474	84.62079520262	1
3	2478	84.708106325822	1
3	2515	86.651545009717	1
3	2518	86.682288352868	1
3	2524	86.82236740559	1
3	2547	87.269890346758	1
3	2551	87.352056330503	1
3	2582	89.164300769262	1
3	2599	89.689185876906	1
3	2618	90.382548617841	1
3	2629	90.754972290349	1
3	2648	91.216920198489	1
3	2655	91.328186925045	1
3	2674	92.181133779264	1
3	2677	92.244801455917	1
3	2713	94.894598351672	1
3	2726	95.321181897241	1
3	2729	95.343421671752	1
3	2742	95.531248798924	1
3	2749	95.713025312009	1
3	2761	95.772843131275	1
3	2787	96.434993149427	1
3	2804	96.805981764087	1
3	2812	96.894875118514	1
3	2830	97.444831951846	1
3	2858	98.365467438744	1
3	2861	98.386757297931	1
3	2863	98.403438502192	1
3	2887	98.784788174041	1
3	2906	99.780798644406	1
3	2909	99.828780976623	1
3	2920	100.069496181495	1
3	2945	100.931315834032	1
3	2958	101.424870884483	1
3	2973	102.205302425154	1
3	2976	102.209324260412	1
3	2986	102.376624216306	1
3	3011	103.29413643136	1
3	3015	103.352609658503	1
3	3042	104.894247903679	1
3	3078	106.264429435212	1
3	3082	106.359685766016	1
3	3102	106.76046633657	1
3	3130	108.92722152847	1
3	3133	109.006057952579	1
3	3159	110.27412990171	1
3	3167	110.339797338888	1
3	3172	110.379087188191	1
3	3198	111.392677571025	1
3	3217	112.115768965231	1
3	3238	112.550171459994	1
3	3250	112.88431940099	1
3	3259	113.050683286168	1
3	3282	113.836478681595	1
3	3295	114.308164393295	1
3	3314	115.020622311182	1
3	3324	115.227786859308	1
3	3346	116.137180430469	1
3	3365	116.999804405496	1
3	3379	117.248705272535	1
3	3396	117.622388043632	1
3	3420	119.024990806319	1
3	3456	120.871306100842	1
3	3465	121.303942291746	1
3	3482	121.707982891085	1
3	3486	121.731392607399	1
3	3506	123.014689401659	1
3	3551	124.192781499912	1
3	3558	124.350863338053	1
3	3579	124.812598188508	1
3	3592	125.217988082523	1
3	3595	125.225851638911	1
3	3609	125.613439433631	1
3	3629	126.078152392566	1
3	3645	127.000518319952	1
3	3665	128.025699058335	1
3	3668	128.067505248262	1
3	3670	128.11117629993	1
3	3701	129.106209797693	1
3	3721	129.933146209135	1
3	3740	130.83011015497	1
3	3759	131.608606015788	1
3	3769	131.895385345775	1
3	3791	132.814523227174	1
3	3794	132.834945934549	1
3	3818	133.560329425693	1
3	3837	134.362123837926	1
3	3840	134.381060174291	1
3	3857	135.005908865383	1
3	3882	135.869133328086	1
3	3904	137.25096905486	1
3	3917	137.722202380607	1
3	3935	138.17397376327	1
3	3945	138.537505630598	1
3	3976	140.425807092063	1
3	3979	140.494188958826	1
3	3992	140.696987651136	1
3	4022	142.368613522753	1
3	4036	142.596222764471	1
3	4045	142.787699454447	1
3	4060	143.509632004905	1
3	4067	143.61140885063	1
3	4082	144.276111146047	1
3	4089	144.443264878888	1
3	4110	145.154004467017	1
3	4117	145.350284009569	1
3	4146	146.584360908463	1
3	4149	146.624714303544	1
3	4176	147.318302357325	1
3	4189	147.501449023868	1
3	4212	148.131850451474	1
3	4236	149.920572567782	1
3	4256	150.939312247248	1
3	4286	153.058081670576	1
3	4304	153.627866684734	1
3	4311	153.799195534496	1
3	4322	153.997491408393	1
3	4325	154.015815787069	1
3	4346	154.986462938942	1
3	4381	157.01636785305	1
3	4388	157.170734228481	1
3	4403	157.808371958574	1
3	4421	158.477532318205	1
3	4443	159.015108880771	1
3	4462	159.437305324753	1
3	4465	159.525365730516	1
3	4485	159.789004010897	1
3	4498	160.076596926064	1
3	4505	160.184818727197	1
3	4521	160.500851163042	1
3	4540	161.694395602735	1
3	4554	161.920932302245	1
3	4558	161.966931793018	1
3	4563	162.09313040599	1
3	4593	162.988279650024	1
3	4603	163.324205285617	1
3	4623	163.956891378434	1
3	4639	164.806187449574	1
3	4653	165.147141317603	1
3	4674	165.895047619336	1
3	4688	166.494982604442	1
3	4706	166.989662198251	1
3	4713	167.172379943489	1
3	4727	167.5620087652	1
3	4750	168.649592501207	1
3	4769	169.518762504075	1
3	4776	169.626891652642	1
3	4795	169.993332586647	1
3	4810	170.470079292641	1
3	4813	170.471535249836	1
3	4827	170.814151825101	1
3	4843	171.130722691797	1
3	4864	171.745883233752	1
3	4867	171.758276003681	1
3	4881	172.113851625273	1
3	4895	172.513331148328	1
3	4921	174.18932432754	1
3	4950	175.569339776568	1
3	4971	176.624832018682	1
3	4984	177.067846583992	1
3	5009	178.326118145579	1
3	5023	178.567552920707	1
3	5027	178.581798840083	1
3	5040	180.3030988272	1
3	5044	180.39665601541	1
3	5049	180.820832079752	1
3	5053	181.17722058555	1
3	5057	181.302504060949	1
3	5064	182.032341061034	1
3	5067	182.163931808193	1
3	5072	182.406227282092	1
3	5077	182.800169683702	1
3	5082	183.25730440059	1
3	5085	183.339821053755	1
3	5088	183.36541567527	1
3	5095	184.096610776139	1
3	5101	184.659193592197	1
3	5112	186.364018325499	1
3	5119	186.992784559552	1
3	5125	187.71522423188	1
3	5130	187.992193815432	1
3	5133	188.003858609018	1
3	5136	188.084687573838	1
3	5146	189.520573729276	1
3	5151	189.816824866109	1
3	5155	190.015236942801	1
3	5161	190.752885324335	1
3	5169	191.674781211107	1
3	5174	192.15757659987	1
3	5178	192.373214863422	1
3	5187	193.555324912904	1
3	5192	193.878994264898	1
3	5197	194.354484594368	1
3	5207	195.693295685176	1
3	5211	195.801084103469	1
3	5218	196.78052231742	1
3	5224	197.273256142659	1
3	5231	198.115335449916	1
3	5234	198.14579636462	1
3	5238	198.37935936703	1
3	5245	199.127517772119	1
3	5251	199.721079909516	1
3	5255	199.844522721704	1
3	5258	199.944430365898	1
4	7	0.005735589651	1
4	17	0.255040613964	1
4	34	0.638337493436	1
4	47	1.01861267591	1
4	63	1.395213794696	1
4	66	1.399378225901	1
4	71	1.478398675955	2
4	82	1.687467622076	1
4	88	1.771771988298	1
4	90	1.779148338008	2
4	105	1.914786704006	3
4	139	3.068340748444	1
4	149	3.366527859708	1
4	153	3.447901033795	1
4	166	3.604735460569	1
4	175	3.686801908444	2
4	178	3.735094130812	2
4	197	4.012289792856	1
4	210	4.245424683726	1
4	224	4.620806807974	1
4	230	4.72115606059	1
4	243	4.929810561191	1
4	265	6.089390637913	1
4	279	6.346970446686	1
4	304	8.005331082799	1
4	323	8.735035824424	1
4	326	8.756771311182	1
4	354	10.648235780047	2
4	372	11.30878680368	2
4	390	11.973818020816	2
4	408	12.441542940604	2
4	411	12.521577505269	2
4	437	13.77714627502	2
4	441	13.857551098459	2
4	468	14.462171289089	1
4	497	16.118775227851	1
4	506	16.555318081127	2
4	523	16.998244780326	2
4	542	17.664898189836	2
4	575	19.243454772314	1
4	589	19.512150559935	1
4	609	20.058322320797	1
4	623	20.710404951503	1
4	640	21.168065323333	1
4	656	22.126291469566	1
4	674	22.687540413583	1
4	685	23.03224674988	1
4	706	23.828783168161	1
4	728	25.380987306096	1
4	743	25.639673554811	1
4	764	26.535246145612	1
4	784	27.523899311071	1
4	818	29.776644751569	1
4	826	29.837324112576	2
4	829	29.939564402869	3
4	832	29.985015525417	4
4	845	30.389942879636	5
4	848	30.428480268769	5
4	878	32.02891107331	6
4	887	32.40030810059	7
4	905	32.976988618984	7
4	912	33.106264833085	6
4	934	34.190904916081	7
4	968	35.617192947859	5
4	1015	37.561532808134	2
4	1047	39.730197215345	1
4	1054	39.843074833572	1
4	1069	40.452223971622	2
4	1075	40.605423636479	2
4	1090	41.084847230711	3
4	1110	42.221548390874	3
4	1136	43.091330093227	2
4	1163	44.393408159652	1
4	1166	44.419712275651	1
4	1190	45.200694073309	1
4	1204	45.678160246571	1
4	1218	45.912475654574	1
4	1221	45.955063992894	1
4	1237	46.297578380348	1
4	1242	46.393518602294	1
4	1260	46.91216218028	2
4	1274	47.226065126155	1
4	1288	47.603221094294	1
4	1308	48.098672898523	1
4	1319	48.4561937498	1
4	1324	48.539247498266	1
4	1338	48.853799727161	1
4	1362	50.114329632493	1
4	1382	51.238181196403	1
4	1424	53.355662078659	1
4	1431	53.469768049746	1
4	1458	54.93030550159	2
4	1468	55.570344936559	3
4	1482	55.844721219135	3
4	1509	56.513414777696	2
4	1516	56.70127299162	1
4	1546	58.127389134818	1
4	1560	58.336883088731	1
4	1563	58.359022928789	1
4	1605	60.743115695115	1
4	1623	61.316005547291	2
4	1626	61.340093846085	3
4	1636	61.899036968451	4
4	1642	62.00159387754	4
4	1656	62.342228076934	5
4	1663	62.522697446015	4
4	1670	62.55268286207	5
4	1682	62.836778181703	6
4	1685	62.858412143873	6
4	1715	63.474402222671	5
4	1721	63.57657307123	4
4	1731	63.727229844717	4
4	1759	64.597628117393	4
4	1766	64.705075344898	3
4	1773	64.802678702202	3
4	1776	64.878234680303	4
4	1782	64.960381215078	4
4	1790	65.000345697897	4
4	1803	65.239750044489	4
4	1819	65.794935751016	5
4	1839	66.159373988366	2
4	1873	67.281999143433	1
4	1891	67.940049804542	1
4	1901	68.180585325673	1
4	1919	69.068965612403	1
4	1922	69.088436415453	1
4	1927	69.259102415118	1
4	1963	70.089904345302	1
4	1984	71.411082769121	1
4	1995	71.767257631141	1
4	1998	71.779980484075	1
4	2002	71.820616165093	2
4	2030	72.079226197067	1
4	2058	73.363913121976	1
4	2065	73.4863900442	1
4	2088	74.383371985003	1
4	2098	74.614248156529	1
4	2101	74.616764017166	1
4	2117	74.939717956908	2
4	2126	75.074736539827	1
4	2142	75.453924857927	2
4	2165	76.173172934867	1
4	2179	76.467437601357	1
4	2192	76.679354064927	1
4	2198	76.811972370335	1
4	2215	77.249770564798	1
4	2224	77.384059971539	1
4	2227	77.404665865178	2
4	2238	77.55006690675	3
4	2268	78.48481249314	1
4	2282	79.20308634108	1
4	2299	79.604422053614	1
4	2310	79.900165322972	1
4	2329	80.303291735	1
4	2342	80.785545637734	1
4	2358	81.781065338252	1
4	2377	82.156101575983	1
4	2380	82.160599693758	1
4	2395	82.469810270231	2
4	2410	82.695902170789	1
4	2426	83.425830341371	2
4	2444	83.896004787994	1
4	2459	84.342834921457	1
4	2462	84.422553155059	1
4	2475	84.62079520262	2
4	2479	84.708106325822	2
4	2516	86.651545009717	1
4	2519	86.682288352868	1
4	2525	86.82236740559	1
4	2548	87.269890346758	1
4	2552	87.352056330503	1
4	2583	89.164300769262	1
4	2600	89.689185876906	1
4	2619	90.382548617841	1
4	2630	90.754972290349	1
4	2649	91.216920198489	1
4	2656	91.328186925045	1
4	2675	92.181133779264	1
4	2678	92.244801455917	1
4	2714	94.894598351672	2
4	2727	95.321181897241	3
4	2730	95.343421671752	3
4	2743	95.531248798924	4
4	2750	95.713025312009	4
4	2762	95.772843131275	5
4	2788	96.434993149427	4
4	2805	96.805981764087	1
4	2813	96.894875118514	2
4	2831	97.444831951846	3
4	2859	98.365467438744	1
4	2862	98.386757297931	1
4	2864	98.403438502192	2
4	2888	98.784788174041	1
4	2907	99.780798644406	1
4	2910	99.828780976623	1
4	2921	100.069496181495	1
4	2946	100.931315834032	1
4	2959	101.424870884483	1
4	2974	102.205302425154	1
4	2977	102.209324260412	1
4	2987	102.376624216306	1
4	3012	103.29413643136	2
4	3016	103.352609658503	2
4	3043	104.894247903679	2
4	3079	106.264429435212	1
4	3083	106.359685766016	1
4	3103	106.76046633657	1
4	3131	108.92722152847	1
4	3134	109.006057952579	1
4	3160	110.27412990171	1
4	3168	110.339797338888	1
4	3173	110.379087188191	1
4	3199	111.392677571025	2
4	3218	112.115768965231	2
4	3239	112.550171459994	1
4	3251	112.88431940099	1
4	3260	113.050683286168	1
4	3283	113.836478681595	1
4	3296	114.308164393295	1
4	3315	115.020622311182	1
4	3325	115.227786859308	1
4	3347	116.137180430469	1
4	3366	116.999804405496	1
4	3380	117.248705272535	1
4	3397	117.622388043632	1
4	3421	119.024990806319	1
4	3457	120.871306100842	1
4	3466	121.303942291746	2
4	3483	121.707982891085	2
4	3487	121.731392607399	2
4	3507	123.014689401659	3
4	3552	124.192781499912	1
4	3559	124.350863338053	1
4	3580	124.812598188508	1
4	3593	125.217988082523	1
4	3596	125.225851638911	1
4	3610	125.613439433631	1
4	3630	126.078152392566	1
4	3646	127.000518319952	1
4	3666	128.025699058335	1
4	3669	128.067505248262	1
4	3671	128.11117629993	2
4	3702	129.106209797693	1
4	3722	129.933146209135	1
4	3741	130.83011015497	1
4	3760	131.608606015788	1
4	3770	131.895385345775	1
4	3792	132.814523227174	1
4	3795	132.834945934549	1
4	3819	133.560329425693	1
4	3838	134.362123837926	1
4	3841	134.381060174291	1
4	3858	135.005908865383	2
4	3883	135.869133328086	1
4	3905	137.25096905486	1
4	3918	137.722202380607	1
4	3936	138.17397376327	1
4	3946	138.537505630598	1
4	3977	140.425807092063	1
4	3980	140.494188958826	1
4	3993	140.696987651136	2
4	4023	142.368613522753	2
4	4037	142.596222764471	2
4	4046	142.787699454447	2
4	4061	143.509632004905	3
4	4068	143.61140885063	3
4	4083	144.276111146047	4
4	4090	144.443264878888	3
4	4111	145.154004467017	4
4	4118	145.350284009569	3
4	4147	146.584360908463	3
4	4150	146.624714303544	3
4	4177	147.318302357325	1
4	4190	147.501449023868	1
4	4213	148.131850451474	1
4	4237	149.920572567782	1
4	4257	150.939312247248	1
4	4287	153.058081670576	1
4	4305	153.627866684734	1
4	4312	153.799195534496	1
4	4323	153.997491408393	2
4	4326	154.015815787069	2
4	4347	154.986462938942	3
4	4382	157.01636785305	2
4	4389	157.170734228481	2
4	4404	157.808371958574	3
4	4422	158.477532318205	3
4	4444	159.015108880771	2
4	4463	159.437305324753	1
4	4466	159.525365730516	1
4	4486	159.789004010897	1
4	4499	160.076596926064	1
4	4506	160.184818727197	1
4	4522	160.500851163042	1
4	4541	161.694395602735	1
4	4555	161.920932302245	1
4	4559	161.966931793018	1
4	4564	162.09313040599	1
4	4594	162.988279650024	1
4	4604	163.324205285617	1
4	4624	163.956891378434	1
4	4640	164.806187449574	1
4	4654	165.147141317603	1
4	4675	165.895047619336	1
4	4689	166.494982604442	1
4	4707	166.989662198251	1
4	4714	167.172379943489	1
4	4728	167.5620087652	1
4	4751	168.649592501207	1
4	4770	169.518762504075	1
4	4777	169.626891652642	1
4	4796	169.993332586647	1
4	4811	170.470079292641	1
4	4814	170.471535249836	1
4	4828	170.814151825101	2
4	4844	171.130722691797	1
4	4865	171.745883233752	1
4	4868	171.758276003681	1
4	4882	172.113851625273	1
4	4896	172.513331148328	1
4	4922	174.18932432754	1
4	4951	175.569339776568	1
4	4972	176.624832018682	1
4	4985	177.067846583992	1
4	5010	178.326118145579	1
4	5024	178.567552920707	1
4	5028	178.581798840083	2
4	5041	180.3030988272	3
4	5045	180.39665601541	4
4	5050	180.820832079752	5
4	5054	181.17722058555	6
4	5058	181.302504060949	7
4	5065	182.032341061034	8
4	5068	182.163931808193	9
4	5073	182.406227282092	10
4	5078	182.800169683702	11
4	5083	183.25730440059	12
4	5086	183.339821053755	13
4	5089	183.36541567527	14
4	5096	184.096610776139	15
4	5102	184.659193592197	16
4	5113	186.364018325499	17
4	5120	186.992784559552	18
4	5126	187.71522423188	19
4	5131	187.992193815432	20
4	5134	188.003858609018	21
4	5137	188.084687573838	22
4	5147	189.520573729276	23
4	5152	189.816824866109	24
4	5156	190.015236942801	25
4	5162	190.752885324335	26
4	5170	191.674781211107	27
4	5175	192.15757659987	28
4	5179	192.373214863422	29
4	5188	193.555324912904	30
4	5193	193.878994264898	31
4	5198	194.354484594368	32
4	5208	195.693295685176	33
4	5212	195.801084103469	34
4	5219	196.78052231742	35
4	5225	197.273256142659	36
4	5232	198.115335449916	37
4	5235	198.14579636462	38
4	5239	198.37935936703	39
4	5246	199.127517772119	40
4	5252	199.721079909516	41
4	5256	199.844522721704	42
4	5259	199.944430365898	43
5	8	0.005735589651	1
5	18	0.255040613964	2
5	35	0.638337493436	3
5	48	1.01861267591	4
5	64	1.395213794696	5
5	72	1.495213794696	6
5	75	1.595213794696	7
5	83	1.695213794696	8
5	106	1.914786704006	9
5	110	2.014786704006	10
5	113	2.114786704006	11
5	140	3.068340748444	12
5	150	3.366527859708	13
5	154	3.466527859708	14
5	176	3.686801908444	15
5	181	3.786801908444	16
5	185	3.886801908444	17
5	198	4.012289792856	18
5	211	4.245424683726	19
5	225	4.620806807974	20
5	231	4.72115606059	21
5	244	4.929810561191	22
5	266	6.089390637913	23
5	280	6.346970446686	24
5	305	8.005331082799	25
5	324	8.735035824424	26
5	355	10.648235780047	27
5	373	11.30878680368	28
5	391	11.973818020816	29
5	409	12.441542940604	30
5	412	12.541542940604	31
5	438	13.77714627502	32
5	442	13.87714627502	33
5	445	13.97714627502	34
5	469	14.462171289089	35
5	507	16.555318081127	36
5	524	16.998244780326	37
5	543	17.664898189836	38
5	544	17.764898189836	39
5	576	19.243454772314	40
5	590	19.512150559935	41
5	610	20.058322320797	42
5	624	20.710404951503	43
5	641	21.168065323333	44
5	657	22.126291469566	45
5	675	22.687540413583	46
5	686	23.03224674988	47
5	707	23.828783168161	48
5	729	25.380987306096	49
5	744	25.639673554811	50
5	765	26.535246145612	51
5	785	27.523899311071	52
5	846	30.389942879636	53
5	888	32.40030810059	54
5	906	32.976988618984	55
5	908	33.076988618984	56
5	935	34.190904916081	57
5	937	34.290904916081	58
5	940	34.390904916081	59
5	969	35.617192947859	60
5	971	35.717192947859	61
5	974	35.817192947859	62
5	980	35.917192947859	63
5	1016	37.561532808134	64
5	1018	37.661532808134	65
5	1048	39.730197215345	66
5	1070	40.452223971622	67
5	1091	41.084847230711	68
5	1111	42.221548390874	69
5	1113	42.321548390874	70
5	1137	43.091330093227	71
5	1138	43.191330093227	72
5	1164	44.393408159652	73
5	1168	44.493408159652	74
5	1191	45.200694073309	75
5	1205	45.678160246571	76
5	1219	45.912475654574	77
5	1222	46.012475654574	78
5	1238	46.297578380348	79
5	1261	46.91216218028	80
5	1262	47.01216218028	81
5	1275	47.226065126155	82
5	1289	47.603221094294	83
5	1309	48.098672898523	84
5	1320	48.4561937498	85
5	1325	48.5561937498	86
5	1339	48.853799727161	87
5	1363	50.114329632493	88
5	1383	51.238181196403	89
5	1425	53.355662078659	90
5	1469	55.570344936559	91
5	1483	55.844721219135	92
5	1485	55.944721219135	93
5	1510	56.513414777696	94
5	1511	56.613414777696	95
5	1517	56.713414777696	96
5	1547	58.127389134818	97
5	1561	58.336883088731	98
5	1564	58.436883088731	99
5	1637	61.899036968451	100
5	1657	62.342228076934	101
5	1658	62.442228076934	102
5	1683	62.836778181703	103
5	1687	62.936778181703	104
5	1692	63.036778181703	105
5	1716	63.474402222671	106
5	1717	63.574402222671	107
5	1725	63.674402222671	108
5	1732	63.774402222671	109
5	1760	64.597628117393	110
5	1762	64.697628117393	111
5	1767	64.797628117393	112
5	1777	64.897628117393	113
5	1783	64.997628117393	114
5	1792	65.097628117393	115
5	1820	65.794935751016	116
5	1824	65.894935751016	117
5	1827	65.994935751016	118
5	1834	66.094935751016	119
5	1840	66.194935751016	120
5	1847	66.294935751016	121
5	1874	67.281999143433	122
5	1892	67.940049804542	123
5	1902	68.180585325673	124
5	1920	69.068965612403	125
5	1923	69.168965612403	126
5	1933	69.268965612403	127
5	1964	70.089904345302	128
5	1985	71.411082769121	129
5	1996	71.767257631141	130
5	2003	71.867257631141	131
5	2011	71.967257631141	132
5	2031	72.079226197067	133
5	2059	73.363913121976	134
5	2066	73.4863900442	135
5	2089	74.383371985003	136
5	2099	74.614248156529	137
5	2118	74.939717956908	138
5	2121	75.039717956908	139
5	2143	75.453924857927	140
5	2147	75.553924857927	141
5	2166	76.173172934867	142
5	2180	76.467437601357	143
5	2193	76.679354064927	144
5	2199	76.811972370335	145
5	2216	77.249770564798	146
5	2239	77.55006690675	147
5	2242	77.65006690675	148
5	2246	77.75006690675	149
5	2269	78.48481249314	150
5	2283	79.20308634108	151
5	2300	79.604422053614	152
5	2311	79.900165322972	153
5	2330	80.303291735	154
5	2343	80.785545637734	155
5	2359	81.781065338252	156
5	2378	82.156101575983	157
5	2396	82.469810270231	158
5	2400	82.569810270231	159
5	2427	83.425830341371	160
5	2429	83.525830341371	161
5	2445	83.896004787994	162
5	2460	84.342834921457	163
5	2476	84.62079520262	164
5	2480	84.72079520262	165
5	2485	84.82079520262	166
5	2517	86.651545009717	167
5	2521	86.751545009717	168
5	2526	86.851545009717	169
5	2549	87.269890346758	170
5	2553	87.369890346758	171
5	2584	89.164300769262	172
5	2601	89.689185876906	173
5	2620	90.382548617841	174
5	2631	90.754972290349	175
5	2650	91.216920198489	176
5	2657	91.328186925045	177
5	2676	92.181133779264	178
5	2728	95.321181897241	179
5	2744	95.531248798924	180
5	2763	95.772843131275	181
5	2764	95.872843131275	182
5	2789	96.434993149427	183
5	2791	96.534993149427	184
5	2794	96.634993149427	185
5	2800	96.734993149427	186
5	2832	97.444831951846	187
5	2834	97.544831951846	188
5	2837	97.644831951846	189
5	2860	98.365467438744	190
5	2865	98.465467438744	191
5	2869	98.565467438744	192
5	2889	98.784788174041	193
5	2908	99.780798644406	194
5	2911	99.880798644406	195
5	2922	100.069496181495	196
5	2947	100.931315834032	197
5	2960	101.424870884483	198
5	2975	102.205302425154	199
5	2983	102.305302425154	200
5	3013	103.29413643136	201
5	3017	103.39413643136	202
5	3044	104.894247903679	203
5	3050	104.994247903679	204
5	3080	106.264429435212	205
5	3084	106.364429435212	206
5	3104	106.76046633657	207
5	3132	108.92722152847	208
5	3135	109.02722152847	209
5	3161	110.27412990171	210
5	3169	110.37412990171	211
5	3200	111.392677571025	212
5	3219	112.115768965231	213
5	3220	112.215768965231	214
5	3240	112.550171459994	215
5	3252	112.88431940099	216
5	3261	113.050683286168	217
5	3284	113.836478681595	218
5	3297	114.308164393295	219
5	3316	115.020622311182	220
5	3326	115.227786859308	221
5	3348	116.137180430469	222
5	3367	116.999804405496	223
5	3381	117.248705272535	224
5	3398	117.622388043632	225
5	3422	119.024990806319	226
5	3467	121.303942291746	227
5	3484	121.707982891085	228
5	3508	123.014689401659	229
5	3509	123.114689401659	230
5	3517	123.214689401659	231
5	3553	124.192781499912	232
5	3560	124.350863338053	233
5	3581	124.812598188508	234
5	3594	125.217988082523	235
5	3597	125.317988082523	236
5	3611	125.613439433631	237
5	3631	126.078152392566	238
5	3647	127.000518319952	239
5	3667	128.025699058335	240
5	3672	128.125699058335	241
5	3676	128.225699058335	242
5	3703	129.106209797693	243
5	3723	129.933146209135	244
5	3742	130.83011015497	245
5	3761	131.608606015788	246
5	3771	131.895385345775	247
5	3793	132.814523227174	248
5	3796	132.914523227174	249
5	3820	133.560329425693	250
5	3839	134.362123837926	251
5	3859	135.005908865383	252
5	3860	135.105908865383	253
5	3884	135.869133328086	254
5	3906	137.25096905486	255
5	3919	137.722202380607	256
5	3937	138.17397376327	257
5	3947	138.537505630598	258
5	3978	140.425807092063	259
5	3994	140.696987651136	260
5	4024	142.368613522753	261
5	4038	142.596222764471	262
5	4062	143.509632004905	263
5	4084	144.276111146047	264
5	4086	144.376111146047	265
5	4112	145.154004467017	266
5	4113	145.254004467017	267
5	4119	145.354004467017	268
5	4148	146.584360908463	269
5	4151	146.684360908463	270
5	4155	146.784360908463	271
5	4160	146.884360908463	272
5	4178	147.318302357325	273
5	4191	147.501449023868	274
5	4214	148.131850451474	275
5	4238	149.920572567782	276
5	4258	150.939312247248	277
5	4288	153.058081670576	278
5	4306	153.627866684734	279
5	4324	153.997491408393	280
5	4348	154.986462938942	281
5	4349	155.086462938942	282
5	4383	157.01636785305	283
5	4405	157.808371958574	284
5	4423	158.477532318205	285
5	4425	158.577532318205	286
5	4445	159.015108880771	287
5	4448	159.115108880771	288
5	4464	159.437305324753	289
5	4467	159.537305324753	290
5	4487	159.789004010897	291
5	4500	160.076596926064	292
5	4507	160.184818727197	293
5	4523	160.500851163042	294
5	4542	161.694395602735	295
5	4556	161.920932302245	296
5	4560	162.020932302245	297
5	4567	162.120932302245	298
5	4595	162.988279650024	299
5	4605	163.324205285617	300
5	4625	163.956891378434	301
5	4641	164.806187449574	302
5	4655	165.147141317603	303
5	4676	165.895047619336	304
5	4690	166.494982604442	305
5	4708	166.989662198251	306
5	4715	167.172379943489	307
5	4729	167.5620087652	308
5	4752	168.649592501207	309
5	4771	169.518762504075	310
5	4778	169.626891652642	311
5	4797	169.993332586647	312
5	4812	170.470079292641	313
5	4829	170.814151825101	314
5	4832	170.914151825101	315
5	4845	171.130722691797	316
5	4866	171.745883233752	317
5	4870	171.845883233752	318
5	4883	172.113851625273	319
5	4897	172.513331148328	320
5	4923	174.18932432754	321
5	4952	175.569339776568	322
5	4973	176.624832018682	323
5	4986	177.067846583992	324
5	5011	178.326118145579	325
6	10	0.105835589651	1
6	20	0.355140613964	1
6	39	0.738437493436	1
6	52	1.11871267591	1
6	73	1.495313794696	1
6	76	1.595313794696	1
6	84	1.695313794696	1
6	92	1.795313794696	1
6	111	2.014886704006	1
6	114	2.114886704006	1
6	121	2.214886704006	1
6	142	3.168440748444	1
6	155	3.466627859708	1
6	160	3.566627859708	1
6	182	3.786901908444	1
6	186	3.886901908444	1
6	192	3.986901908444	1
6	202	4.112389792856	1
6	213	4.345524683726	1
6	227	4.720906807974	1
6	238	4.82125606059	1
6	249	5.029910561191	1
6	268	6.189490637913	1
6	283	6.447070446686	1
6	308	8.105431082799	1
6	329	8.835135824424	1
6	357	10.748335780047	1
6	375	11.40888680368	1
6	394	12.073918020816	1
6	413	12.541642940604	1
6	417	12.641642940604	1
6	443	13.87724627502	1
6	446	13.97724627502	1
6	452	14.07724627502	1
6	471	14.562271289089	1
6	510	16.655418081127	1
6	527	17.098344780326	1
6	545	17.764998189836	1
6	549	17.864998189836	1
6	578	19.343554772314	1
6	592	19.612250559935	1
6	612	20.158422320797	1
6	626	20.810504951503	1
6	644	21.268165323333	1
6	660	22.226391469566	1
6	677	22.787640413583	1
6	690	23.13234674988	1
6	709	23.928883168161	1
6	732	25.481087306096	1
6	746	25.739773554811	1
6	768	26.635346145612	1
6	787	27.623999311071	1
6	851	30.490042879636	1
6	891	32.50040810059	1
6	909	33.077088618984	1
6	914	33.177088618984	1
6	938	34.291004916081	1
6	941	34.391004916081	1
6	947	34.491004916081	1
6	972	35.717292947859	1
6	975	35.817292947859	1
6	981	35.917292947859	1
6	985	36.017292947859	1
6	1019	37.661632808134	1
6	1022	37.761632808134	1
6	1050	39.830297215345	1
6	1072	40.552323971622	1
6	1093	41.184947230711	1
6	1114	42.321648390874	1
6	1117	42.421648390874	1
6	1139	43.191430093227	1
6	1143	43.291430093227	1
6	1169	44.493508159652	1
6	1172	44.593508159652	1
6	1194	45.300794073309	1
6	1207	45.778260246571	1
6	1223	46.012575654574	1
6	1229	46.112575654574	1
6	1244	46.397678380348	1
6	1263	47.01226218028	1
6	1267	47.11226218028	1
6	1280	47.326165126155	1
6	1292	47.703321094294	1
6	1311	48.198772898523	1
6	1326	48.5562937498	1
6	1330	48.6562937498	1
6	1343	48.953899727161	1
6	1365	50.214429632493	1
6	1386	51.338281196403	1
6	1428	53.455762078659	1
6	1472	55.670444936559	1
6	1486	55.944821219135	1
6	1491	56.044821219135	1
6	1512	56.613514777696	1
6	1518	56.713514777696	1
6	1523	56.813514777696	1
6	1549	58.227489134818	1
6	1565	58.436983088731	1
6	1571	58.536983088731	1
6	1639	61.999136968451	1
6	1659	62.442328076934	1
6	1665	62.542328076934	1
6	1688	62.936878181703	1
6	1693	63.036878181703	1
6	1699	63.136878181703	1
6	1718	63.574502222671	1
6	1726	63.674502222671	1
6	1733	63.774502222671	1
6	1738	63.874502222671	1
6	1763	64.697728117393	1
6	1768	64.797728117393	1
6	1778	64.897728117393	1
6	1784	64.997728117393	1
6	1793	65.097728117393	1
6	1797	65.197728117393	1
6	1825	65.895035751016	1
6	1828	65.995035751016	1
6	1835	66.095035751016	1
6	1841	66.195035751016	1
6	1848	66.295035751016	1
6	1852	66.395035751016	1
6	1876	67.382099143433	1
6	1894	68.040149804542	1
6	1905	68.280685325673	1
6	1924	69.169065612403	1
6	1934	69.269065612403	1
6	1943	69.369065612403	1
6	1966	70.190004345302	1
6	1988	71.511182769121	1
6	2004	71.867357631141	1
6	2012	71.967357631141	1
6	2021	72.067357631141	1
6	2037	72.179326197067	1
6	2061	73.464013121976	1
6	2071	73.5864900442	1
6	2092	74.483471985003	1
6	2104	74.714348156529	1
6	2122	75.039817956908	1
6	2128	75.139817956908	1
6	2148	75.554024857927	1
6	2151	75.654024857927	1
6	2168	76.273272934867	1
6	2183	76.567537601357	1
6	2195	76.779454064927	1
6	2207	76.912072370335	1
6	2221	77.349870564798	1
6	2243	77.65016690675	1
6	2247	77.75016690675	1
6	2252	77.85016690675	1
6	2271	78.58491249314	1
6	2290	79.30318634108	1
6	2303	79.704522053614	1
6	2313	80.000265322972	1
6	2332	80.403391735	1
6	2346	80.885645637734	1
6	2361	81.881165338252	1
6	2384	82.256201575983	1
6	2401	82.569910270231	1
6	2404	82.669910270231	1
6	2430	83.525930341371	1
6	2433	83.625930341371	1
6	2447	83.996104787994	1
6	2464	84.442934921457	1
6	2481	84.72089520262	1
6	2486	84.82089520262	1
6	2492	84.92089520262	1
6	2522	86.751645009717	1
6	2527	86.851645009717	1
6	2533	86.951645009717	1
6	2554	87.369990346758	1
6	2559	87.469990346758	1
6	2586	89.264400769262	1
6	2604	89.789285876906	1
6	2622	90.482648617841	1
6	2635	90.855072290349	1
6	2653	91.317020198489	1
6	2662	91.428286925045	1
6	2680	92.281233779264	1
6	2732	95.421281897241	1
6	2746	95.631348798924	1
6	2765	95.872943131275	1
6	2771	95.972943131275	1
6	2792	96.535093149427	1
6	2795	96.635093149427	1
6	2801	96.735093149427	1
6	2807	96.835093149427	1
6	2835	97.544931951846	1
6	2838	97.644931951846	1
6	2844	97.744931951846	1
6	2866	98.465567438744	1
6	2870	98.565567438744	1
6	2875	98.665567438744	1
6	2891	98.884888174041	1
6	2912	99.880898644406	1
6	2916	99.980898644406	1
6	2927	100.169596181495	1
6	2949	101.031415834032	1
6	2963	101.524970884483	1
6	2984	102.305402425154	1
6	2989	102.405402425154	1
6	3018	103.39423643136	1
6	3021	103.49423643136	1
6	3051	104.994347903679	1
6	3054	105.094347903679	1
6	3085	106.364529435212	1
6	3088	106.464529435212	1
6	3106	106.86056633657	1
6	3136	109.02732152847	1
6	3140	109.12732152847	1
6	3170	110.37422990171	1
6	3175	110.47422990171	1
6	3202	111.492777571025	1
6	3221	112.215868965231	1
6	3225	112.315868965231	1
6	3242	112.650271459994	1
6	3257	112.98441940099	1
6	3267	113.150783286168	1
6	3287	113.936578681595	1
6	3300	114.408264393295	1
6	3319	115.120722311182	1
6	3329	115.327886859308	1
6	3350	116.237280430469	1
6	3369	117.099904405496	1
6	3384	117.348805272535	1
6	3403	117.722488043632	1
6	3425	119.125090806319	1
6	3470	121.404042291746	1
6	3489	121.808082891085	1
6	3510	123.114789401659	1
6	3518	123.214789401659	1
6	3527	123.314789401659	1
6	3555	124.292881499912	1
6	3565	124.450963338053	1
6	3583	124.912698188508	1
6	3598	125.318088082523	1
6	3602	125.418088082523	1
6	3615	125.713539433631	1
6	3634	126.178252392566	1
6	3649	127.100618319952	1
6	3673	128.125799058335	1
6	3677	128.225799058335	1
6	3682	128.325799058335	1
6	3706	129.206309797693	1
6	3725	130.033246209135	1
6	3744	130.93021015497	1
6	3763	131.708706015788	1
6	3774	131.995485345775	1
6	3797	132.914623227174	1
6	3801	133.014623227174	1
6	3822	133.660429425693	1
6	3843	134.462223837926	1
6	3861	135.106008865383	1
6	3865	135.206008865383	1
6	3887	135.969233328086	1
6	3909	137.35106905486	1
6	3922	137.822302380607	1
6	3939	138.27407376327	1
6	3952	138.637605630598	1
6	3982	140.525907092063	1
6	3997	140.797087651136	1
6	4026	142.468713522753	1
6	4040	142.696322764471	1
6	4065	143.609732004905	1
6	4087	144.376211146047	1
6	4092	144.476211146047	1
6	4114	145.254104467017	1
6	4120	145.354104467017	1
6	4125	145.454104467017	1
6	4152	146.684460908463	1
6	4156	146.784460908463	1
6	4161	146.884460908463	1
6	4166	146.984460908463	1
6	4187	147.418402357325	1
6	4198	147.601549023868	1
6	4217	148.231950451474	1
6	4241	150.020672567782	1
6	4261	151.039412247248	1
6	4291	153.158181670576	1
6	4308	153.727966684734	1
6	4330	154.097591408393	1
6	4350	155.086562938942	1
6	4354	155.186562938942	1
6	4385	157.11646785305	1
6	4407	157.908471958574	1
6	4426	158.577632318205	1
6	4429	158.677632318205	1
6	4449	159.115208880771	1
6	4453	159.215208880771	1
6	4468	159.537405324753	1
6	4474	159.637405324753	1
6	4491	159.889104010897	1
6	4503	160.176696926064	1
6	4514	160.284918727197	1
6	4526	160.600951163042	1
6	4549	161.794495602735	1
6	4561	162.021032302245	1
6	4568	162.121032302245	1
6	4574	162.221032302245	1
6	4597	163.088379650024	1
6	4610	163.424305285617	1
6	4628	164.056991378434	1
6	4643	164.906287449574	1
6	4660	165.247241317603	1
6	4679	165.995147619336	1
6	4693	166.595082604442	1
6	4710	167.089762198251	1
6	4720	167.272479943489	1
6	4734	167.6621087652	1
6	4754	168.749692501207	1
6	4774	169.618862504075	1
6	4783	169.726991652642	1
6	4799	170.093432586647	1
6	4817	170.570179292641	1
6	4833	170.914251825101	1
6	4837	171.014251825101	1
6	4850	171.230822691797	1
6	4871	171.845983233752	1
6	4874	171.945983233752	1
6	4888	172.213951625273	1
6	4902	172.613431148328	1
6	4925	174.28942432754	1
6	4955	175.669439776568	1
6	4975	176.724932018682	1
6	4988	177.167946583992	1
6	5018	178.426218145579	1
7	14	0.205935589651	1
7	26	0.455240613964	1
7	43	0.838537493436	1
7	56	1.21881267591	1
7	78	1.595413794696	1
7	86	1.695413794696	1
7	96	1.795413794696	1
7	99	1.895413794696	2
7	116	2.114986704006	2
7	123	2.214986704006	2
7	125	2.314986704006	3
7	146	3.268540748444	1
7	162	3.566727859708	1
7	169	3.666727859708	1
7	188	3.887001908444	1
7	194	3.987001908444	1
7	200	4.087001908444	2
7	208	4.212489792856	2
7	219	4.445624683726	2
7	236	4.821006807974	1
7	241	4.92135606059	2
7	252	5.130010561191	2
7	276	6.289590637913	1
7	288	6.547170446686	1
7	311	8.205531082799	1
7	332	8.935235824424	1
7	361	10.848435780047	1
7	379	11.50898680368	1
7	397	12.174018020816	1
7	419	12.641742940604	1
7	422	12.741742940604	1
7	448	13.97734627502	1
7	454	14.07734627502	1
7	458	14.17734627502	1
7	477	14.662371289089	1
7	513	16.755518081127	1
7	530	17.198444780326	1
7	551	17.865098189836	1
7	554	17.965098189836	1
7	582	19.443654772314	1
7	598	19.712350559935	1
7	616	20.258522320797	1
7	630	20.910604951503	1
7	647	21.368265323333	1
7	663	22.326491469566	1
7	681	22.887740413583	1
7	694	23.23244674988	1
7	713	24.028983168161	1
7	735	25.581187306096	1
7	752	25.839873554811	1
7	771	26.735446145612	1
7	791	27.724099311071	1
7	854	30.590142879636	1
7	894	32.60050810059	1
7	916	33.177188618984	1
7	920	33.277188618984	1
7	943	34.391104916081	1
7	949	34.491104916081	1
7	953	34.591104916081	1
7	977	35.817392947859	1
7	983	35.917392947859	1
7	989	36.017392947859	1
7	992	36.117392947859	2
7	1024	37.761732808134	1
7	1028	37.861732808134	1
7	1057	39.930397215345	1
7	1079	40.652423971622	1
7	1097	41.285047230711	1
7	1119	42.421748390874	1
7	1123	42.521748390874	1
7	1145	43.291530093227	1
7	1148	43.391530093227	1
7	1174	44.593608159652	1
7	1178	44.693608159652	1
7	1197	45.400894073309	1
7	1211	45.878360246571	1
7	1231	46.112675654574	1
7	1234	46.212675654574	1
7	1248	46.497778380348	1
7	1269	47.11236218028	1
7	1272	47.21236218028	1
7	1283	47.426265126155	1
7	1297	47.803421094294	1
7	1315	48.298872898523	1
7	1332	48.6563937498	1
7	1335	48.7563937498	1
7	1347	49.053999727161	1
7	1369	50.314529632493	1
7	1389	51.438381196403	1
7	1434	53.555862078659	1
7	1475	55.770544936559	1
7	1493	56.044921219135	1
7	1497	56.144921219135	1
7	1520	56.713614777696	1
7	1525	56.813614777696	1
7	1530	56.913614777696	1
7	1557	58.327589134818	1
7	1573	58.537083088731	1
7	1580	58.637083088731	1
7	1646	62.099236968451	1
7	1667	62.542428076934	1
7	1673	62.642428076934	1
7	1695	63.036978181703	1
7	1701	63.136978181703	1
7	1705	63.236978181703	1
7	1728	63.674602222671	1
7	1735	63.774602222671	1
7	1742	63.874602222671	1
7	1744	63.974602222671	2
7	1770	64.797828117393	1
7	1780	64.897828117393	1
7	1788	64.997828117393	1
7	1795	65.097828117393	2
7	1801	65.197828117393	2
7	1807	65.297828117393	3
7	1830	65.995135751016	1
7	1837	66.095135751016	1
7	1843	66.195135751016	2
7	1850	66.295135751016	2
7	1854	66.395135751016	3
7	1859	66.495135751016	3
7	1884	67.482199143433	1
7	1898	68.140249804542	1
7	1910	68.380785325673	1
7	1936	69.269165612403	1
7	1945	69.369165612403	1
7	1954	69.469165612403	1
7	1970	70.290104345302	1
7	1991	71.611282769121	1
7	2014	71.967457631141	1
7	2023	72.067457631141	1
7	2035	72.167457631141	1
7	2041	72.279426197067	2
7	2068	73.564113121976	1
7	2075	73.6865900442	1
7	2095	74.583571985003	1
7	2109	74.814448156529	1
7	2130	75.139917956908	1
7	2133	75.239917956908	1
7	2153	75.654124857927	1
7	2157	75.754124857927	1
7	2172	76.373372934867	1
7	2188	76.667637601357	1
7	2204	76.879554064927	1
7	2210	77.012172370335	1
7	2230	77.449970564798	1
7	2249	77.75026690675	1
7	2254	77.85026690675	1
7	2259	77.95026690675	1
7	2275	78.68501249314	1
7	2293	79.40328634108	1
7	2306	79.804622053614	1
7	2319	80.100365322972	1
7	2336	80.503491735	1
7	2349	80.985745637734	1
7	2369	81.981265338252	1
7	2388	82.356301575983	1
7	2406	82.670010270231	1
7	2413	82.770010270231	1
7	2435	83.626030341371	1
7	2439	83.726030341371	1
7	2453	84.096204787994	1
7	2468	84.543034921457	1
7	2488	84.82099520262	1
7	2494	84.92099520262	1
7	2498	85.02099520262	1
7	2529	86.851745009717	1
7	2535	86.951745009717	1
7	2539	87.051745009717	1
7	2561	87.470090346758	1
7	2565	87.570090346758	1
7	2590	89.364500769262	1
7	2607	89.889385876906	1
7	2626	90.582748617841	1
7	2639	90.955172290349	1
7	2659	91.417120198489	1
7	2666	91.528386925045	1
7	2684	92.381333779264	1
7	2736	95.521381897241	1
7	2755	95.731448798924	1
7	2773	95.973043131275	1
7	2776	96.073043131275	1
7	2797	96.635193149427	1
7	2803	96.735193149427	1
7	2811	96.835193149427	1
7	2817	96.935193149427	2
7	2840	97.645031951846	1
7	2846	97.745031951846	1
7	2850	97.845031951846	1
7	2872	98.565667438744	1
7	2877	98.665667438744	1
7	2882	98.765667438744	1
7	2897	98.984988174041	1
7	2918	99.980998644406	1
7	2924	100.080998644406	1
7	2932	100.269696181495	1
7	2953	101.131515834032	1
7	2966	101.625070884483	1
7	2991	102.405502425154	1
7	2999	102.505502425154	1
7	3023	103.49433643136	1
7	3027	103.59433643136	1
7	3056	105.094447903679	1
7	3064	105.194447903679	1
7	3090	106.464629435212	1
7	3094	106.564629435212	1
7	3112	106.96066633657	1
7	3142	109.12742152847	1
7	3145	109.22742152847	1
7	3177	110.47432990171	1
7	3185	110.57432990171	1
7	3206	111.592877571025	1
7	3227	112.315968965231	1
7	3230	112.415968965231	1
7	3248	112.750371459994	1
7	3263	113.08451940099	1
7	3270	113.250883286168	1
7	3290	114.036678681595	1
7	3303	114.508364393295	1
7	3322	115.220822311182	1
7	3334	115.427986859308	1
7	3354	116.337380430469	1
7	3373	117.200004405496	1
7	3389	117.448905272535	1
7	3406	117.822588043632	1
7	3428	119.225190806319	1
7	3473	121.504142291746	1
7	3492	121.908182891085	1
7	3520	123.214889401659	1
7	3529	123.314889401659	1
7	3538	123.414889401659	1
7	3562	124.392981499912	1
7	3569	124.551063338053	1
7	3587	125.012798188508	1
7	3604	125.418188082523	1
7	3607	125.518188082523	1
7	3619	125.813639433631	1
7	3637	126.278352392566	1
7	3653	127.200718319952	1
7	3679	128.225899058335	1
7	3684	128.325899058335	1
7	3689	128.425899058335	1
7	3709	129.306409797693	1
7	3729	130.133346209135	1
7	3748	131.03031015497	1
7	3767	131.808806015788	1
7	3779	132.095585345775	1
7	3803	133.014723227174	1
7	3806	133.114723227174	1
7	3826	133.760529425693	1
7	3847	134.562323837926	1
7	3867	135.206108865383	1
7	3870	135.306108865383	1
7	3890	136.069333328086	1
7	3912	137.45116905486	1
7	3925	137.922402380607	1
7	3943	138.37417376327	1
7	3955	138.737705630598	1
7	3986	140.626007092063	1
7	4002	140.897187651136	1
7	4030	142.568813522753	1
7	4049	142.796422764471	1
7	4071	143.709832004905	1
7	4094	144.476311146047	1
7	4098	144.576311146047	1
7	4122	145.354204467017	1
7	4127	145.454204467017	1
7	4132	145.554204467017	1
7	4158	146.784560908463	1
7	4163	146.884560908463	1
7	4170	146.984560908463	1
7	4172	147.084560908463	2
7	4193	147.518502357325	1
7	4201	147.701649023868	1
7	4220	148.332050451474	1
7	4244	150.120772567782	1
7	4264	151.139512247248	1
7	4294	153.258281670576	1
7	4315	153.828066684734	1
7	4334	154.197691408393	1
7	4356	155.186662938942	1
7	4359	155.286662938942	1
7	4392	157.21656785305	1
7	4411	158.008571958574	1
7	4431	158.677732318205	1
7	4435	158.777732318205	1
7	4455	159.215308880771	1
7	4458	159.315308880771	1
7	4476	159.637505324753	1
7	4479	159.737505324753	1
7	4495	159.989204010897	1
7	4511	160.276796926064	1
7	4518	160.385018727197	1
7	4531	160.701051163042	1
7	4552	161.894595602735	1
7	4570	162.121132302245	1
7	4576	162.221132302245	1
7	4584	162.321132302245	1
7	4601	163.188479650024	1
7	4613	163.524405285617	1
7	4631	164.157091378434	1
7	4651	165.006387449574	1
7	4663	165.347341317603	1
7	4682	166.095247619336	1
7	4696	166.695182604442	1
7	4717	167.189862198251	1
7	4724	167.372579943489	1
7	4737	167.7622087652	1
7	4758	168.849792501207	1
7	4780	169.718962504075	1
7	4787	169.827091652642	1
7	4805	170.193532586647	1
7	4820	170.670279292641	1
7	4839	171.014351825101	1
7	4842	171.114351825101	1
7	4853	171.330922691797	1
7	4876	171.946083233752	1
7	4880	172.046083233752	1
7	4891	172.314051625273	1
7	4905	172.713531148328	1
7	4929	174.38952432754	1
7	4958	175.769539776568	1
7	4979	176.825032018682	1
7	4996	177.268046583992	1
7	5021	178.526318145579	1
8	23	0.405935589651	0.4002
8	36	0.655240613964	0.4002
8	49	1.038537493436	0.4002
8	68	1.41881267591	0.4002
8	94	1.795413794696	0.4002
8	107	1.995413794696	0.596035568795
8	117	2.195413794696	0.717015118741
8	126	2.395413794696	0.70794617262
8	129	2.595413794696	0.823641806398
8	132	2.795413794696	1.016265456688
8	135	2.995413794696	1.08062709069
8	157	3.468540748444	0.4002
8	179	3.766727859708	0.4002
8	189	3.966727859708	0.518826825913
8	204	4.166727859708	0.561992399139
8	215	4.366727859708	0.679925951264
8	220	4.566727859708	0.831633728896
8	232	4.766727859708	0.754438066852
8	245	4.966727859708	0.721303175982
8	253	5.166727859708	0.545921051734
8	256	5.366727859708	0.645571799118
8	259	5.566727859708	0.636917298517
8	285	6.489590637913	0.4002
8	291	6.747170446686	0.4002
8	318	8.405531082799	0.4002
8	339	9.135235824424	0.4002
8	368	11.048435780047	2.291664468865
8	386	11.70898680368	1.060751023633
8	404	12.374018020816	1.065231217136
8	428	12.841742940604	0.867924919788
8	431	13.041742940604	0.6002
8	456	14.17734627502	1.655768769751
8	460	14.37734627502	0.6002
8	473	14.57734627502	0.719795176561
8	480	14.862371289089	0.4002
8	520	16.955518081127	0.836742853276
8	537	17.398444780326	0.843126699199
8	560	18.065098189836	1.06685340951
8	563	18.265098189836	0.6002
8	595	19.643654772314	0.4002
8	605	19.912350559935	0.4002
8	619	20.458522320797	0.4002
8	637	21.110604951503	0.4002
8	650	21.568265323333	0.4002
8	666	22.526491469566	0.4002
8	687	23.087740413583	0.4002
8	701	23.43244674988	0.4002
8	716	24.228983168161	0.4002
8	748	25.781187306096	0.4002
8	759	26.039873554811	0.4002
8	778	26.935446145612	0.4002
8	794	27.924099311071	0.4002
8	861	30.790142879636	1.013498128067
8	901	32.80050810059	2.963183988014
8	925	33.377188618984	3.437624216115
8	928	33.577188618984	3.592173093567
8	951	34.591104916081	4.201162036445
8	959	34.791104916081	4.362624647312
8	962	34.991104916081	2.962193842771
8	987	36.017392947859	3.617084847269
8	997	36.217392947859	3.240404328875
8	1000	36.417392947859	3.311128114774
8	1003	36.617392947859	2.426488031778
8	1029	37.961732808134	2.344539860275
8	1032	38.161732808134	0.6002
8	1064	40.130397215345	0.4002
8	1086	40.852423971622	1.00934913805
8	1104	41.485047230711	1.032823259089
8	1128	42.621748390874	2.016324754395
8	1131	42.821748390874	1.736901160163
8	1150	43.491530093227	1.269981702353
8	1153	43.691530093227	0.6002
8	1183	44.793608159652	0.4002
8	1186	44.993608159652	0.573895884001
8	1200	45.600894073309	0.4002
8	1226	46.078360246571	0.4002
8	1239	46.312675654574	0.4002
8	1253	46.512675654574	0.55761166168
8	1256	46.712675654574	0.415097274226
8	1277	47.31236218028	0.918843577986
8	1285	47.51236218028	0.6002
8	1294	47.71236218028	0.486297054125
8	1304	48.003421094294	0.4002
8	1321	48.498872898523	0.4002
8	1340	48.8563937498	0.4002
8	1348	49.0563937498	0.517146251534
8	1351	49.2563937498	0.402594022639
8	1372	50.514529632493	0.4002
8	1396	51.638381196403	0.4002
8	1441	53.755862078659	0.4002
8	1488	55.970544936559	2.500776886813
8	1502	56.244921219135	1.314615717545
8	1505	56.444921219135	0.874576282576
8	1528	56.913614777696	1.068893558561
8	1536	57.113614777696	0.6002
8	1539	57.313614777696	0.612341786076
8	1568	58.527589134818	0.4002
8	1582	58.737083088731	0.4002
8	1585	58.937083088731	0.578060159942
8	1653	62.299236968451	1.556121273336
8	1679	62.742428076934	1.426422529643
8	1690	62.942428076934	1.602334230849
8	1703	63.236978181703	1.337941213252
8	1711	63.436978181703	1.435384304163
8	1722	63.636978181703	1.294750104769
8	1740	63.874602222671	1.351904776656
8	1750	64.074602222671	1.521919360601
8	1753	64.274602222671	1.437824040968
8	1756	64.474602222671	1.616190078798
8	1786	64.997828117393	1.523425894722
8	1799	65.197828117393	1.621255046163
8	1812	65.397828117393	1.670598272676
8	1815	65.597828117393	1.0002
8	1821	65.797828117393	1.092752772495
8	1831	65.997828117393	1.195149415191
8	1844	66.197828117393	1.31959343709
8	1855	66.397828117393	1.437446902315
8	1860	66.597828117393	1.597482419496
8	1863	66.797828117393	1.558078072904
8	1866	66.997828117393	1.202892366377
8	1869	67.197828117393	1.038454129027
8	1887	67.682199143433	0.4002
8	1907	68.340249804542	0.4002
8	1913	68.580785325673	0.4002
8	1952	69.469165612403	0.4002
8	1955	69.669165612403	0.58072919695
8	1958	69.869165612403	0.610063197285
8	1977	70.490104345302	0.4002
8	1999	71.811282769121	0.4002
8	2033	72.167457631141	0.4002
8	2046	72.367457631141	0.587477147066
8	2049	72.567457631141	0.746841466048
8	2052	72.767457631141	0.688231434074
8	2076	73.764113121976	0.4002
8	2079	73.964113121976	0.477723077776
8	2106	74.783571985003	0.4002
8	2119	75.014448156529	0.4002
8	2139	75.339917956908	0.723153939742
8	2145	75.539917956908	0.6002
8	2158	75.854124857927	0.7793883181
8	2161	76.054124857927	0.6002
8	2185	76.573372934867	0.4002
8	2200	76.867637601357	0.4002
8	2212	77.079554064927	0.4002
8	2218	77.279554064927	0.467581694592
8	2240	77.649970564798	0.4002
8	2257	77.95026690675	0.566206935211
8	2261	78.15026690675	0.745601041572
8	2264	78.35026690675	0.8002
8	2278	78.88501249314	0.4002
8	2296	79.60328634108	0.4002
8	2315	80.004622053614	0.4002
8	2326	80.300365322972	0.4002
8	2339	80.703491735	0.4002
8	2352	81.185745637734	0.4002
8	2381	82.181265338252	0.4002
8	2398	82.556301575983	0.4002
8	2418	82.870010270231	0.709410576473
8	2421	83.070010270231	0.6002
8	2440	83.826030341371	1.130128170582
8	2449	84.026030341371	0.6002
8	2456	84.296204787994	0.4002
8	2483	84.743034921457	0.4002
8	2496	85.02099520262	0.598442047561
8	2500	85.22099520262	0.6002
8	2503	85.42099520262	0.712888876798
8	2537	87.051745009717	0.4002
8	2545	87.251745009717	0.569456656849
8	2556	87.451745009717	0.629377604127
8	2566	87.670090346758	0.4002
8	2569	87.870090346758	0.518034016255
8	2597	89.564500769262	0.4002
8	2614	90.089385876906	0.4002
8	2632	90.782748617841	0.4002
8	2646	91.155172290349	0.4002
8	2667	91.617120198489	0.4002
8	2670	91.817120198489	0.488933273444
8	2691	92.581333779264	0.4002
8	2752	95.721381897241	3.476580441324
8	2768	95.931448798924	1.036850447252
8	2782	96.173043131275	0.851861234034
8	2785	96.373043131275	1.029621459523
8	2809	96.835193149427	1.303944350503
8	2822	97.035193149427	1.322167837418
8	2825	97.235193149427	1.462350018152
8	2828	97.435193149427	1.0002
8	2848	97.845031951846	1.039050187759
8	2852	98.045031951846	1.150156833332
8	2855	98.245031951846	0.8002
8	2880	98.765667438744	0.4002
8	2894	98.965667438744	0.578910140813
8	2899	99.165667438744	0.762228936552
8	2902	99.365667438744	0.580879264703
8	2929	100.180998644406	0.4002
8	2934	100.380998644406	0.552217667783
8	2937	100.580998644406	0.511502462911
8	2956	101.331515834032	0.4002
8	2969	101.825070884483	0.4002
8	3004	102.605502425154	0.4002
8	3007	102.805502425154	0.596178164742
8	3032	103.69433643136	1.317712215054
8	3035	103.89433643136	0.6002
8	3069	105.294447903679	1.941838245176
8	3072	105.494447903679	0.6002
8	3099	106.664629435212	0.4002
8	3108	106.864629435212	0.504943669196
8	3115	107.16066633657	0.4002
8	3151	109.32742152847	0.4002
8	3154	109.52742152847	0.521363575891
8	3190	110.67432990171	0.4002
8	3193	110.87432990171	0.534532562822
8	3213	111.792877571025	1.413790382834
8	3236	112.515968965231	1.123291394206
8	3245	112.715968965231	0.6002
8	3254	112.950371459994	0.4002
8	3275	113.28451940099	0.4002
8	3278	113.48451940099	0.433836114822
8	3293	114.236678681595	0.4002
8	3306	114.708364393295	0.4002
8	3331	115.420822311182	0.4002
8	3341	115.627986859308	0.4002
8	3357	116.537380430469	0.4002
8	3386	117.400004405496	0.4002
8	3399	117.648905272535	0.4002
8	3409	118.022588043632	0.4002
8	3435	119.425190806319	0.4002
8	3480	121.704142291746	0.832836190904
8	3499	122.108182891085	0.804240599339
8	3536	123.414889401659	1.706906510574
8	3544	123.614889401659	1.88349679426
8	3547	123.814889401659	0.8002
8	3574	124.592981499912	0.4002
8	3577	124.792981499912	0.442118161859
8	3590	125.212798188508	0.4002
8	3612	125.618188082523	0.4002
8	3624	125.818188082523	0.592336443612
8	3627	126.018188082523	0.404748648892
8	3640	126.478352392566	0.4002
8	3656	127.400718319952	0.4002
8	3687	128.425899058335	0.4002
8	3695	128.625899058335	0.558393810073
8	3698	128.825899058335	0.714722758405
8	3712	129.506409797693	0.4002
8	3736	130.333346209135	0.4002
8	3755	131.23031015497	0.4002
8	3776	132.008806015788	0.4002
8	3786	132.295585345775	0.4002
8	3808	133.214723227174	0.4002
8	3811	133.414723227174	0.579777292625
8	3833	133.960529425693	0.4002
8	3854	134.762323837926	0.4002
8	3876	135.406108865383	1.025048691092
8	3879	135.606108865383	0.6002
8	3893	136.269333328086	0.4002
8	3915	137.65116905486	0.4002
8	3932	138.122402380607	0.4002
8	3949	138.57417376327	0.4002
8	3962	138.937705630598	0.4002
8	3999	140.826007092063	0.4002
8	4009	141.097187651136	0.60299869231
8	4043	142.768813522753	2.071825871617
8	4056	142.996422764471	0.627809241718
8	4078	143.909832004905	1.313609240434
8	4103	144.676311146047	1.8886116916
8	4106	144.876311146047	1.366679141142
8	4130	145.554204467017	1.942795616387
8	4138	145.754204467017	1.47809332097
8	4141	145.954204467017	1.510939588129
8	4168	146.984560908463	1.830556441446
8	4174	147.184560908463	1.834276898894
8	4184	147.384560908463	0.8002
8	4195	147.584560908463	0.959846604919
8	4207	147.784560908463	0.466258551138
8	4210	147.984560908463	0.483111884595
8	4223	148.532050451474	0.4002
8	4251	150.320772567782	0.4002
8	4271	151.339512247248	0.4002
8	4301	153.458281670576	0.4002
8	4327	154.028066684734	0.4002
8	4341	154.397691408393	0.598495873897
8	4365	155.386662938942	1.389171530549
8	4368	155.586662938942	1.570847151873
8	4399	157.41656785305	2.430104914108
8	4418	158.208571958574	1.192204105524
8	4440	158.877732318205	1.706998089724
8	4446	159.077732318205	1.269360359631
8	4460	159.415308880771	0.937776562566
8	4471	159.615308880771	0.6002
8	4488	159.837505324753	0.4002
8	4496	160.037505324753	0.512139594237
8	4508	160.237505324753	0.448501313856
8	4519	160.476796926064	0.4002
8	4528	160.676796926064	0.491978198867
8	4534	160.901051163042	0.4002
8	4565	162.094595602735	0.4002
8	4582	162.321132302245	0.4002
8	4586	162.521132302245	0.554200509227
8	4589	162.721132302245	0.628001896255
8	4607	163.388479650024	0.4002
8	4620	163.724405285617	0.4002
8	4634	164.357091378434	0.4002
8	4657	165.206387449574	0.4002
8	4670	165.547341317603	0.4002
8	4685	166.295247619336	0.4002
8	4703	166.895182604442	0.4002
8	4725	167.389862198251	0.4002
8	4731	167.589862198251	0.417482254762
8	4744	167.9622087652	0.4002
8	4761	169.049792501207	0.4002
8	4792	169.918962504075	0.4002
8	4801	170.118962504075	0.492070851433
8	4808	170.393532586647	0.4002
8	4830	170.870279292641	0.4002
8	4847	171.214351825101	0.742816575265
8	4859	171.414351825101	0.6002
8	4862	171.614351825101	0.483629133304
8	4884	172.146083233752	0.4002
8	4892	172.346083233752	0.587807230071
8	4898	172.546083233752	0.432231608479
8	4908	172.913531148328	0.4002
8	4932	174.58952432754	0.4002
8	4965	175.969539776568	0.4002
8	4982	177.025032018682	0.4002
8	5003	177.468046583992	0.4002
8	5030	178.726318145579	0.4002
9	23	0.405935589651	1
9	36	0.655240613964	1
9	49	1.038537493436	1
9	68	1.41881267591	1
9	94	1.795413794696	1
9	107	1.995413794696	1
9	117	2.195413794696	1
9	126	2.395413794696	1
9	129	2.595413794696	1
9	132	2.795413794696	1
9	135	2.995413794696	1
9	157	3.468540748444	1
9	179	3.766727859708	1
9	189	3.966727859708	1
9	204	4.166727859708	1
9	215	4.366727859708	1
9	220	4.566727859708	1
9	232	4.766727859708	1
9	245	4.966727859708	1
9	253	5.166727859708	1
9	256	5.366727859708	1
9	259	5.566727859708	1
9	285	6.489590637913	1
9	291	6.747170446686	1
9	318	8.405531082799	1
9	339	9.135235824424	1
9	368	11.048435780047	1
9	386	11.70898680368	1
9	404	12.374018020816	1
9	428	12.841742940604	1
9	431	13.041742940604	1
9	456	14.17734627502	1
9	460	14.37734627502	1
9	473	14.57734627502	1
9	480	14.862371289089	1
9	520	16.955518081127	1
9	537	17.398444780326	1
9	560	18.065098189836	1
9	563	18.265098189836	1
9	595	19.643654772314	1
9	605	19.912350559935	1
9	619	20.458522320797	1
9	637	21.110604951503	1
9	650	21.568265323333	1
9	666	22.526491469566	1
9	687	23.087740413583	1
9	701	23.43244674988	1
9	716	24.228983168161	1
9	748	25.781187306096	1
9	759	26.039873554811	1
9	778	26.935446145612	1
9	794	27.924099311071	1
9	861	30.790142879636	1
9	901	32.80050810059	1
9	925	33.377188618984	1
9	928	33.577188618984	1
9	951	34.591104916081	1
9	959	34.791104916081	1
9	962	34.991104916081	1
9	987	36.017392947859	1
9	997	36.217392947859	1
9	1000	36.417392947859	1
9	1003	36.617392947859	1
9	1029	37.961732808134	1
9	1032	38.161732808134	1
9	1064	40.130397215345	1
9	1086	40.852423971622	1
9	1104	41.485047230711	1
9	1128	42.621748390874	1
9	1131	42.821748390874	1
9	1150	43.491530093227	1
9	1153	43.691530093227	1
9	1183	44.793608159652	1
9	1186	44.993608159652	1
9	1200	45.600894073309	1
9	1226	46.078360246571	1
9	1239	46.312675654574	1
9	1253	46.512675654574	1
9	1256	46.712675654574	1
9	1277	47.31236218028	1
9	1285	47.51236218028	1
9	1294	47.71236218028	1
9	1304	48.003421094294	1
9	1321	48.498872898523	1
9	1340	48.8563937498	1
9	1348	49.0563937498	1
9	1351	49.2563937498	1
9	1372	50.514529632493	1
9	1396	51.638381196403	1
9	1441	53.755862078659	1
9	1488	55.970544936559	1
9	1502	56.244921219135	1
9	1505	56.444921219135	1
9	1528	56.913614777696	1
9	1536	57.113614777696	1
9	1539	57.313614777696	1
9	1568	58.527589134818	1
9	1582	58.737083088731	1
9	1585	58.937083088731	1
9	1653	62.299236968451	1
9	1679	62.742428076934	1
9	1690	62.942428076934	1
9	1703	63.236978181703	1
9	1711	63.436978181703	1
9	1722	63.636978181703	1
9	1740	63.874602222671	1
9	1750	64.074602222671	1
9	1753	64.274602222671	1
9	1756	64.474602222671	1
9	1786	64.997828117393	1
9	1799	65.197828117393	1
9	1812	65.397828117393	1
9	1815	65.597828117393	1
9	1821	65.797828117393	1
9	1831	65.997828117393	1
9	1844	66.197828117393	1
9	1855	66.397828117393	1
9	1860	66.597828117393	1
9	1863	66.797828117393	1
9	1866	66.997828117393	1
9	1869	67.197828117393	1
9	1887	67.682199143433	1
9	1907	68.340249804542	1
9	1913	68.580785325673	1
9	1952	69.469165612403	1
9	1955	69.669165612403	1
9	1958	69.869165612403	1
9	1977	70.490104345302	1
9	1999	71.811282769121	1
9	2033	72.167457631141	1
9	2046	72.367457631141	1
9	2049	72.567457631141	1
9	2052	72.767457631141	1
9	2076	73.764113121976	1
9	2079	73.964113121976	1
9	2106	74.783571985003	1
9	2119	75.014448156529	1
9	2139	75.339917956908	1
9	2145	75.539917956908	1
9	2158	75.854124857927	1
9	2161	76.054124857927	1
9	2185	76.573372934867	1
9	2200	76.867637601357	1
9	2212	77.079554064927	1
9	2218	77.279554064927	1
9	2240	77.649970564798	1
9	2257	77.95026690675	1
9	2261	78.15026690675	1
9	2264	78.35026690675	1
9	2278	78.88501249314	1
9	2296	79.60328634108	1
9	2315	80.004622053614	1
9	2326	80.300365322972	1
9	2339	80.703491735	1
9	2352	81.185745637734	1
9	2381	82.181265338252	1
9	2398	82.556301575983	1
9	2418	82.870010270231	1
9	2421	83.070010270231	1
9	2440	83.826030341371	1
9	2449	84.026030341371	1
9	2456	84.296204787994	1
9	2483	84.743034921457	1
9	2496	85.02099520262	1
9	2500	85.22099520262	1
9	2503	85.42099520262	1
9	2537	87.051745009717	1
9	2545	87.251745009717	1
9	2556	87.451745009717	1
9	2566	87.670090346758	1
9	2569	87.870090346758	1
9	2597	89.564500769262	1
9	2614	90.089385876906	1
9	2632	90.782748617841	1
9	2646	91.155172290349	1
9	2667	91.617120198489	1
9	2670	91.817120198489	1
9	2691	92.581333779264	1
9	2752	95.721381897241	1
9	2768	95.931448798924	1
9	2782	96.173043131275	1
9	2785	96.373043131275	1
9	2809	96.835193149427	1
9	2822	97.035193149427	1
9	2825	97.235193149427	1
9	2828	97.435193149427	1
9	2848	97.845031951846	1
9	2852	98.045031951846	1
9	2855	98.245031951846	1
9	2880	98.765667438744	1
9	2894	98.965667438744	1
9	2899	99.165667438744	1
9	2902	99.365667438744	1
9	2929	100.180998644406	1
9	2934	100.380998644406	1
9	2937	100.580998644406	1
9	2956	101.331515834032	1
9	2969	101.825070884483	1
9	3004	102.605502425154	1
9	3007	102.805502425154	1
9	3032	103.69433643136	1
9	3035	103.89433643136	1
9	3069	105.294447903679	1
9	3072	105.494447903679	1
9	3099	106.664629435212	1
9	3108	106.864629435212	1
9	3115	107.16066633657	1
9	3151	109.32742152847	1
9	3154	109.52742152847	1
9	3190	110.67432990171	1
9	3193	110.87432990171	1
9	3213	111.792877571025	1
9	3236	112.515968965231	1
9	3245	112.715968965231	1
9	3254	112.950371459994	1
9	3275	113.28451940099	1
9	3278	113.48451940099	1
9	3293	114.236678681595	1
9	3306	114.708364393295	1
9	3331	115.420822311182	1
9	3341	115.627986859308	1
9	3357	116.537380430469	1
9	3386	117.400004405496	1
9	3399	117.648905272535	1
9	3409	118.022588043632	1
9	3435	119.425190806319	1
9	3480	121.704142291746	1
9	3499	122.108182891085	1
9	3536	123.414889401659	1
9	3544	123.614889401659	1
9	3547	123.814889401659	1
9	3574	124.592981499912	1
9	3577	124.792981499912	1
9	3590	125.212798188508	1
9	3612	125.618188082523	1
9	3624	125.818188082523	1
9	3627	126.018188082523	1
9	3640	126.478352392566	1
9	3656	127.400718319952	1
9	3687	128.425899058335	1
9	3695	128.625899058335	1
9	3698	128.825899058335	1
9	3712	129.506409797693	1
9	3736	130.333346209135	1
9	3755	131.23031015497	1
9	3776	132.008806015788	1
9	3786	132.295585345775	1
9	3808	133.214723227174	1
9	3811	133.414723227174	1
9	3833	133.960529425693	1
9	3854	134.762323837926	1
9	3876	135.406108865383	1
9	3879	135.606108865383	1
9	3893	136.269333328086	1
9	3915	137.65116905486	1
9	3932	138.122402380607	1
9	3949	138.57417376327	1
9	3962	138.937705630598	1
9	3999	140.826007092063	1
9	4009	141.097187651136	1
9	4043	142.768813522753	1
9	4056	142.996422764471	1
9	4078	143.909832004905	1
9	4103	144.676311146047	1
9	4106	144.876311146047	1
9	4130	145.554204467017	1
9	4138	145.754204467017	1
9	4141	145.954204467017	1
9	4168	146.984560908463	1
9	4174	147.184560908463	1
9	4184	147.384560908463	1
9	4195	147.584560908463	1
9	4207	147.784560908463	1
9	4210	147.984560908463	1
9	4223	148.532050451474	1
9	4251	150.320772567782	1
9	4271	151.339512247248	1
9	4301	153.458281670576	1
9	4327	154.028066684734	1
9	4341	154.397691408393	1
9	4365	155.386662938942	1
9	4368	155.586662938942	1
9	4399	157.41656785305	1
9	4418	158.208571958574	1
9	4440	158.877732318205	1
9	4446	159.077732318205	1
9	4460	159.415308880771	1
9	4471	159.615308880771	1
9	4488	159.837505324753	1
9	4496	160.037505324753	1
9	4508	160.237505324753	1
9	4519	160.476796926064	1
9	4528	160.676796926064	1
9	4534	160.901051163042	1
9	4565	162.094595602735	1
9	4582	162.321132302245	1
9	4586	162.521132302245	1
9	4589	162.721132302245	1
9	4607	163.388479650024	1
9	4620	163.724405285617	1
9	4634	164.357091378434	1
9	4657	165.206387449574	1
9	4670	165.547341317603	1
9	4685	166.295247619336	1
9	4703	166.895182604442	1
9	4725	167.389862198251	1
9	4731	167.589862198251	1
9	4744	167.9622087652	1
9	4761	169.049792501207	1
9	4792	169.918962504075	1
9	4801	170.118962504075	1
9	4808	170.393532586647	1
9	4830	170.870279292641	1
9	4847	171.214351825101	1
9	4859	171.414351825101	1
9	4862	171.614351825101	1
9	4884	172.146083233752	1
9	4892	172.346083233752	1
9	4898	172.546083233752	1
9	4908	172.913531148328	1
9	4932	174.58952432754	1
9	4965	175.969539776568	1
9	4982	177.025032018682	1
9	5003	177.468046583992	1
9	5030	178.726318145579	1

