version 3
run BaseVersion-10-20240511-20:48:36-11938
attr configname BaseVersion
attr datetime 20240511-20:48:36
attr datetimef 20240511-204836
attr experiment BaseVersion
attr inifile omnetpp.ini
attr iterationvars $genInterval=0.6
attr iterationvarsd genInterval=0.6
attr iterationvarsf genInterval=0.6-
attr measurement $genInterval=0.6
attr network Network
attr processid 11938
attr repetition 0
attr replication #0
attr resultdir results
attr runnumber 10
attr seedset 10
itervar genInterval 0.6
config network Network
config sim-time-limit 200s
config Network.nodeTx.gen.generationInterval exponential(0.6)
config Network.nodeTx.gen.packetByteSize 12500
config Network.nodeTx.queue.bufferSize 200
config Network.nodeRx.queue.bufferSize 200
config Network.queue.bufferSize 200

vector 0 Network.nodeTx.gen packetGen ETV
vector 1 Network.nodeTx.queue bufferSize ETV
vector 2 Network.queue bufferSize ETV
vector 3 Network.nodeRx.queue bufferSize ETV
vector 4 Network.nodeRx.sink Delay ETV
vector 5 Network.nodeRx.sink packetUsed ETV
0	1	0.885260666985	1
0	7	1.098204707713	1
0	10	1.110786884288	1
0	27	1.520217977924	1
0	43	2.122714752752	1
0	52	2.473844876294	1
0	65	3.302757656789	1
0	76	4.372715954934	1
0	87	4.786815349299	1
0	98	5.312079900445	1
0	104	5.464857837894	1
0	107	5.480154214266	1
0	114	5.612589248779	1
0	137	6.353677496298	1
0	148	7.21127555901	1
0	154	7.39646874993	1
0	159	7.507624070724	1
0	169	7.691215488735	1
0	175	7.746708266185	1
0	181	7.844486413032	1
0	205	8.538281749246	1
0	218	9.229144928029	1
0	229	11.068752075178	1
0	240	12.086409513648	1
0	243	12.088783163029	1
0	250	12.334531727842	1
0	265	12.765232085844	1
0	281	14.094067447467	1
0	292	15.098840513282	1
0	298	15.231319655933	1
0	313	15.800183687409	1
0	316	15.818840765396	1
0	333	16.586393394878	1
0	344	17.846743173386	1
0	350	18.053824864946	1
0	366	18.833752886188	1
0	377	20.332724018173	1
0	388	20.799791434058	1
0	399	21.552058674018	1
0	402	21.63662237845	1
0	417	22.105867605315	1
0	428	22.426188426755	1
0	433	22.518198060657	1
0	450	23.423217802749	1
0	456	23.703629219307	1
0	472	24.229728988484	1
0	483	24.902489701689	1
0	489	25.023488804893	1
0	499	25.373347240215	1
0	515	26.42285091698	1
0	524	26.764362473682	1
0	529	26.831190853246	1
0	546	27.408225772667	1
0	552	27.60831620776	1
0	568	28.040181245393	1
0	571	28.080868059397	1
0	588	28.711442610506	1
0	591	28.746302468641	1
0	606	29.297637361279	1
0	619	30.167704139262	1
0	630	31.149244740556	1
0	633	31.156359577891	1
0	645	31.598803565521	1
0	661	32.166765912187	1
0	672	33.602592785494	1
0	678	33.844567299654	1
0	689	34.075291128587	1
0	705	34.567400151615	1
0	708	34.62428950407	1
0	718	34.869521427159	1
0	728	35.084126742884	1
0	740	35.401910188411	1
0	746	35.474522596086	1
0	751	35.522504298052	1
0	774	36.58104220554	1
0	785	37.731611331948	1
0	788	37.760430284329	1
0	798	38.108307937847	1
0	815	38.698868472116	1
0	818	38.776902351272	1
0	833	39.252797104626	1
0	846	40.042264250509	1
0	857	41.068771337714	1
0	860	41.15841622854	1
0	867	41.29151353276	1
0	887	42.165234812161	1
0	898	43.331553407246	1
0	909	44.401791638459	1
0	915	44.661788843428	1
0	926	44.884234087796	1
0	942	45.727270155136	1
0	953	46.27342894867	1
0	959	46.483982463912	1
0	975	47.719259947619	1
0	986	49.011430500819	1
0	997	51.456892571404	1
0	1003	51.693173085911	1
0	1017	52.071167545245	1
0	1025	52.17937310067	1
0	1040	53.430622287649	1
0	1046	53.729693038005	1
0	1057	53.940337745322	1
0	1060	53.999210070371	1
0	1068	54.083658352506	1
0	1091	55.116234288052	1
0	1102	56.226444595051	1
0	1105	56.324769692989	1
0	1122	56.970357256825	1
0	1128	57.26117373085	1
0	1144	57.804146277589	1
0	1155	59.536388263524	1
0	1164	59.880385272418	1
0	1177	62.515654600387	1
0	1183	62.779921803394	1
0	1197	63.145541413799	1
0	1210	63.676316257877	1
0	1221	64.725960000594	1
0	1224	64.823098300394	1
0	1231	64.99680786037	1
0	1239	65.109501647194	1
0	1259	65.655346459403	1
0	1270	65.959013031303	1
0	1283	67.357799827367	1
0	1294	67.967386193212	1
0	1305	68.426246799878	1
0	1311	68.705872840139	1
0	1327	69.241126470131	1
0	1330	69.242572268564	1
0	1332	69.266616735804	1
0	1349	69.744145229598	1
0	1359	70.009281193152	1
0	1364	70.090753677668	1
0	1368	70.140530363637	1
0	1373	70.190424138868	1
0	1384	70.409127383864	1
0	1395	70.569885324716	1
0	1405	70.81081637004	1
0	1427	71.458040308583	1
0	1443	72.349922108845	1
0	1449	72.495129272875	1
0	1452	72.519596976797	1
0	1459	72.655772432191	1
0	1472	72.992509473204	1
0	1485	73.282110069831	1
0	1495	73.509047886636	1
0	1505	73.661884769821	1
0	1522	74.269055743754	1
0	1525	74.342118269907	1
0	1535	74.597225595442	1
0	1552	75.122051570078	1
0	1555	75.148483742987	1
0	1560	75.307364107861	1
0	1581	76.579098241756	1
0	1592	77.066957331825	1
0	1603	77.931383800689	1
0	1614	78.376547921936	1
0	1625	79.639263943808	1
0	1631	79.898618861325	1
0	1645	80.222883937853	1
0	1658	80.956026737138	1
0	1669	81.514226397333	1
0	1680	82.545455865065	1
0	1691	82.977725737861	1
0	1694	83.064438155561	1
0	1711	83.610976314337	1
0	1722	84.167882206267	1
0	1728	84.350344438762	1
0	1736	84.550076193138	1
0	1746	84.764828461684	1
0	1763	85.188455858812	1
0	1766	85.203892614461	1
0	1768	85.227424352556	1
0	1775	85.444060132402	1
0	1786	85.686539415256	1
0	1796	85.852842614319	1
0	1799	85.853006153426	1
0	1818	86.342301072797	1
0	1840	86.997859167963	1
0	1851	87.498004459435	1
0	1857	87.782354264574	1
0	1871	88.169119631774	1
0	1884	88.995120869376	1
0	1890	89.202984216482	1
0	1893	89.293879794969	1
0	1901	89.33372463643	1
0	1914	89.628386915297	1
0	1934	91.94118140222	1
0	1945	93.14933612459	1
0	1951	93.398379852699	1
0	1967	95.284269815314	1
0	1978	95.694245705922	1
0	1987	96.094211564498	1
0	2000	98.359677895439	1
0	2003	98.426862673503	1
0	2015	98.775583440658	1
0	2026	99.024926606941	1
0	2037	99.254802031283	1
0	2053	100.337967113118	1
0	2064	100.778094908846	1
0	2073	101.153883512331	1
0	2086	101.671727505761	1
0	2089	101.730200018807	1
0	2106	102.88441699533	1
0	2117	104.041765643434	1
0	2120	104.084081747311	1
0	2127	104.330903616438	1
0	2142	104.705670767217	1
0	2158	105.264736904683	1
0	2169	106.178553024589	1
0	2172	106.25027236625	1
0	2189	107.011065234478	1
0	2200	107.482118050751	1
0	2211	108.011283484756	1
0	2222	108.776776596005	1
0	2225	108.799456544122	1
0	2242	110.004579684975	1
0	2248	110.263655645855	1
0	2254	110.358842893758	1
0	2271	110.855798017536	1
0	2276	110.921272620402	1
0	2283	111.135046093168	1
0	2298	111.539705744271	1
0	2314	111.97058065881	1
0	2317	111.988348907714	1
0	2334	112.659883325882	1
0	2345	113.201998289425	1
0	2351	113.306034692265	1
0	2356	113.444321025598	1
0	2359	113.475398766944	1
0	2368	113.611390822672	1
0	2379	113.858717810178	1
0	2404	114.973941706995	1
0	2407	115.042558096778	1
0	2412	115.080683987956	1
0	2416	115.198952263632	1
0	2432	115.613918102832	1
0	2452	116.915942887622	1
0	2458	117.087326963597	1
0	2468	117.360150083839	1
0	2479	117.597884473292	1
0	2488	117.746015383965	1
0	2491	117.747767591322	1
0	2514	118.585565122181	1
0	2520	118.795676016248	1
0	2523	118.863496330222	1
0	2545	121.464084033144	1
0	2556	122.28304625679	1
0	2562	122.446393528937	1
0	2575	122.82707747404	1
0	2588	123.620273069299	1
0	2599	124.167436696263	1
0	2610	126.132654991494	1
0	2613	126.22848882805	1
0	2630	127.242408571766	1
0	2636	127.364438730311	1
0	2651	128.075386049031	1
0	2662	128.696890463835	1
0	2668	128.838852777561	1
0	2671	128.868762856425	1
0	2687	129.306455481279	1
0	2696	129.477955754535	1
0	2713	131.271447987915	1
0	2724	131.740515059806	1
0	2735	132.454900034582	1
0	2741	132.609209866798	1
0	2756	134.019423171488	1
0	2762	134.307612212998	1
0	2778	134.93390333708	1
0	2789	136.466324538094	1
0	2795	136.720473401148	1
0	2811	138.277495519701	1
0	2814	138.318140332375	1
0	2829	138.820004443292	1
0	2837	138.969564427377	1
0	2852	139.427025342074	1
0	2855	139.515689254289	1
0	2857	139.524672176182	1
0	2881	140.342912847682	1
0	2892	142.630199464202	1
0	2898	142.885622187588	1
0	2914	143.396245562823	1
0	2925	143.913418365291	1
0	2936	144.854848126166	1
0	2942	144.965456401309	1
0	2957	145.46017218236	1
0	2960	145.483399029074	1
0	2977	146.742379125601	1
0	2988	147.761920237995	1
0	2999	148.28844476106	1
0	3010	149.292718160014	1
0	3021	150.033067810122	1
0	3027	150.158342776387	1
0	3030	150.254819817283	1
0	3044	150.534964772536	1
0	3056	150.87060753244	1
0	3072	151.688604721478	1
0	3083	152.398891310234	1
0	3089	152.52255092189	1
0	3092	152.588854991918	1
0	3106	152.909309298143	1
0	3118	153.256777582934	1
0	3129	153.41438032046	1
0	3134	153.523438891231	1
0	3154	154.159575268485	1
0	3165	154.583896919756	1
0	3176	155.451204541624	1
0	3187	156.476878371137	1
0	3198	157.557524893352	1
0	3201	157.614181680199	1
0	3206	157.757298082402	1
0	3227	158.723167104279	1
0	3238	160.684741443285	1
0	3249	161.184361304648	1
0	3255	161.365949673462	1
0	3270	161.899954734731	1
0	3281	163.096001983993	1
0	3287	163.228465298816	1
0	3290	163.309870829054	1
0	3304	163.653617261329	1
0	3316	163.931698404554	1
0	3327	164.142202540936	1
0	3343	164.810925057387	1
0	3346	164.833893739427	1
0	3363	166.463412330207	1
0	3366	166.482111615341	1
0	3381	166.973201183556	1
0	3392	167.335300256865	1
0	3405	168.004967355194	1
0	3416	168.824542666427	1
0	3419	168.872654218653	1
0	3434	169.361565756846	1
0	3442	169.534083993721	1
0	3452	169.825874641694	1
0	3463	170.089518689913	1
0	3472	170.199924895888	1
0	3475	170.214151487931	1
0	3498	171.307215486709	1
0	3509	172.948428426447	1
0	3520	173.496782245345	1
0	3526	173.637910184613	1
0	3541	174.553836944645	1
0	3552	175.069744870756	1
0	3563	176.202083032281	1
0	3574	176.724081427609	1
0	3585	177.278619195858	1
0	3591	177.438501307268	1
0	3606	178.349877536147	1
0	3615	178.745680828799	1
0	3628	179.319537475138	1
0	3639	179.794712753665	1
0	3642	179.807548184139	1
0	3659	181.040104036675	1
0	3670	181.872996742033	1
0	3681	183.868139378064	1
0	3687	183.984320908347	1
0	3692	184.090084457245	1
0	3705	184.45814753356	1
0	3710	184.468368222565	1
0	3726	184.900214116103	1
0	3729	184.91052010833	1
0	3746	185.307533511375	1
0	3755	185.440546554023	1
0	3772	186.556771762292	1
0	3783	187.929661918509	1
0	3789	188.044949719947	1
0	3804	188.969613221503	1
0	3807	188.978459033453	1
0	3824	189.673327325128	1
0	3835	190.80667585769	1
0	3841	191.04386512454	1
0	3857	191.858313382555	1
0	3866	192.173359826171	1
0	3877	192.539413277125	1
0	3890	193.051224371094	1
0	3899	193.37486068737	1
0	3902	193.375452980306	1
0	3904	193.449927254545	1
0	3930	194.281350067013	1
0	3936	194.529459745803	1
0	3952	195.363253425372	1
0	3955	195.422919621514	1
0	3965	195.712916472116	1
0	3982	196.467827886003	1
0	3988	196.747854288485	1
0	3994	196.795985432367	1
0	4013	197.9056765778	1
0	4019	198.044042082135	1
0	4034	198.898555667977	1
0	4045	199.410230142625	1
0	4051	199.518986820584	1
0	4059	199.727727709099	1
1	2	0.885260666985	1
1	8	1.098204707713	1
1	11	1.110786884288	1
1	28	1.520217977924	1
1	44	2.122714752752	1
1	53	2.473844876294	1
1	66	3.302757656789	1
1	77	4.372715954934	1
1	88	4.786815349299	1
1	99	5.312079900445	1
1	105	5.464857837894	1
1	108	5.480154214266	1
1	115	5.612589248779	1
1	138	6.353677496298	1
1	149	7.21127555901	1
1	155	7.39646874993	1
1	160	7.507624070724	1
1	170	7.691215488735	1
1	176	7.746708266185	1
1	182	7.844486413032	1
1	206	8.538281749246	1
1	219	9.229144928029	1
1	230	11.068752075178	1
1	241	12.086409513648	1
1	244	12.088783163029	1
1	251	12.334531727842	1
1	266	12.765232085844	1
1	282	14.094067447467	1
1	293	15.098840513282	1
1	299	15.231319655933	1
1	314	15.800183687409	1
1	317	15.818840765396	1
1	334	16.586393394878	1
1	345	17.846743173386	1
1	351	18.053824864946	1
1	367	18.833752886188	1
1	378	20.332724018173	1
1	389	20.799791434058	1
1	400	21.552058674018	1
1	403	21.63662237845	1
1	418	22.105867605315	1
1	429	22.426188426755	1
1	434	22.518198060657	1
1	451	23.423217802749	1
1	457	23.703629219307	1
1	473	24.229728988484	1
1	484	24.902489701689	1
1	490	25.023488804893	1
1	500	25.373347240215	1
1	516	26.42285091698	1
1	525	26.764362473682	1
1	530	26.831190853246	1
1	547	27.408225772667	1
1	553	27.60831620776	1
1	569	28.040181245393	1
1	572	28.080868059397	1
1	589	28.711442610506	1
1	592	28.746302468641	1
1	607	29.297637361279	1
1	620	30.167704139262	1
1	631	31.149244740556	1
1	634	31.156359577891	1
1	646	31.598803565521	1
1	662	32.166765912187	1
1	673	33.602592785494	1
1	679	33.844567299654	1
1	690	34.075291128587	1
1	706	34.567400151615	1
1	709	34.62428950407	1
1	719	34.869521427159	1
1	729	35.084126742884	1
1	741	35.401910188411	1
1	747	35.474522596086	1
1	752	35.522504298052	1
1	775	36.58104220554	1
1	786	37.731611331948	1
1	789	37.760430284329	1
1	799	38.108307937847	1
1	816	38.698868472116	1
1	819	38.776902351272	1
1	834	39.252797104626	1
1	847	40.042264250509	1
1	858	41.068771337714	1
1	861	41.15841622854	1
1	868	41.29151353276	1
1	888	42.165234812161	1
1	899	43.331553407246	1
1	910	44.401791638459	1
1	916	44.661788843428	1
1	927	44.884234087796	1
1	943	45.727270155136	1
1	954	46.27342894867	1
1	960	46.483982463912	1
1	976	47.719259947619	1
1	987	49.011430500819	1
1	998	51.456892571404	1
1	1004	51.693173085911	1
1	1018	52.071167545245	1
1	1026	52.17937310067	1
1	1041	53.430622287649	1
1	1047	53.729693038005	1
1	1058	53.940337745322	1
1	1061	53.999210070371	1
1	1069	54.083658352506	1
1	1092	55.116234288052	1
1	1103	56.226444595051	1
1	1106	56.324769692989	1
1	1123	56.970357256825	1
1	1129	57.26117373085	1
1	1145	57.804146277589	1
1	1156	59.536388263524	1
1	1165	59.880385272418	1
1	1178	62.515654600387	1
1	1184	62.779921803394	1
1	1198	63.145541413799	1
1	1211	63.676316257877	1
1	1222	64.725960000594	1
1	1225	64.823098300394	1
1	1232	64.99680786037	1
1	1240	65.109501647194	1
1	1260	65.655346459403	1
1	1271	65.959013031303	1
1	1284	67.357799827367	1
1	1295	67.967386193212	1
1	1306	68.426246799878	1
1	1312	68.705872840139	1
1	1328	69.241126470131	1
1	1331	69.242572268564	1
1	1333	69.266616735804	2
1	1350	69.744145229598	1
1	1360	70.009281193152	1
1	1365	70.090753677668	1
1	1369	70.140530363637	1
1	1374	70.190424138868	2
1	1385	70.409127383864	1
1	1396	70.569885324716	1
1	1406	70.81081637004	1
1	1428	71.458040308583	1
1	1444	72.349922108845	1
1	1450	72.495129272875	1
1	1453	72.519596976797	1
1	1460	72.655772432191	1
1	1473	72.992509473204	1
1	1486	73.282110069831	1
1	1496	73.509047886636	1
1	1506	73.661884769821	1
1	1523	74.269055743754	1
1	1526	74.342118269907	1
1	1536	74.597225595442	1
1	1553	75.122051570078	1
1	1556	75.148483742987	1
1	1561	75.307364107861	1
1	1582	76.579098241756	1
1	1593	77.066957331825	1
1	1604	77.931383800689	1
1	1615	78.376547921936	1
1	1626	79.639263943808	1
1	1632	79.898618861325	1
1	1646	80.222883937853	1
1	1659	80.956026737138	1
1	1670	81.514226397333	1
1	1681	82.545455865065	1
1	1692	82.977725737861	1
1	1695	83.064438155561	1
1	1712	83.610976314337	1
1	1723	84.167882206267	1
1	1729	84.350344438762	1
1	1737	84.550076193138	1
1	1747	84.764828461684	1
1	1764	85.188455858812	1
1	1767	85.203892614461	1
1	1769	85.227424352556	2
1	1776	85.444060132402	1
1	1787	85.686539415256	1
1	1797	85.852842614319	1
1	1800	85.853006153426	1
1	1819	86.342301072797	1
1	1841	86.997859167963	1
1	1852	87.498004459435	1
1	1858	87.782354264574	1
1	1872	88.169119631774	1
1	1885	88.995120869376	1
1	1891	89.202984216482	1
1	1894	89.293879794969	1
1	1902	89.33372463643	1
1	1915	89.628386915297	1
1	1935	91.94118140222	1
1	1946	93.14933612459	1
1	1952	93.398379852699	1
1	1968	95.284269815314	1
1	1979	95.694245705922	1
1	1988	96.094211564498	1
1	2001	98.359677895439	1
1	2004	98.426862673503	1
1	2016	98.775583440658	1
1	2027	99.024926606941	1
1	2038	99.254802031283	1
1	2054	100.337967113118	1
1	2065	100.778094908846	1
1	2074	101.153883512331	1
1	2087	101.671727505761	1
1	2090	101.730200018807	1
1	2107	102.88441699533	1
1	2118	104.041765643434	1
1	2121	104.084081747311	1
1	2128	104.330903616438	1
1	2143	104.705670767217	1
1	2159	105.264736904683	1
1	2170	106.178553024589	1
1	2173	106.25027236625	1
1	2190	107.011065234478	1
1	2201	107.482118050751	1
1	2212	108.011283484756	1
1	2223	108.776776596005	1
1	2226	108.799456544122	1
1	2243	110.004579684975	1
1	2249	110.263655645855	1
1	2255	110.358842893758	1
1	2272	110.855798017536	1
1	2277	110.921272620402	1
1	2284	111.135046093168	1
1	2299	111.539705744271	1
1	2315	111.97058065881	1
1	2318	111.988348907714	1
1	2335	112.659883325882	1
1	2346	113.201998289425	1
1	2352	113.306034692265	1
1	2357	113.444321025598	1
1	2360	113.475398766944	1
1	2369	113.611390822672	1
1	2380	113.858717810178	1
1	2405	114.973941706995	1
1	2408	115.042558096778	1
1	2413	115.080683987956	1
1	2417	115.198952263632	1
1	2433	115.613918102832	1
1	2453	116.915942887622	1
1	2459	117.087326963597	1
1	2469	117.360150083839	1
1	2480	117.597884473292	1
1	2489	117.746015383965	1
1	2492	117.747767591322	1
1	2515	118.585565122181	1
1	2521	118.795676016248	1
1	2524	118.863496330222	1
1	2546	121.464084033144	1
1	2557	122.28304625679	1
1	2563	122.446393528937	1
1	2576	122.82707747404	1
1	2589	123.620273069299	1
1	2600	124.167436696263	1
1	2611	126.132654991494	1
1	2614	126.22848882805	1
1	2631	127.242408571766	1
1	2637	127.364438730311	1
1	2652	128.075386049031	1
1	2663	128.696890463835	1
1	2669	128.838852777561	1
1	2672	128.868762856425	1
1	2688	129.306455481279	1
1	2697	129.477955754535	1
1	2714	131.271447987915	1
1	2725	131.740515059806	1
1	2736	132.454900034582	1
1	2742	132.609209866798	1
1	2757	134.019423171488	1
1	2763	134.307612212998	1
1	2779	134.93390333708	1
1	2790	136.466324538094	1
1	2796	136.720473401148	1
1	2812	138.277495519701	1
1	2815	138.318140332375	1
1	2830	138.820004443292	1
1	2838	138.969564427377	1
1	2853	139.427025342074	1
1	2856	139.515689254289	1
1	2858	139.524672176182	2
1	2882	140.342912847682	1
1	2893	142.630199464202	1
1	2899	142.885622187588	1
1	2915	143.396245562823	1
1	2926	143.913418365291	1
1	2937	144.854848126166	1
1	2943	144.965456401309	1
1	2958	145.46017218236	1
1	2961	145.483399029074	1
1	2978	146.742379125601	1
1	2989	147.761920237995	1
1	3000	148.28844476106	1
1	3011	149.292718160014	1
1	3022	150.033067810122	1
1	3028	150.158342776387	1
1	3031	150.254819817283	1
1	3045	150.534964772536	1
1	3057	150.87060753244	1
1	3073	151.688604721478	1
1	3084	152.398891310234	1
1	3090	152.52255092189	1
1	3093	152.588854991918	1
1	3107	152.909309298143	1
1	3119	153.256777582934	1
1	3130	153.41438032046	1
1	3135	153.523438891231	1
1	3155	154.159575268485	1
1	3166	154.583896919756	1
1	3177	155.451204541624	1
1	3188	156.476878371137	1
1	3199	157.557524893352	1
1	3202	157.614181680199	1
1	3207	157.757298082402	1
1	3228	158.723167104279	1
1	3239	160.684741443285	1
1	3250	161.184361304648	1
1	3256	161.365949673462	1
1	3271	161.899954734731	1
1	3282	163.096001983993	1
1	3288	163.228465298816	1
1	3291	163.309870829054	1
1	3305	163.653617261329	1
1	3317	163.931698404554	1
1	3328	164.142202540936	1
1	3344	164.810925057387	1
1	3347	164.833893739427	1
1	3364	166.463412330207	1
1	3367	166.482111615341	1
1	3382	166.973201183556	1
1	3393	167.335300256865	1
1	3406	168.004967355194	1
1	3417	168.824542666427	1
1	3420	168.872654218653	1
1	3435	169.361565756846	1
1	3443	169.534083993721	1
1	3453	169.825874641694	1
1	3464	170.089518689913	1
1	3473	170.199924895888	1
1	3476	170.214151487931	1
1	3499	171.307215486709	1
1	3510	172.948428426447	1
1	3521	173.496782245345	1
1	3527	173.637910184613	1
1	3542	174.553836944645	1
1	3553	175.069744870756	1
1	3564	176.202083032281	1
1	3575	176.724081427609	1
1	3586	177.278619195858	1
1	3592	177.438501307268	1
1	3607	178.349877536147	1
1	3616	178.745680828799	1
1	3629	179.319537475138	1
1	3640	179.794712753665	1
1	3643	179.807548184139	1
1	3660	181.040104036675	1
1	3671	181.872996742033	1
1	3682	183.868139378064	1
1	3688	183.984320908347	1
1	3693	184.090084457245	1
1	3706	184.45814753356	1
1	3711	184.468368222565	1
1	3727	184.900214116103	1
1	3730	184.91052010833	1
1	3747	185.307533511375	1
1	3756	185.440546554023	1
1	3773	186.556771762292	1
1	3784	187.929661918509	1
1	3790	188.044949719947	1
1	3805	188.969613221503	1
1	3808	188.978459033453	1
1	3825	189.673327325128	1
1	3836	190.80667585769	1
1	3842	191.04386512454	1
1	3858	191.858313382555	1
1	3867	192.173359826171	1
1	3878	192.539413277125	1
1	3891	193.051224371094	1
1	3900	193.37486068737	1
1	3903	193.375452980306	1
1	3905	193.449927254545	2
1	3931	194.281350067013	1
1	3937	194.529459745803	1
1	3953	195.363253425372	1
1	3956	195.422919621514	1
1	3966	195.712916472116	1
1	3983	196.467827886003	1
1	3989	196.747854288485	1
1	3995	196.795985432367	1
1	4014	197.9056765778	1
1	4020	198.044042082135	1
1	4035	198.898555667977	1
1	4046	199.410230142625	1
1	4052	199.518986820584	1
1	4060	199.727727709099	1
2	5	0.985360666985	1
2	16	1.198304707713	1
2	21	1.298304707713	1
2	34	1.620317977924	1
2	47	2.222814752752	1
2	58	2.573944876294	1
2	69	3.402857656789	1
2	80	4.472815954934	1
2	91	4.886915349299	1
2	102	5.412179900445	1
2	110	5.564957837894	1
2	117	5.664957837894	1
2	121	5.764957837894	2
2	141	6.453777496298	1
2	152	7.31137555901	1
2	158	7.49656874993	1
2	166	7.607724070724	1
2	178	7.791315488735	1
2	184	7.891315488735	2
2	189	7.991315488735	2
2	211	8.638381749246	1
2	222	9.329244928029	1
2	233	11.168852075178	1
2	246	12.186509513648	1
2	249	12.286509513648	1
2	257	12.434631727842	1
2	272	12.865332085844	1
2	285	14.194167447467	1
2	296	15.198940513282	1
2	302	15.331419655933	1
2	319	15.900283687409	1
2	322	16.000283687409	1
2	337	16.686493394878	1
2	348	17.946843173386	1
2	357	18.153924864946	1
2	370	18.933852886188	1
2	381	20.432824018173	1
2	392	20.899891434058	1
2	405	21.652158674018	1
2	408	21.752158674018	1
2	423	22.205967605315	1
2	436	22.526288426755	1
2	439	22.626288426755	1
2	454	23.523317802749	1
2	463	23.803729219307	1
2	476	24.329828988484	1
2	487	25.002589701689	1
2	493	25.123588804893	1
2	506	25.473447240215	1
2	519	26.52295091698	1
2	532	26.864462473682	1
2	535	26.964462473682	1
2	550	27.508325772667	1
2	557	27.70841620776	1
2	574	28.140281245393	1
2	577	28.240281245393	1
2	594	28.811542610506	1
2	597	28.911542610506	1
2	612	29.397737361279	1
2	623	30.267804139262	1
2	636	31.249344740556	1
2	639	31.349344740556	1
2	652	31.698903565521	1
2	665	32.266865912187	1
2	676	33.702692785494	1
2	685	33.944667299654	1
2	696	34.175391128587	1
2	711	34.667500151615	1
2	714	34.767500151615	1
2	724	34.969621427159	1
2	734	35.184226742884	1
2	749	35.502010188411	1
2	756	35.602010188411	1
2	759	35.702010188411	1
2	778	36.68114220554	1
2	791	37.831711331948	1
2	794	37.931711331948	1
2	804	38.208407937847	1
2	821	38.798968472116	1
2	824	38.898968472116	1
2	839	39.352897104626	1
2	850	40.142364250509	1
2	863	41.168871337714	1
2	866	41.268871337714	1
2	874	41.39161353276	1
2	891	42.265334812161	1
2	902	43.431653407246	1
2	913	44.501891638459	1
2	922	44.761888843428	1
2	933	44.984334087796	1
2	946	45.827370155136	1
2	957	46.37352894867	1
2	966	46.584082463912	1
2	979	47.819359947619	1
2	990	49.111530500819	1
2	1001	51.556992571404	1
2	1010	51.793273085911	1
2	1023	52.171267545245	1
2	1029	52.27947310067	1
2	1044	53.530722287649	1
2	1053	53.829793038005	1
2	1066	54.040437745322	1
2	1073	54.140437745322	1
2	1076	54.240437745322	1
2	1095	55.216334288052	1
2	1108	56.326544595051	1
2	1111	56.426544595051	1
2	1126	57.070457256825	1
2	1135	57.36127373085	1
2	1148	57.904246277589	1
2	1159	59.636488263524	1
2	1170	59.980485272418	1
2	1181	62.615754600387	1
2	1190	62.880021803394	1
2	1203	63.245641413799	1
2	1214	63.776416257877	1
2	1227	64.826060000594	1
2	1230	64.926060000594	1
2	1238	65.09690786037	1
2	1245	65.209601647194	2
2	1265	65.755446459403	1
2	1276	66.059113031303	1
2	1287	67.457899827367	1
2	1298	68.067486193212	1
2	1309	68.526346799878	1
2	1318	68.805972840139	1
2	1335	69.341226470131	1
2	1338	69.441226470131	1
2	1341	69.541226470131	1
2	1355	69.844245229598	1
2	1367	70.109381193152	1
2	1376	70.209381193152	1
2	1380	70.309381193152	2
2	1387	70.409381193152	2
2	1391	70.509381193152	3
2	1401	70.669985324716	3
2	1411	70.91091637004	3
2	1434	71.558140308583	1
2	1447	72.450022108845	1
2	1455	72.595229272875	1
2	1462	72.695229272875	1
2	1466	72.795229272875	2
2	1479	73.092609473204	1
2	1491	73.382210069831	1
2	1501	73.609147886636	1
2	1511	73.761984769821	1
2	1528	74.369155743754	1
2	1531	74.469155743754	1
2	1541	74.697325595442	1
2	1558	75.222151570078	1
2	1563	75.322151570078	1
2	1566	75.422151570078	1
2	1585	76.679198241756	1
2	1596	77.167057331825	1
2	1607	78.031483800689	1
2	1618	78.476647921936	1
2	1629	79.739363943808	1
2	1638	79.998718861325	1
2	1651	80.322983937853	1
2	1662	81.056126737138	1
2	1673	81.614326397333	1
2	1684	82.645555865065	1
2	1697	83.077825737861	1
2	1700	83.177825737861	1
2	1715	83.711076314337	1
2	1726	84.267982206267	1
2	1732	84.450444438762	1
2	1742	84.650176193138	1
2	1752	84.864928461684	1
2	1771	85.288555858812	1
2	1774	85.388555858812	1
2	1779	85.488555858812	1
2	1783	85.588555858812	2
2	1793	85.786639415256	2
2	1805	85.952942614319	2
2	1809	86.052942614319	3
2	1824	86.442401072797	2
2	1844	87.097959167963	1
2	1855	87.598104459435	1
2	1864	87.882454264574	1
2	1877	88.269219631774	1
2	1888	89.095220869376	1
2	1899	89.303084216482	1
2	1906	89.403084216482	1
2	1909	89.503084216482	1
2	1921	89.728486915297	1
2	1938	92.04128140222	1
2	1949	93.24943612459	1
2	1958	93.498479852699	1
2	1971	95.384369815314	1
2	1982	95.794345705922	1
2	1993	96.194311564498	1
2	2006	98.459777895439	1
2	2009	98.559777895439	1
2	2022	98.875683440658	1
2	2033	99.125026606941	1
2	2044	99.354902031283	1
2	2057	100.438067113118	1
2	2068	100.878194908846	1
2	2079	101.253983512331	1
2	2092	101.771827505761	1
2	2095	101.871827505761	1
2	2110	102.98451699533	1
2	2123	104.141865643434	1
2	2126	104.241865643434	1
2	2134	104.431003616438	1
2	2149	104.805770767217	1
2	2162	105.364836904683	1
2	2175	106.278653024589	1
2	2178	106.378653024589	1
2	2193	107.111165234478	1
2	2204	107.582218050751	1
2	2215	108.111383484756	1
2	2228	108.876876596005	1
2	2231	108.976876596005	1
2	2246	110.104679684975	1
2	2257	110.363755645855	1
2	2262	110.463755645855	1
2	2279	110.955898017536	1
2	2282	111.055898017536	1
2	2290	111.235146093168	1
2	2305	111.639805744271	1
2	2320	112.07068065881	1
2	2323	112.17068065881	1
2	2338	112.759983325882	1
2	2349	113.302098289425	1
2	2355	113.406134692265	1
2	2365	113.544421025598	1
2	2371	113.644421025598	2
2	2376	113.744421025598	2
2	2386	113.958817810178	2
2	2410	115.074041706995	1
2	2415	115.174041706995	1
2	2420	115.274041706995	1
2	2424	115.374041706995	2
2	2439	115.714018102832	1
2	2456	117.016042887622	1
2	2462	117.187426963597	1
2	2475	117.460250083839	1
2	2486	117.697984473292	1
2	2496	117.846115383965	1
2	2501	117.946115383965	1
2	2518	118.685665122181	1
2	2529	118.895776016248	1
2	2534	118.995776016248	1
2	2549	121.564184033144	1
2	2560	122.38314625679	1
2	2566	122.546493528937	1
2	2581	122.92717747404	1
2	2592	123.720373069299	1
2	2603	124.267536696263	1
2	2616	126.232754991494	1
2	2619	126.332754991494	1
2	2634	127.342508571766	1
2	2640	127.464538730311	1
2	2655	128.175486049031	1
2	2666	128.796990463835	1
2	2674	128.938952777561	1
2	2679	129.038952777561	1
2	2694	129.406555481279	1
2	2702	129.578055754535	1
2	2717	131.371547987915	1
2	2728	131.840615059806	1
2	2739	132.555000034582	1
2	2745	132.709309866798	1
2	2760	134.119523171488	1
2	2769	134.407712212998	1
2	2782	135.03400333708	1
2	2793	136.566424538094	1
2	2802	136.820573401148	1
2	2817	138.377595519701	1
2	2820	138.477595519701	1
2	2835	138.920104443292	1
2	2841	139.069664427377	1
2	2860	139.527125342074	1
2	2863	139.627125342074	1
2	2866	139.727125342074	1
2	2885	140.443012847682	1
2	2896	142.730299464202	1
2	2905	142.985722187588	1
2	2918	143.496345562823	1
2	2929	144.013518365291	1
2	2940	144.954948126166	1
2	2946	145.065556401309	1
2	2963	145.56027218236	1
2	2966	145.66027218236	1
2	2981	146.842479125601	1
2	2992	147.862020237995	1
2	3003	148.38854476106	1
2	3014	149.392818160014	1
2	3025	150.133167810122	1
2	3033	150.258442776387	1
2	3038	150.358442776387	1
2	3050	150.635064772536	1
2	3063	150.97070753244	1
2	3076	151.788704721478	1
2	3087	152.498991310234	1
2	3095	152.62265092189	1
2	3100	152.72265092189	1
2	3112	153.009409298143	1
2	3125	153.356877582934	1
2	3133	153.51448032046	1
2	3141	153.623538891231	1
2	3158	154.259675268485	1
2	3169	154.683996919756	1
2	3180	155.551304541624	1
2	3191	156.576978371137	1
2	3204	157.657624893352	1
2	3209	157.757624893352	1
2	3212	157.857624893352	1
2	3231	158.823267104279	1
2	3242	160.784841443285	1
2	3253	161.284461304648	1
2	3259	161.466049673462	1
2	3274	162.000054734731	1
2	3285	163.196101983993	1
2	3293	163.328565298816	1
2	3298	163.428565298816	1
2	3310	163.753717261329	1
2	3323	164.031798404554	1
2	3334	164.242302540936	1
2	3349	164.911025057387	1
2	3352	165.011025057387	1
2	3369	166.563512330207	1
2	3372	166.663512330207	1
2	3387	167.073301183556	1
2	3398	167.435400256865	1
2	3409	168.105067355194	1
2	3422	168.924642666427	1
2	3425	169.024642666427	1
2	3440	169.461665756846	1
2	3446	169.634183993721	1
2	3459	169.925974641694	1
2	3470	170.189618689913	1
2	3480	170.300024895888	1
2	3485	170.400024895888	1
2	3502	171.407315486709	1
2	3513	173.048528426447	1
2	3524	173.596882245345	1
2	3530	173.738010184613	1
2	3545	174.653936944645	1
2	3556	175.169844870756	1
2	3567	176.302183032281	1
2	3578	176.824181427609	1
2	3589	177.378719195858	1
2	3595	177.538601307268	1
2	3610	178.449977536147	1
2	3621	178.845780828799	1
2	3632	179.419637475138	1
2	3645	179.894812753665	1
2	3648	179.994812753665	1
2	3663	181.140204036675	1
2	3674	181.973096742033	1
2	3685	183.968239378064	1
2	3691	184.084420908347	1
2	3699	184.190184457245	1
2	3713	184.55824753356	1
2	3718	184.65824753356	1
2	3735	185.000314116103	1
2	3740	185.100314116103	1
2	3753	185.407633511375	1
2	3761	185.540646554023	1
2	3776	186.656871762292	1
2	3787	188.029761918509	1
2	3793	188.145049719947	1
2	3810	189.069713221503	1
2	3813	189.169713221503	1
2	3828	189.773427325128	1
2	3839	190.90677585769	1
2	3848	191.14396512454	1
2	3861	191.958413382555	1
2	3872	192.273459826171	1
2	3883	192.639513277125	1
2	3894	193.151324371094	1
2	3909	193.47496068737	1
2	3912	193.57496068737	1
2	3915	193.67496068737	1
2	3934	194.381450067013	1
2	3943	194.629559745803	1
2	3958	195.463353425372	1
2	3961	195.563353425372	1
2	3971	195.813016472116	1
2	3986	196.567927886003	1
2	3997	196.847954288485	1
2	4002	196.947954288485	1
2	4017	198.0057765778	1
2	4023	198.144142082135	1
2	4038	198.998655667977	1
2	4049	199.510330142625	1
2	4055	199.619086820584	1
2	4065	199.827827709099	1
3	13	1.185460666985	1
3	23	1.398404707713	1
3	31	1.598404707713	1
3	39	1.820417977924	1
3	50	2.422914752752	1
3	61	2.774044876294	1
3	72	3.602957656789	1
3	83	4.672915954934	1
3	94	5.087015349299	1
3	112	5.612279900445	1
3	123	5.812279900445	1
3	128	6.012279900445	1
3	133	6.212279900445	1
3	144	6.653877496298	1
3	163	7.51147555901	1
3	173	7.71147555901	1
3	186	7.91147555901	1
3	193	8.11147555901	1
3	198	8.31147555901	1
3	203	8.51147555901	1
3	214	8.838481749246	1
3	225	9.529344928029	1
3	236	11.368952075178	1
3	254	12.386609513648	1
3	261	12.586609513648	1
3	269	12.786609513648	1
3	277	13.065432085844	1
3	288	14.394267447467	1
3	304	15.399040513282	1
3	309	15.599040513282	1
3	324	16.100383687409	1
3	329	16.300383687409	1
3	340	16.886593394878	1
3	354	18.146943173386	1
3	362	18.354024864946	1
3	373	19.133952886188	1
3	384	20.632924018173	1
3	395	21.099991434058	1
3	410	21.852258674018	1
3	415	22.052258674018	1
3	426	22.406067605315	1
3	441	22.726388426755	1
3	446	22.926388426755	1
3	460	23.723417802749	1
3	468	24.003829219307	1
3	479	24.529928988484	1
3	495	25.202689701689	1
3	503	25.402689701689	1
3	511	25.673547240215	1
3	522	26.72305091698	1
3	537	27.064562473682	1
3	542	27.264562473682	1
3	559	27.708425772667	1
3	564	27.90851620776	1
3	579	28.340381245393	1
3	584	28.540381245393	1
3	599	29.011642610506	1
3	604	29.211642610506	1
3	615	29.597837361279	1
3	626	30.467904139262	1
3	641	31.449444740556	1
3	649	31.649444740556	1
3	657	31.899003565521	1
3	668	32.466965912187	1
3	682	33.902792785494	1
3	693	34.144767299654	1
3	701	34.375491128587	1
3	716	34.867600151615	1
3	726	35.067600151615	1
3	736	35.267600151615	1
3	744	35.467600151615	1
3	760	35.702110188411	1
3	765	35.902110188411	1
3	770	36.102110188411	1
3	781	36.88124220554	1
3	796	38.031811331948	1
3	806	38.231811331948	1
3	811	38.431811331948	1
3	826	38.999068472116	1
3	831	39.199068472116	1
3	842	39.552997104626	1
3	853	40.342464250509	1
3	871	41.368971337714	1
3	878	41.568971337714	1
3	883	41.768971337714	1
3	894	42.465434812161	1
3	905	43.631753407246	1
3	919	44.701991638459	1
3	930	44.961988843428	1
3	938	45.184434087796	1
3	949	46.027470155136	1
3	963	46.57362894867	1
3	971	46.784182463912	1
3	982	48.019459947619	1
3	993	49.311630500819	1
3	1007	51.757092571404	1
3	1015	51.993373085911	1
3	1031	52.371367545245	1
3	1036	52.571367545245	1
3	1050	53.730822287649	1
3	1063	54.029893038005	1
3	1077	54.240537745322	1
3	1082	54.440537745322	1
3	1087	54.640537745322	1
3	1098	55.416434288052	1
3	1113	56.526644595051	1
3	1118	56.726644595051	1
3	1132	57.270557256825	1
3	1140	57.56137373085	1
3	1151	58.104346277589	1
3	1162	59.836588263524	1
3	1173	60.180585272418	1
3	1187	62.815854600387	1
3	1195	63.080121803394	1
3	1206	63.445741413799	1
3	1217	63.976516257877	1
3	1235	65.026160000594	1
3	1247	65.226160000594	1
3	1252	65.426160000594	1
3	1257	65.626160000594	1
3	1268	65.955546459403	1
3	1279	66.259213031303	1
3	1290	67.657999827367	1
3	1301	68.267586193212	1
3	1315	68.726446799878	1
3	1323	69.006072840139	1
3	1342	69.541326470131	1
3	1347	69.741326470131	1
3	1357	69.941326470131	1
3	1371	70.141326470131	1
3	1382	70.341326470131	1
3	1393	70.541326470131	1
3	1403	70.741326470131	1
3	1413	70.941326470131	1
3	1418	71.141326470131	1
3	1423	71.341326470131	1
3	1431	71.541326470131	1
3	1439	71.758240308583	1
3	1457	72.650122108845	1
3	1468	72.850122108845	1
3	1476	73.050122108845	1
3	1483	73.250122108845	1
3	1493	73.450122108845	1
3	1503	73.650122108845	1
3	1513	73.850122108845	1
3	1518	74.050122108845	1
3	1533	74.569255743754	1
3	1543	74.769255743754	1
3	1548	74.969255743754	1
3	1567	75.422251570078	1
3	1572	75.622251570078	1
3	1577	75.822251570078	1
3	1588	76.879298241756	1
3	1599	77.367157331825	1
3	1610	78.231583800689	1
3	1621	78.676747921936	1
3	1635	79.939463943808	1
3	1643	80.198818861325	1
3	1654	80.523083937853	1
3	1665	81.256226737138	1
3	1676	81.814426397333	1
3	1687	82.845655865065	1
3	1702	83.277925737861	1
3	1707	83.477925737861	1
3	1718	83.911176314337	1
3	1734	84.468082206267	1
3	1744	84.668082206267	1
3	1754	84.868082206267	1
3	1759	85.068082206267	1
3	1780	85.488655858812	1
3	1790	85.688655858812	1
3	1802	85.888655858812	1
3	1811	86.088655858812	1
3	1816	86.288655858812	1
3	1826	86.488655858812	1
3	1831	86.688655858812	1
3	1836	86.888655858812	1
3	1847	87.298059167963	1
3	1861	87.798204459435	1
3	1869	88.082554264574	1
3	1880	88.469319631774	1
3	1896	89.295320869376	1
3	1910	89.503184216482	1
3	1918	89.703184216482	1
3	1925	89.903184216482	1
3	1930	90.103184216482	1
3	1941	92.24138140222	1
3	1955	93.44953612459	1
3	1963	93.698579852699	1
3	1974	95.584469815314	1
3	1985	95.994445705922	1
3	1996	96.394411564498	1
3	2011	98.659877895439	1
3	2019	98.859877895439	1
3	2030	99.075783440658	1
3	2041	99.325126606941	1
3	2049	99.555002031283	1
3	2060	100.638167113118	1
3	2071	101.078294908846	1
3	2082	101.454083512331	1
3	2097	101.971927505761	1
3	2102	102.171927505761	1
3	2113	103.18461699533	1
3	2131	104.341965643434	1
3	2138	104.541965643434	1
3	2146	104.741965643434	1
3	2154	105.005870767217	1
3	2165	105.564936904683	1
3	2180	106.478753024589	1
3	2185	106.678753024589	1
3	2196	107.311265234478	1
3	2207	107.782318050751	1
3	2218	108.311483484756	1
3	2233	109.076976596005	1
3	2238	109.276976596005	1
3	2252	110.304779684975	1
3	2264	110.563855645855	1
3	2269	110.763855645855	1
3	2287	111.155998017536	1
3	2294	111.355998017536	1
3	2302	111.555998017536	1
3	2310	111.839905744271	1
3	2325	112.27078065881	1
3	2330	112.47078065881	1
3	2341	112.960083325882	1
3	2362	113.502198289425	1
3	2373	113.702198289425	1
3	2383	113.902198289425	1
3	2390	114.102198289425	1
3	2395	114.302198289425	1
3	2400	114.502198289425	1
3	2421	115.274141706995	1
3	2428	115.474141706995	1
3	2436	115.674141706995	1
3	2443	115.874141706995	1
3	2448	116.074141706995	1
3	2464	117.216142887622	1
3	2472	117.416142887622	1
3	2483	117.660350083839	1
3	2498	117.898084473292	1
3	2505	118.098084473292	1
3	2510	118.298084473292	1
3	2526	118.885765122181	1
3	2536	119.095876016248	1
3	2541	119.295876016248	1
3	2552	121.764284033144	1
3	2568	122.58324625679	1
3	2573	122.78324625679	1
3	2584	123.12727747404	1
3	2595	123.920473069299	1
3	2606	124.467636696263	1
3	2621	126.432854991494	1
3	2626	126.632854991494	1
3	2642	127.542608571766	1
3	2647	127.742608571766	1
3	2658	128.375586049031	1
3	2676	128.997090463835	1
3	2683	129.197090463835	1
3	2691	129.397090463835	1
3	2704	129.606655481279	1
3	2709	129.806655481279	1
3	2720	131.571647987915	1
3	2731	132.040715059806	1
3	2747	132.755100034582	1
3	2752	132.955100034582	1
3	2766	134.319623171488	1
3	2774	134.607812212998	1
3	2785	135.23410333708	1
3	2799	136.766524538094	1
3	2807	137.020673401148	1
3	2822	138.577695519701	1
3	2827	138.777695519701	1
3	2843	139.120204443292	1
3	2848	139.320204443292	1
3	2867	139.727225342074	1
3	2872	139.927225342074	1
3	2877	140.127225342074	1
3	2888	140.643112847682	1
3	2902	142.930399464202	1
3	2910	143.185822187588	1
3	2921	143.696445562823	1
3	2932	144.213618365291	1
3	2948	145.155048126166	1
3	2953	145.355048126166	1
3	2968	145.76037218236	1
3	2973	145.96037218236	1
3	2984	147.042579125601	1
3	2995	148.062120237995	1
3	3006	148.58864476106	1
3	3017	149.592918160014	1
3	3035	150.333267810122	1
3	3042	150.533267810122	1
3	3052	150.733267810122	1
3	3060	150.933267810122	1
3	3068	151.17080753244	1
3	3079	151.988804721478	1
3	3097	152.699091310234	1
3	3104	152.899091310234	1
3	3114	153.099091310234	1
3	3122	153.299091310234	1
3	3138	153.556977582934	1
3	3145	153.756977582934	1
3	3150	153.956977582934	1
3	3161	154.459775268485	1
3	3172	154.884096919756	1
3	3183	155.751404541624	1
3	3194	156.777078371137	1
3	3213	157.857724893352	1
3	3218	158.057724893352	1
3	3223	158.257724893352	1
3	3234	159.023367104279	1
3	3245	160.984941443285	1
3	3261	161.484561304648	1
3	3266	161.684561304648	1
3	3277	162.200154734731	1
3	3295	163.396201983993	1
3	3302	163.596201983993	1
3	3312	163.796201983993	1
3	3320	163.996201983993	1
3	3331	164.231898404554	1
3	3339	164.442402540936	1
3	3354	165.111125057387	1
3	3359	165.311125057387	1
3	3374	166.763612330207	1
3	3379	166.963612330207	1
3	3390	167.273401183556	1
3	3401	167.635500256865	1
3	3412	168.305167355194	1
3	3427	169.124742666427	1
3	3432	169.324742666427	1
3	3448	169.661765756846	1
3	3456	169.861765756846	1
3	3467	170.126074641694	1
3	3482	170.389718689913	1
3	3489	170.589718689913	1
3	3494	170.789718689913	1
3	3505	171.607415486709	1
3	3516	173.248628426447	1
3	3532	173.796982245345	1
3	3537	173.996982245345	1
3	3548	174.854036944645	1
3	3559	175.369944870756	1
3	3570	176.502283032281	1
3	3581	177.024281427609	1
3	3597	177.578819195858	1
3	3602	177.778819195858	1
3	3613	178.650077536147	1
3	3624	179.045880828799	1
3	3635	179.619737475138	1
3	3650	180.094912753665	1
3	3655	180.294912753665	1
3	3666	181.340304036675	1
3	3677	182.173196742033	1
3	3696	184.168339378064	1
3	3703	184.368339378064	1
3	3715	184.568339378064	1
3	3722	184.768339378064	1
3	3732	184.968339378064	1
3	3742	185.200414116103	1
3	3750	185.400414116103	1
3	3763	185.607733511375	1
3	3768	185.807733511375	1
3	3779	186.856971762292	1
3	3795	188.229861918509	1
3	3800	188.429861918509	1
3	3815	189.269813221503	1
3	3820	189.469813221503	1
3	3831	189.973527325128	1
3	3845	191.10687585769	1
3	3853	191.34406512454	1
3	3864	192.158513382555	1
3	3875	192.473559826171	1
3	3886	192.839613277125	1
3	3897	193.351424371094	1
3	3916	193.67506068737	1
3	3921	193.87506068737	1
3	3926	194.07506068737	1
3	3940	194.581550067013	1
3	3948	194.829659745803	1
3	3963	195.663453425372	1
3	3973	195.863453425372	1
3	3978	196.063453425372	1
3	3992	196.768027886003	1
3	4004	197.048054288485	1
3	4009	197.248054288485	1
3	4025	198.2058765778	1
3	4030	198.4058765778	1
3	4041	199.198755667977	1
3	4057	199.710430142625	1
3	4067	199.910430142625	1
4	18	1.285460666985	0.4002
4	25	1.498404707713	0.4002
4	36	1.698404707713	0.587617823425
4	41	1.920417977924	0.4002
4	55	2.522914752752	0.4002
4	63	2.874044876294	0.4002
4	74	3.702957656789	0.4002
4	85	4.772915954934	0.4002
4	96	5.187015349299	0.4002
4	118	5.712279900445	0.4002
4	125	5.912279900445	0.447422062551
4	130	6.112279900445	0.632125686179
4	135	6.312279900445	0.699690651666
4	146	6.753877496298	0.4002
4	167	7.61147555901	0.4002
4	179	7.81147555901	0.41500680908
4	190	8.01147555901	0.503851488286
4	195	8.21147555901	0.520260070275
4	200	8.41147555901	0.664767292825
4	208	8.61147555901	0.766989145978
4	216	8.938481749246	0.4002
4	227	9.629344928029	0.4002
4	238	11.468952075178	0.4002
4	258	12.486609513648	0.4002
4	263	12.686609513648	0.597826350619
4	274	12.886609513648	0.552077785806
4	279	13.165432085844	0.4002
4	290	14.494267447467	0.4002
4	306	15.499040513282	0.4002
4	311	15.699040513282	0.467720857349
4	326	16.200383687409	0.4002
4	331	16.400383687409	0.581542922013
4	342	16.986593394878	0.4002
4	359	18.246943173386	0.4002
4	364	18.454024864946	0.4002
4	375	19.233952886188	0.4002
4	386	20.732924018173	0.4002
4	397	21.199991434058	0.4002
4	412	21.952258674018	0.4002
4	420	22.152258674018	0.515636295568
4	431	22.506067605315	0.4002
4	443	22.826388426755	0.4002
4	448	23.026388426755	0.508190366098
4	465	23.823417802749	0.4002
4	470	24.103829219307	0.4002
4	481	24.629928988484	0.4002
4	497	25.302689701689	0.4002
4	508	25.502689701689	0.479200896796
4	513	25.773547240215	0.4002
4	527	26.82305091698	0.4002
4	539	27.164562473682	0.4002
4	544	27.364562473682	0.533371620436
4	561	27.808425772667	0.4002
4	566	28.00851620776	0.4002
4	581	28.440381245393	0.4002
4	586	28.640381245393	0.559513185996
4	601	29.111642610506	0.4002
4	609	29.311642610506	0.565340141865
4	617	29.697837361279	0.4002
4	628	30.567904139262	0.4002
4	643	31.549444740556	0.4002
4	654	31.749444740556	0.593085162665
4	659	31.999003565521	0.4002
4	670	32.566965912187	0.4002
4	687	34.002792785494	0.4002
4	698	34.244767299654	0.4002
4	703	34.475491128587	0.4002
4	721	34.967600151615	0.4002
4	731	35.167600151615	0.543310647545
4	738	35.367600151615	0.498078724456
4	753	35.567600151615	0.483473408731
4	762	35.802110188411	0.4002
4	767	36.002110188411	0.527587592325
4	772	36.202110188411	0.679605890359
4	783	36.98124220554	0.4002
4	801	38.131811331948	0.4002
4	808	38.331811331948	0.571381047619
4	813	38.531811331948	0.423503394101
4	828	39.099068472116	0.4002
4	836	39.299068472116	0.522166120844
4	844	39.652997104626	0.4002
4	855	40.442464250509	0.4002
4	875	41.468971337714	0.4002
4	880	41.668971337714	0.510555109174
4	885	41.868971337714	0.577457804954
4	896	42.565434812161	0.4002
4	907	43.731753407246	0.4002
4	924	44.801991638459	0.4002
4	935	45.061988843428	0.4002
4	940	45.284434087796	0.4002
4	951	46.127470155136	0.4002
4	968	46.67362894867	0.4002
4	973	46.884182463912	0.4002
4	984	48.119459947619	0.4002
4	995	49.411630500819	0.4002
4	1012	51.857092571404	0.4002
4	1020	52.093373085911	0.4002
4	1033	52.471367545245	0.4002
4	1038	52.671367545245	0.491994444575
4	1055	53.830822287649	0.4002
4	1070	54.129893038005	0.4002
4	1079	54.340537745322	0.4002
4	1084	54.540537745322	0.541327674951
4	1089	54.740537745322	0.656879392816
4	1100	55.516434288052	0.4002
4	1115	56.626644595051	0.4002
4	1120	56.826644595051	0.501874902062
4	1137	57.370557256825	0.4002
4	1142	57.66137373085	0.4002
4	1153	58.204346277589	0.4002
4	1167	59.936588263524	0.4002
4	1175	60.280585272418	0.4002
4	1192	62.915854600387	0.4002
4	1200	63.180121803394	0.4002
4	1208	63.545741413799	0.4002
4	1219	64.076516257877	0.4002
4	1242	65.126160000594	0.4002
4	1249	65.326160000594	0.5030617002
4	1254	65.526160000594	0.529352140224
4	1262	65.726160000594	0.6166583534
4	1273	66.055546459403	0.4002
4	1281	66.359213031303	0.4002
4	1292	67.757999827367	0.4002
4	1303	68.367586193212	0.4002
4	1320	68.826446799878	0.4002
4	1325	69.106072840139	0.4002
4	1344	69.641326470131	0.4002
4	1352	69.841326470131	0.598754201567
4	1362	70.041326470131	0.774709734327
4	1377	70.241326470131	0.497181240533
4	1388	70.441326470131	0.432045276979
4	1398	70.641326470131	0.550572792463
4	1408	70.841326470131	0.700796106494
4	1415	71.041326470131	0.850902331263
4	1420	71.241326470131	0.832199086267
4	1425	71.441326470131	0.871441145415
4	1436	71.641326470131	0.830510100091
4	1441	71.858240308583	0.4002
4	1463	72.750122108845	0.4002
4	1470	72.950122108845	0.45499283597
4	1480	73.150122108845	0.630525132048
4	1488	73.350122108845	0.694349676654
4	1498	73.550122108845	0.557612635641
4	1508	73.750122108845	0.468012039014
4	1515	73.950122108845	0.441074222209
4	1520	74.150122108845	0.488237339024
4	1538	74.669255743754	0.4002
4	1545	74.869255743754	0.527137473847
4	1550	75.069255743754	0.472030148312
4	1569	75.522251570078	0.4002
4	1574	75.722251570078	0.573767827091
4	1579	75.922251570078	0.614887462217
4	1590	76.979298241756	0.4002
4	1601	77.467157331825	0.4002
4	1612	78.331583800689	0.4002
4	1623	78.776747921936	0.4002
4	1640	80.039463943808	0.4002
4	1648	80.298818861325	0.4002
4	1656	80.623083937853	0.4002
4	1667	81.356226737138	0.4002
4	1678	81.914426397333	0.4002
4	1689	82.945655865065	0.4002
4	1704	83.377925737861	0.4002
4	1709	83.577925737861	0.5134875823
4	1720	84.011176314337	0.4002
4	1739	84.568082206267	0.4002
4	1749	84.768082206267	0.417737767505
4	1756	84.968082206267	0.418006013129
4	1761	85.168082206267	0.403253744583
4	1784	85.588655858812	0.4002
4	1794	85.788655858812	0.584763244351
4	1806	85.988655858812	0.761231506256
4	1813	86.188655858812	0.74459572641
4	1821	86.388655858812	0.702116443556
4	1828	86.588655858812	0.735813244493
4	1833	86.788655858812	0.935649705386
4	1838	86.988655858812	0.646354786015
4	1849	87.398059167963	0.4002
4	1866	87.898204459435	0.4002
4	1874	88.182554264574	0.4002
4	1882	88.569319631774	0.4002
4	1903	89.395320869376	0.4002
4	1912	89.603184216482	0.4002
4	1922	89.803184216482	0.509304421513
4	1927	90.003184216482	0.669459580052
4	1932	90.203184216482	0.574797301185
4	1943	92.34138140222	0.4002
4	1960	93.54953612459	0.4002
4	1965	93.798579852699	0.4002
4	1976	95.684469815314	0.4002
4	1990	96.094445705922	0.4002
4	1998	96.494411564498	0.4002
4	2013	98.759877895439	0.4002
4	2024	98.959877895439	0.533015221936
4	2035	99.175783440658	0.4002
4	2046	99.425126606941	0.4002
4	2051	99.655002031283	0.4002
4	2062	100.738167113118	0.4002
4	2076	101.178294908846	0.4002
4	2084	101.554083512331	0.4002
4	2099	102.071927505761	0.4002
4	2104	102.271927505761	0.541727486954
4	2115	103.28461699533	0.4002
4	2135	104.441965643434	0.4002
4	2140	104.641965643434	0.557883896123
4	2151	104.841965643434	0.511062026996
4	2156	105.105870767217	0.4002
4	2167	105.664936904683	0.4002
4	2182	106.578753024589	0.4002
4	2187	106.778753024589	0.528480658339
4	2198	107.411265234478	0.4002
4	2209	107.882318050751	0.4002
4	2220	108.411483484756	0.4002
4	2235	109.176976596005	0.4002
4	2240	109.376976596005	0.577520051883
4	2259	110.404779684975	0.4002
4	2266	110.663855645855	0.4002
4	2274	110.863855645855	0.505012752097
4	2291	111.255998017536	0.4002
4	2296	111.455998017536	0.534725397134
4	2307	111.655998017536	0.520951924368
4	2312	111.939905744271	0.4002
4	2327	112.37078065881	0.4002
4	2332	112.57078065881	0.582431751096
4	2343	113.060083325882	0.4002
4	2366	113.602198289425	0.4002
4	2377	113.802198289425	0.49616359716
4	2387	114.002198289425	0.557877263827
4	2392	114.202198289425	0.726799522481
4	2397	114.402198289425	0.790807466753
4	2402	114.602198289425	0.743480479247
4	2425	115.374141706995	0.4002
4	2430	115.574141706995	0.531583610217
4	2440	115.774141706995	0.693457719039
4	2445	115.974141706995	0.775189443363
4	2450	116.174141706995	0.560223604163
4	2466	117.316142887622	0.4002
4	2477	117.516142887622	0.428815924025
4	2493	117.760350083839	0.4002
4	2502	117.998084473292	0.4002
4	2507	118.198084473292	0.452069089327
4	2512	118.398084473292	0.65031688197
4	2531	118.985765122181	0.4002
4	2538	119.195876016248	0.4002
4	2543	119.395876016248	0.532379686026
4	2554	121.864284033144	0.4002
4	2570	122.68324625679	0.4002
4	2578	122.88324625679	0.436852727853
4	2586	123.22727747404	0.4002
4	2597	124.020473069299	0.4002
4	2608	124.567636696263	0.4002
4	2623	126.532854991494	0.4002
4	2628	126.732854991494	0.504366163444
4	2644	127.642608571766	0.4002
4	2649	127.842608571766	0.478169841455
4	2660	128.475586049031	0.4002
4	2680	129.097090463835	0.4002
4	2685	129.297090463835	0.458237686274
4	2699	129.497090463835	0.62832760741
4	2706	129.706655481279	0.4002
4	2711	129.906655481279	0.428699726744
4	2722	131.671647987915	0.4002
4	2733	132.140715059806	0.4002
4	2749	132.855100034582	0.4002
4	2754	133.055100034582	0.445890167784
4	2771	134.419623171488	0.4002
4	2776	134.707812212998	0.4002
4	2787	135.33410333708	0.4002
4	2804	136.866524538094	0.4002
4	2809	137.120673401148	0.4002
4	2824	138.677695519701	0.4002
4	2832	138.877695519701	0.559555187326
4	2845	139.220204443292	0.4002
4	2850	139.420204443292	0.450640015915
4	2869	139.827225342074	0.4002
4	2874	140.027225342074	0.511536087785
4	2879	140.227225342074	0.702553165892
4	2890	140.743112847682	0.4002
4	2907	143.030399464202	0.4002
4	2912	143.285822187588	0.4002
4	2923	143.796445562823	0.4002
4	2934	144.313618365291	0.4002
4	2950	145.255048126166	0.4002
4	2955	145.455048126166	0.489591724857
4	2970	145.86037218236	0.4002
4	2975	146.06037218236	0.576973153286
4	2986	147.142579125601	0.4002
4	2997	148.162120237995	0.4002
4	3008	148.68864476106	0.4002
4	3019	149.692918160014	0.4002
4	3039	150.433267810122	0.4002
4	3047	150.633267810122	0.474925033735
4	3054	150.833267810122	0.578447992839
4	3065	151.033267810122	0.498303037586
4	3070	151.27080753244	0.4002
4	3081	152.088804721478	0.4002
4	3101	152.799091310234	0.4002
4	3109	152.999091310234	0.476540388344
4	3116	153.199091310234	0.610236318316
4	3127	153.399091310234	0.489782012091
4	3142	153.656977582934	0.4002
4	3147	153.856977582934	0.442597262474
4	3152	154.056977582934	0.533538691703
4	3163	154.559775268485	0.4002
4	3174	154.984096919756	0.4002
4	3185	155.851404541624	0.4002
4	3196	156.877078371137	0.4002
4	3215	157.957724893352	0.4002
4	3220	158.157724893352	0.543543213153
4	3225	158.357724893352	0.60042681095
4	3236	159.123367104279	0.4002
4	3247	161.084941443285	0.4002
4	3263	161.584561304648	0.4002
4	3268	161.784561304648	0.418611631186
4	3279	162.300154734731	0.4002
4	3299	163.496201983993	0.4002
4	3307	163.696201983993	0.467736685177
4	3314	163.896201983993	0.586331154939
4	3325	164.096201983993	0.442584722664
4	3336	164.331898404554	0.4002
4	3341	164.542402540936	0.4002
4	3356	165.211125057387	0.4002
4	3361	165.411125057387	0.57723131796
4	3376	166.863612330207	0.4002
4	3384	167.063612330207	0.581500714866
4	3395	167.373401183556	0.4002
4	3403	167.735500256865	0.4002
4	3414	168.405167355194	0.4002
4	3429	169.224742666427	0.4002
4	3437	169.424742666427	0.552088447774
4	3450	169.761765756846	0.4002
4	3461	169.961765756846	0.427681763125
4	3477	170.226074641694	0.4002
4	3486	170.489718689913	0.4002
4	3491	170.689718689913	0.489793794025
4	3496	170.889718689913	0.675567201982
4	3507	171.707415486709	0.4002
4	3518	173.348628426447	0.4002
4	3534	173.896982245345	0.4002
4	3539	174.096982245345	0.459072060732
4	3550	174.954036944645	0.4002
4	3561	175.469944870756	0.4002
4	3572	176.602283032281	0.4002
4	3583	177.124281427609	0.4002
4	3599	177.678819195858	0.4002
4	3604	177.878819195858	0.44031788859
4	3618	178.750077536147	0.4002
4	3626	179.145880828799	0.4002
4	3637	179.719737475138	0.4002
4	3652	180.194912753665	0.4002
4	3657	180.394912753665	0.587364569526
4	3668	181.440304036675	0.4002
4	3679	182.273196742033	0.4002
4	3700	184.268339378064	0.4002
4	3708	184.468339378064	0.484018469717
4	3719	184.668339378064	0.578254920819
4	3724	184.868339378064	0.410191844504
4	3737	185.068339378064	0.599971155499
4	3744	185.300414116103	0.4002
4	3758	185.500414116103	0.589894007773
4	3765	185.707733511375	0.4002
4	3770	185.907733511375	0.467186957352
4	3781	186.956971762292	0.4002
4	3797	188.329861918509	0.4002
4	3802	188.529861918509	0.484912198562
4	3817	189.369813221503	0.4002
4	3822	189.569813221503	0.59135418805
4	3833	190.073527325128	0.4002
4	3850	191.20687585769	0.4002
4	3855	191.44406512454	0.4002
4	3869	192.258513382555	0.4002
4	3880	192.573559826171	0.4002
4	3888	192.939613277125	0.4002
4	3906	193.451424371094	0.4002
4	3918	193.77506068737	0.4002
4	3923	193.97506068737	0.599607707064
4	3928	194.17506068737	0.725133432825
4	3945	194.681550067013	0.4002
4	3950	194.929659745803	0.4002
4	3968	195.763453425372	0.4002
4	3975	195.963453425372	0.540533803858
4	3980	196.163453425372	0.450536953256
4	3999	196.868027886003	0.4002
4	4006	197.148054288485	0.4002
4	4011	197.348054288485	0.552068856118
4	4027	198.3058765778	0.4002
4	4032	198.5058765778	0.461834495665
4	4043	199.298755667977	0.4002
4	4062	199.810430142625	0.4002
5	18	1.285460666985	1
5	25	1.498404707713	1
5	36	1.698404707713	1
5	41	1.920417977924	1
5	55	2.522914752752	1
5	63	2.874044876294	1
5	74	3.702957656789	1
5	85	4.772915954934	1
5	96	5.187015349299	1
5	118	5.712279900445	1
5	125	5.912279900445	1
5	130	6.112279900445	1
5	135	6.312279900445	1
5	146	6.753877496298	1
5	167	7.61147555901	1
5	179	7.81147555901	1
5	190	8.01147555901	1
5	195	8.21147555901	1
5	200	8.41147555901	1
5	208	8.61147555901	1
5	216	8.938481749246	1
5	227	9.629344928029	1
5	238	11.468952075178	1
5	258	12.486609513648	1
5	263	12.686609513648	1
5	274	12.886609513648	1
5	279	13.165432085844	1
5	290	14.494267447467	1
5	306	15.499040513282	1
5	311	15.699040513282	1
5	326	16.200383687409	1
5	331	16.400383687409	1
5	342	16.986593394878	1
5	359	18.246943173386	1
5	364	18.454024864946	1
5	375	19.233952886188	1
5	386	20.732924018173	1
5	397	21.199991434058	1
5	412	21.952258674018	1
5	420	22.152258674018	1
5	431	22.506067605315	1
5	443	22.826388426755	1
5	448	23.026388426755	1
5	465	23.823417802749	1
5	470	24.103829219307	1
5	481	24.629928988484	1
5	497	25.302689701689	1
5	508	25.502689701689	1
5	513	25.773547240215	1
5	527	26.82305091698	1
5	539	27.164562473682	1
5	544	27.364562473682	1
5	561	27.808425772667	1
5	566	28.00851620776	1
5	581	28.440381245393	1
5	586	28.640381245393	1
5	601	29.111642610506	1
5	609	29.311642610506	1
5	617	29.697837361279	1
5	628	30.567904139262	1
5	643	31.549444740556	1
5	654	31.749444740556	1
5	659	31.999003565521	1
5	670	32.566965912187	1
5	687	34.002792785494	1
5	698	34.244767299654	1
5	703	34.475491128587	1
5	721	34.967600151615	1
5	731	35.167600151615	1
5	738	35.367600151615	1
5	753	35.567600151615	1
5	762	35.802110188411	1
5	767	36.002110188411	1
5	772	36.202110188411	1
5	783	36.98124220554	1
5	801	38.131811331948	1
5	808	38.331811331948	1
5	813	38.531811331948	1
5	828	39.099068472116	1
5	836	39.299068472116	1
5	844	39.652997104626	1
5	855	40.442464250509	1
5	875	41.468971337714	1
5	880	41.668971337714	1
5	885	41.868971337714	1
5	896	42.565434812161	1
5	907	43.731753407246	1
5	924	44.801991638459	1
5	935	45.061988843428	1
5	940	45.284434087796	1
5	951	46.127470155136	1
5	968	46.67362894867	1
5	973	46.884182463912	1
5	984	48.119459947619	1
5	995	49.411630500819	1
5	1012	51.857092571404	1
5	1020	52.093373085911	1
5	1033	52.471367545245	1
5	1038	52.671367545245	1
5	1055	53.830822287649	1
5	1070	54.129893038005	1
5	1079	54.340537745322	1
5	1084	54.540537745322	1
5	1089	54.740537745322	1
5	1100	55.516434288052	1
5	1115	56.626644595051	1
5	1120	56.826644595051	1
5	1137	57.370557256825	1
5	1142	57.66137373085	1
5	1153	58.204346277589	1
5	1167	59.936588263524	1
5	1175	60.280585272418	1
5	1192	62.915854600387	1
5	1200	63.180121803394	1
5	1208	63.545741413799	1
5	1219	64.076516257877	1
5	1242	65.126160000594	1
5	1249	65.326160000594	1
5	1254	65.526160000594	1
5	1262	65.726160000594	1
5	1273	66.055546459403	1
5	1281	66.359213031303	1
5	1292	67.757999827367	1
5	1303	68.367586193212	1
5	1320	68.826446799878	1
5	1325	69.106072840139	1
5	1344	69.641326470131	1
5	1352	69.841326470131	1
5	1362	70.041326470131	1
5	1377	70.241326470131	1
5	1388	70.441326470131	1
5	1398	70.641326470131	1
5	1408	70.841326470131	1
5	1415	71.041326470131	1
5	1420	71.241326470131	1
5	1425	71.441326470131	1
5	1436	71.641326470131	1
5	1441	71.858240308583	1
5	1463	72.750122108845	1
5	1470	72.950122108845	1
5	1480	73.150122108845	1
5	1488	73.350122108845	1
5	1498	73.550122108845	1
5	1508	73.750122108845	1
5	1515	73.950122108845	1
5	1520	74.150122108845	1
5	1538	74.669255743754	1
5	1545	74.869255743754	1
5	1550	75.069255743754	1
5	1569	75.522251570078	1
5	1574	75.722251570078	1
5	1579	75.922251570078	1
5	1590	76.979298241756	1
5	1601	77.467157331825	1
5	1612	78.331583800689	1
5	1623	78.776747921936	1
5	1640	80.039463943808	1
5	1648	80.298818861325	1
5	1656	80.623083937853	1
5	1667	81.356226737138	1
5	1678	81.914426397333	1
5	1689	82.945655865065	1
5	1704	83.377925737861	1
5	1709	83.577925737861	1
5	1720	84.011176314337	1
5	1739	84.568082206267	1
5	1749	84.768082206267	1
5	1756	84.968082206267	1
5	1761	85.168082206267	1
5	1784	85.588655858812	1
5	1794	85.788655858812	1
5	1806	85.988655858812	1
5	1813	86.188655858812	1
5	1821	86.388655858812	1
5	1828	86.588655858812	1
5	1833	86.788655858812	1
5	1838	86.988655858812	1
5	1849	87.398059167963	1
5	1866	87.898204459435	1
5	1874	88.182554264574	1
5	1882	88.569319631774	1
5	1903	89.395320869376	1
5	1912	89.603184216482	1
5	1922	89.803184216482	1
5	1927	90.003184216482	1
5	1932	90.203184216482	1
5	1943	92.34138140222	1
5	1960	93.54953612459	1
5	1965	93.798579852699	1
5	1976	95.684469815314	1
5	1990	96.094445705922	1
5	1998	96.494411564498	1
5	2013	98.759877895439	1
5	2024	98.959877895439	1
5	2035	99.175783440658	1
5	2046	99.425126606941	1
5	2051	99.655002031283	1
5	2062	100.738167113118	1
5	2076	101.178294908846	1
5	2084	101.554083512331	1
5	2099	102.071927505761	1
5	2104	102.271927505761	1
5	2115	103.28461699533	1
5	2135	104.441965643434	1
5	2140	104.641965643434	1
5	2151	104.841965643434	1
5	2156	105.105870767217	1
5	2167	105.664936904683	1
5	2182	106.578753024589	1
5	2187	106.778753024589	1
5	2198	107.411265234478	1
5	2209	107.882318050751	1
5	2220	108.411483484756	1
5	2235	109.176976596005	1
5	2240	109.376976596005	1
5	2259	110.404779684975	1
5	2266	110.663855645855	1
5	2274	110.863855645855	1
5	2291	111.255998017536	1
5	2296	111.455998017536	1
5	2307	111.655998017536	1
5	2312	111.939905744271	1
5	2327	112.37078065881	1
5	2332	112.57078065881	1
5	2343	113.060083325882	1
5	2366	113.602198289425	1
5	2377	113.802198289425	1
5	2387	114.002198289425	1
5	2392	114.202198289425	1
5	2397	114.402198289425	1
5	2402	114.602198289425	1
5	2425	115.374141706995	1
5	2430	115.574141706995	1
5	2440	115.774141706995	1
5	2445	115.974141706995	1
5	2450	116.174141706995	1
5	2466	117.316142887622	1
5	2477	117.516142887622	1
5	2493	117.760350083839	1
5	2502	117.998084473292	1
5	2507	118.198084473292	1
5	2512	118.398084473292	1
5	2531	118.985765122181	1
5	2538	119.195876016248	1
5	2543	119.395876016248	1
5	2554	121.864284033144	1
5	2570	122.68324625679	1
5	2578	122.88324625679	1
5	2586	123.22727747404	1
5	2597	124.020473069299	1
5	2608	124.567636696263	1
5	2623	126.532854991494	1
5	2628	126.732854991494	1
5	2644	127.642608571766	1
5	2649	127.842608571766	1
5	2660	128.475586049031	1
5	2680	129.097090463835	1
5	2685	129.297090463835	1
5	2699	129.497090463835	1
5	2706	129.706655481279	1
5	2711	129.906655481279	1
5	2722	131.671647987915	1
5	2733	132.140715059806	1
5	2749	132.855100034582	1
5	2754	133.055100034582	1
5	2771	134.419623171488	1
5	2776	134.707812212998	1
5	2787	135.33410333708	1
5	2804	136.866524538094	1
5	2809	137.120673401148	1
5	2824	138.677695519701	1
5	2832	138.877695519701	1
5	2845	139.220204443292	1
5	2850	139.420204443292	1
5	2869	139.827225342074	1
5	2874	140.027225342074	1
5	2879	140.227225342074	1
5	2890	140.743112847682	1
5	2907	143.030399464202	1
5	2912	143.285822187588	1
5	2923	143.796445562823	1
5	2934	144.313618365291	1
5	2950	145.255048126166	1
5	2955	145.455048126166	1
5	2970	145.86037218236	1
5	2975	146.06037218236	1
5	2986	147.142579125601	1
5	2997	148.162120237995	1
5	3008	148.68864476106	1
5	3019	149.692918160014	1
5	3039	150.433267810122	1
5	3047	150.633267810122	1
5	3054	150.833267810122	1
5	3065	151.033267810122	1
5	3070	151.27080753244	1
5	3081	152.088804721478	1
5	3101	152.799091310234	1
5	3109	152.999091310234	1
5	3116	153.199091310234	1
5	3127	153.399091310234	1
5	3142	153.656977582934	1
5	3147	153.856977582934	1
5	3152	154.056977582934	1
5	3163	154.559775268485	1
5	3174	154.984096919756	1
5	3185	155.851404541624	1
5	3196	156.877078371137	1
5	3215	157.957724893352	1
5	3220	158.157724893352	1
5	3225	158.357724893352	1
5	3236	159.123367104279	1
5	3247	161.084941443285	1
5	3263	161.584561304648	1
5	3268	161.784561304648	1
5	3279	162.300154734731	1
5	3299	163.496201983993	1
5	3307	163.696201983993	1
5	3314	163.896201983993	1
5	3325	164.096201983993	1
5	3336	164.331898404554	1
5	3341	164.542402540936	1
5	3356	165.211125057387	1
5	3361	165.411125057387	1
5	3376	166.863612330207	1
5	3384	167.063612330207	1
5	3395	167.373401183556	1
5	3403	167.735500256865	1
5	3414	168.405167355194	1
5	3429	169.224742666427	1
5	3437	169.424742666427	1
5	3450	169.761765756846	1
5	3461	169.961765756846	1
5	3477	170.226074641694	1
5	3486	170.489718689913	1
5	3491	170.689718689913	1
5	3496	170.889718689913	1
5	3507	171.707415486709	1
5	3518	173.348628426447	1
5	3534	173.896982245345	1
5	3539	174.096982245345	1
5	3550	174.954036944645	1
5	3561	175.469944870756	1
5	3572	176.602283032281	1
5	3583	177.124281427609	1
5	3599	177.678819195858	1
5	3604	177.878819195858	1
5	3618	178.750077536147	1
5	3626	179.145880828799	1
5	3637	179.719737475138	1
5	3652	180.194912753665	1
5	3657	180.394912753665	1
5	3668	181.440304036675	1
5	3679	182.273196742033	1
5	3700	184.268339378064	1
5	3708	184.468339378064	1
5	3719	184.668339378064	1
5	3724	184.868339378064	1
5	3737	185.068339378064	1
5	3744	185.300414116103	1
5	3758	185.500414116103	1
5	3765	185.707733511375	1
5	3770	185.907733511375	1
5	3781	186.956971762292	1
5	3797	188.329861918509	1
5	3802	188.529861918509	1
5	3817	189.369813221503	1
5	3822	189.569813221503	1
5	3833	190.073527325128	1
5	3850	191.20687585769	1
5	3855	191.44406512454	1
5	3869	192.258513382555	1
5	3880	192.573559826171	1
5	3888	192.939613277125	1
5	3906	193.451424371094	1
5	3918	193.77506068737	1
5	3923	193.97506068737	1
5	3928	194.17506068737	1
5	3945	194.681550067013	1
5	3950	194.929659745803	1
5	3968	195.763453425372	1
5	3975	195.963453425372	1
5	3980	196.163453425372	1
5	3999	196.868027886003	1
5	4006	197.148054288485	1
5	4011	197.348054288485	1
5	4027	198.3058765778	1
5	4032	198.5058765778	1
5	4043	199.298755667977	1
5	4062	199.810430142625	1

