version 3
run BaseVersion-12-20240511-20:48:36-11938
attr configname BaseVersion
attr datetime 20240511-20:48:36
attr datetimef 20240511-204836
attr experiment BaseVersion
attr inifile omnetpp.ini
attr iterationvars $genInterval=0.7
attr iterationvarsd genInterval=0.7
attr iterationvarsf genInterval=0.7-
attr measurement $genInterval=0.7
attr network Network
attr processid 11938
attr repetition 0
attr replication #0
attr resultdir results
attr runnumber 12
attr seedset 12
itervar genInterval 0.7
config network Network
config sim-time-limit 200s
config Network.nodeTx.gen.generationInterval exponential(0.7)
config Network.nodeTx.gen.packetByteSize 12500
config Network.nodeTx.queue.bufferSize 200
config Network.nodeRx.queue.bufferSize 200
config Network.queue.bufferSize 200

vector 0 Network.nodeTx.gen packetGen ETV
vector 1 Network.nodeTx.queue bufferSize ETV
vector 2 Network.queue bufferSize ETV
vector 3 Network.nodeRx.queue bufferSize ETV
vector 4 Network.nodeRx.sink Delay ETV
vector 5 Network.nodeRx.sink packetUsed ETV
0	1	0.117199895458	1
0	12	0.530893549754	1
0	23	1.473978900669	1
0	34	2.920613832121	1
0	40	3.134530270298	1
0	43	3.197810240629	1
0	63	3.731917625234	1
0	76	4.632056524653	1
0	79	4.642334079284	1
0	89	4.944397373242	1
0	106	6.701528759736	1
0	109	6.725716806711	1
0	126	8.342548339209	1
0	132	8.587672439362	1
0	135	8.611467322608	1
0	140	8.671757835436	1
0	166	10.873522096546	1
0	177	11.779644024451	1
0	183	11.882952244049	1
0	193	12.209533573313	1
0	204	12.443218355563	1
0	220	13.232121366815	1
0	231	13.884252220954	1
0	242	16.763599619049	1
0	253	18.7841019966	1
0	264	19.243913456782	1
0	275	20.584781140058	1
0	286	22.290373425872	1
0	289	22.291956682386	1
0	294	22.439354546887	1
0	310	22.954923212531	1
0	319	23.067019873484	1
0	336	23.629152110879	1
0	347	25.293776444625	1
0	358	25.758801489837	1
0	369	26.5659310797	1
0	380	27.589048498201	1
0	391	29.803601894636	1
0	397	29.926246815544	1
0	410	30.352476564743	1
0	423	31.364887327582	1
0	434	31.94458890321	1
0	437	31.959309464783	1
0	454	33.090358918404	1
0	460	33.192047062056	1
0	475	35.19952458751	1
0	478	35.286049566807	1
0	485	35.462993770127	1
0	498	35.722634449706	1
0	515	36.572308716305	1
0	526	37.351460729551	1
0	537	37.836586883444	1
0	548	38.282627802587	1
0	554	38.441160301623	1
0	569	39.626774527304	1
0	580	40.321549982066	1
0	586	40.560885924991	1
0	595	40.669969688128	1
0	612	41.594654678438	1
0	615	41.632738179878	1
0	632	42.481664870922	1
0	638	42.607361760606	1
0	648	42.885161293147	1
0	664	44.293286699865	1
0	670	44.578493545393	1
0	676	44.605196532526	1
0	695	47.278745908157	1
0	701	47.450555575298	1
0	716	48.136356424037	1
0	727	51.153080092093	1
0	738	53.254495843836	1
0	744	53.387327687329	1
0	759	54.408459923959	1
0	762	54.499220197388	1
0	779	55.719335718755	1
0	790	56.271269819395	1
0	799	56.636637966515	1
0	810	57.020031299442	1
0	823	57.440184431964	1
0	834	58.096190803745	1
0	843	58.454506021876	1
0	856	59.545050289312	1
0	867	63.273486262818	1
0	878	65.103114510376	1
0	884	65.239953891612	1
0	892	65.458887048268	1
0	909	67.759088359013	1
0	915	68.013008078122	1
0	929	68.393412837997	1
0	942	69.329834371883	1
0	951	69.716051443376	1
0	964	71.566781436415	1
0	975	72.002205556605	1
0	978	72.016756395505	1
0	988	72.344330316533	1
0	1005	74.27020311746	1
0	1016	74.708710204509	1
0	1027	75.300712615242	1
0	1030	75.325773709263	1
0	1035	75.441451285919	1
0	1039	75.503076928407	1
0	1050	75.717552011514	1
0	1075	76.640651172678	1
0	1086	77.831686116566	1
0	1097	78.539491803322	1
0	1108	79.445377080867	1
0	1111	79.465190311924	1
0	1113	79.475413638097	1
0	1120	79.725256179063	1
0	1136	80.13514006074	1
0	1146	80.309828513834	1
0	1166	80.898536193865	1
0	1169	80.938150248217	1
0	1184	81.424329481769	1
0	1197	81.942857837193	1
0	1208	83.086431751903	1
0	1217	83.463372978766	1
0	1228	83.832978403551	1
0	1233	83.867572438846	1
0	1235	83.902438439938	1
0	1254	84.497142804921	1
0	1270	85.090081972998	1
0	1281	86.229106290534	1
0	1287	86.443756765714	1
0	1290	86.528168997344	1
0	1312	87.356007980889	1
0	1318	87.583163712521	1
0	1334	89.267471912815	1
0	1345	89.985898368341	1
0	1356	90.582223070152	1
0	1367	91.05733146368	1
0	1378	91.765772701834	1
0	1389	92.260214942173	1
0	1400	92.86874613474	1
0	1411	93.301945931851	1
0	1417	93.565537508548	1
0	1433	95.141483190534	1
0	1444	95.664565415012	1
0	1455	96.316153620158	1
0	1466	97.042559377763	1
0	1477	97.689859964643	1
0	1483	97.8757474911	1
0	1496	98.286477068932	1
0	1501	98.330635469677	1
0	1516	98.788446979777	1
0	1529	99.415720186445	1
0	1540	100.951002297244	1
0	1551	101.513056222036	1
0	1557	101.676734431498	1
0	1572	102.995518628899	1
0	1583	105.020507378681	1
0	1594	106.02399472738	1
0	1597	106.077410956877	1
0	1607	106.405284385065	1
0	1624	107.038255684103	1
0	1635	107.586888058026	1
0	1638	107.609040664771	1
0	1655	109.771934062783	1
0	1666	110.538009517564	1
0	1669	110.635007012486	1
0	1686	111.345097503885	1
0	1689	111.35779514603	1
0	1706	112.746509759112	1
0	1717	113.32556431347	1
0	1728	115.314324054479	1
0	1737	115.615168482051	1
0	1750	116.028110819298	1
0	1761	116.751302041055	1
0	1772	117.527276013389	1
0	1778	117.758967559172	1
0	1794	119.56593548092	1
0	1803	119.953617304666	1
0	1816	120.629864898496	1
0	1825	120.963869784222	1
0	1833	121.236500378074	1
0	1839	121.333495032915	1
0	1851	121.602919887359	1
0	1868	122.250169701495	1
0	1874	122.491350564744	1
0	1877	122.543660533749	1
0	1899	124.753077613662	1
0	1908	125.067526359798	1
0	1919	125.43209044588	1
0	1932	125.856568525729	1
0	1943	127.906950797452	1
0	1954	129.537970784843	1
0	1965	130.900341669203	1
0	1971	131.120134812604	1
0	1987	131.937545692388	1
0	1990	132.00450166724	1
0	1992	132.006807033963	1
0	2016	132.839566155047	1
0	2027	134.452100563491	1
0	2038	135.269244381013	1
0	2049	137.036073059519	1
0	2052	137.070194702327	1
0	2054	137.074343523577	1
0	2066	137.342879305875	1
0	2088	138.063748160409	1
0	2099	139.788086394139	1
0	2108	140.128626507497	1
0	2121	141.585616275084	1
0	2132	142.219607485798	1
0	2143	142.741607615191	1
0	2154	143.402183660761	1
0	2160	143.590772247083	1
0	2175	144.231509661724	1
0	2178	144.330519191663	1
0	2188	144.592584710208	1
0	2205	145.146982264793	1
0	2208	145.197686669576	1
0	2225	146.64612331045	1
0	2236	147.775304386368	1
0	2247	148.50664474878	1
0	2258	150.2034502352	1
0	2267	150.597833242239	1
0	2275	150.749389467793	1
0	2288	151.117940465321	1
0	2296	151.283484715554	1
0	2311	152.363642131781	1
0	2320	152.695383698079	1
0	2328	152.908989677859	1
0	2342	153.269897266967	1
0	2350	153.500350722402	1
0	2366	155.015409415644	1
0	2369	155.031731837958	1
0	2374	155.189819917962	1
0	2395	155.971127914715	1
0	2404	156.351248945831	1
0	2412	156.459418919944	1
0	2427	157.190224610122	1
0	2430	157.250384991917	1
0	2445	157.752080929336	1
0	2458	158.53055045079	1
0	2464	158.814900330451	1
0	2480	159.753458239315	1
0	2491	160.80850716327	1
0	2502	161.451591840287	1
0	2508	161.553462106677	1
0	2511	161.591610261176	1
0	2515	161.740594992928	1
0	2529	161.975686508015	1
0	2541	162.336291648314	1
0	2561	163.301265480134	1
0	2572	164.3832787002	1
0	2581	164.758488846654	1
0	2589	164.963429669238	1
0	2598	165.066371710651	1
0	2601	165.147540774739	1
0	2619	165.633078761202	1
0	2635	167.501353813449	1
0	2641	167.618776585233	1
0	2644	167.713359272773	1
0	2648	167.7689302673	1
0	2672	168.419148475426	1
0	2685	170.208034502364	1
0	2691	170.447897947319	1
0	2700	170.579829983746	1
0	2717	171.269271162264	1
0	2728	171.767287274168	1
0	2739	172.521375950027	1
0	2745	172.673343111242	1
0	2748	172.722433194163	1
0	2767	173.265336455788	1
0	2778	173.572770787868	1
0	2791	174.7010176573	1
0	2797	174.986305043784	1
0	2808	175.130213927518	1
0	2813	175.267004107646	1
0	2826	175.530169695637	1
0	2829	175.535794574728	1
0	2833	175.595677323178	1
0	2835	175.603022609754	1
0	2860	176.267742015229	1
0	2880	176.904712505664	1
0	2886	177.187410927135	1
0	2892	177.249316285101	1
0	2911	178.882039640808	1
0	2917	179.147558353654	1
0	2933	179.725963303318	1
0	2944	182.149035225242	1
0	2953	182.522549650547	1
0	2966	183.970265712964	1
0	2972	184.169290889738	1
0	2987	185.876848034519	1
0	2998	187.215995950799	1
0	3004	187.346340857867	1
0	3019	187.942724132123	1
0	3025	188.209409568978	1
0	3041	188.930292390601	1
0	3047	189.124039797189	1
0	3062	190.832094575076	1
0	3073	191.304747736143	1
0	3084	191.946532433169	1
0	3095	192.496129299851	1
0	3106	193.125146925206	1
0	3115	193.489117416193	1
0	3128	194.208530211289	1
0	3139	195.158001326428	1
0	3150	195.613542560733	1
0	3161	196.335994961167	1
0	3172	197.515638877193	1
0	3183	198.269455013161	1
0	3194	198.761453315727	1
0	3200	198.874577544343	1
0	3203	198.874873170034	1
0	3224	199.835778617737	1
0	3227	199.856637011309	1
1	2	0.117199895458	1
1	13	0.530893549754	1
1	24	1.473978900669	1
1	35	2.920613832121	1
1	41	3.134530270298	1
1	44	3.197810240629	1
1	64	3.731917625234	1
1	77	4.632056524653	1
1	80	4.642334079284	1
1	90	4.944397373242	1
1	107	6.701528759736	1
1	110	6.725716806711	1
1	127	8.342548339209	1
1	133	8.587672439362	1
1	136	8.611467322608	1
1	141	8.671757835436	2
1	167	10.873522096546	1
1	178	11.779644024451	1
1	184	11.882952244049	1
1	194	12.209533573313	1
1	205	12.443218355563	1
1	221	13.232121366815	1
1	232	13.884252220954	1
1	243	16.763599619049	1
1	254	18.7841019966	1
1	265	19.243913456782	1
1	276	20.584781140058	1
1	287	22.290373425872	1
1	290	22.291956682386	1
1	295	22.439354546887	1
1	311	22.954923212531	1
1	320	23.067019873484	1
1	337	23.629152110879	1
1	348	25.293776444625	1
1	359	25.758801489837	1
1	370	26.5659310797	1
1	381	27.589048498201	1
1	392	29.803601894636	1
1	398	29.926246815544	1
1	411	30.352476564743	1
1	424	31.364887327582	1
1	435	31.94458890321	1
1	438	31.959309464783	1
1	455	33.090358918404	1
1	461	33.192047062056	1
1	476	35.19952458751	1
1	479	35.286049566807	1
1	486	35.462993770127	1
1	499	35.722634449706	1
1	516	36.572308716305	1
1	527	37.351460729551	1
1	538	37.836586883444	1
1	549	38.282627802587	1
1	555	38.441160301623	1
1	570	39.626774527304	1
1	581	40.321549982066	1
1	587	40.560885924991	1
1	596	40.669969688128	1
1	613	41.594654678438	1
1	616	41.632738179878	1
1	633	42.481664870922	1
1	639	42.607361760606	1
1	649	42.885161293147	1
1	665	44.293286699865	1
1	671	44.578493545393	1
1	677	44.605196532526	1
1	696	47.278745908157	1
1	702	47.450555575298	1
1	717	48.136356424037	1
1	728	51.153080092093	1
1	739	53.254495843836	1
1	745	53.387327687329	1
1	760	54.408459923959	1
1	763	54.499220197388	1
1	780	55.719335718755	1
1	791	56.271269819395	1
1	800	56.636637966515	1
1	811	57.020031299442	1
1	824	57.440184431964	1
1	835	58.096190803745	1
1	844	58.454506021876	1
1	857	59.545050289312	1
1	868	63.273486262818	1
1	879	65.103114510376	1
1	885	65.239953891612	1
1	893	65.458887048268	1
1	910	67.759088359013	1
1	916	68.013008078122	1
1	930	68.393412837997	1
1	943	69.329834371883	1
1	952	69.716051443376	1
1	965	71.566781436415	1
1	976	72.002205556605	1
1	979	72.016756395505	1
1	989	72.344330316533	1
1	1006	74.27020311746	1
1	1017	74.708710204509	1
1	1028	75.300712615242	1
1	1031	75.325773709263	1
1	1036	75.441451285919	1
1	1040	75.503076928407	1
1	1051	75.717552011514	1
1	1076	76.640651172678	1
1	1087	77.831686116566	1
1	1098	78.539491803322	1
1	1109	79.445377080867	1
1	1112	79.465190311924	1
1	1114	79.475413638097	2
1	1121	79.725256179063	1
1	1137	80.13514006074	1
1	1147	80.309828513834	1
1	1167	80.898536193865	1
1	1170	80.938150248217	1
1	1185	81.424329481769	1
1	1198	81.942857837193	1
1	1209	83.086431751903	1
1	1218	83.463372978766	1
1	1229	83.832978403551	1
1	1234	83.867572438846	1
1	1236	83.902438439938	2
1	1255	84.497142804921	1
1	1271	85.090081972998	1
1	1282	86.229106290534	1
1	1288	86.443756765714	1
1	1291	86.528168997344	1
1	1313	87.356007980889	1
1	1319	87.583163712521	1
1	1335	89.267471912815	1
1	1346	89.985898368341	1
1	1357	90.582223070152	1
1	1368	91.05733146368	1
1	1379	91.765772701834	1
1	1390	92.260214942173	1
1	1401	92.86874613474	1
1	1412	93.301945931851	1
1	1418	93.565537508548	1
1	1434	95.141483190534	1
1	1445	95.664565415012	1
1	1456	96.316153620158	1
1	1467	97.042559377763	1
1	1478	97.689859964643	1
1	1484	97.8757474911	1
1	1497	98.286477068932	1
1	1502	98.330635469677	1
1	1517	98.788446979777	1
1	1530	99.415720186445	1
1	1541	100.951002297244	1
1	1552	101.513056222036	1
1	1558	101.676734431498	1
1	1573	102.995518628899	1
1	1584	105.020507378681	1
1	1595	106.02399472738	1
1	1598	106.077410956877	1
1	1608	106.405284385065	1
1	1625	107.038255684103	1
1	1636	107.586888058026	1
1	1639	107.609040664771	1
1	1656	109.771934062783	1
1	1667	110.538009517564	1
1	1670	110.635007012486	1
1	1687	111.345097503885	1
1	1690	111.35779514603	1
1	1707	112.746509759112	1
1	1718	113.32556431347	1
1	1729	115.314324054479	1
1	1738	115.615168482051	1
1	1751	116.028110819298	1
1	1762	116.751302041055	1
1	1773	117.527276013389	1
1	1779	117.758967559172	1
1	1795	119.56593548092	1
1	1804	119.953617304666	1
1	1817	120.629864898496	1
1	1826	120.963869784222	1
1	1834	121.236500378074	1
1	1840	121.333495032915	1
1	1852	121.602919887359	1
1	1869	122.250169701495	1
1	1875	122.491350564744	1
1	1878	122.543660533749	1
1	1900	124.753077613662	1
1	1909	125.067526359798	1
1	1920	125.43209044588	1
1	1933	125.856568525729	1
1	1944	127.906950797452	1
1	1955	129.537970784843	1
1	1966	130.900341669203	1
1	1972	131.120134812604	1
1	1988	131.937545692388	1
1	1991	132.00450166724	1
1	1993	132.006807033963	2
1	2017	132.839566155047	1
1	2028	134.452100563491	1
1	2039	135.269244381013	1
1	2050	137.036073059519	1
1	2053	137.070194702327	1
1	2055	137.074343523577	2
1	2067	137.342879305875	1
1	2089	138.063748160409	1
1	2100	139.788086394139	1
1	2109	140.128626507497	1
1	2122	141.585616275084	1
1	2133	142.219607485798	1
1	2144	142.741607615191	1
1	2155	143.402183660761	1
1	2161	143.590772247083	1
1	2176	144.231509661724	1
1	2179	144.330519191663	1
1	2189	144.592584710208	1
1	2206	145.146982264793	1
1	2209	145.197686669576	1
1	2226	146.64612331045	1
1	2237	147.775304386368	1
1	2248	148.50664474878	1
1	2259	150.2034502352	1
1	2268	150.597833242239	1
1	2276	150.749389467793	1
1	2289	151.117940465321	1
1	2297	151.283484715554	1
1	2312	152.363642131781	1
1	2321	152.695383698079	1
1	2329	152.908989677859	1
1	2343	153.269897266967	1
1	2351	153.500350722402	1
1	2367	155.015409415644	1
1	2370	155.031731837958	1
1	2375	155.189819917962	1
1	2396	155.971127914715	1
1	2405	156.351248945831	1
1	2413	156.459418919944	1
1	2428	157.190224610122	1
1	2431	157.250384991917	1
1	2446	157.752080929336	1
1	2459	158.53055045079	1
1	2465	158.814900330451	1
1	2481	159.753458239315	1
1	2492	160.80850716327	1
1	2503	161.451591840287	1
1	2509	161.553462106677	1
1	2512	161.591610261176	1
1	2516	161.740594992928	1
1	2530	161.975686508015	1
1	2542	162.336291648314	1
1	2562	163.301265480134	1
1	2573	164.3832787002	1
1	2582	164.758488846654	1
1	2590	164.963429669238	1
1	2599	165.066371710651	1
1	2602	165.147540774739	1
1	2620	165.633078761202	1
1	2636	167.501353813449	1
1	2642	167.618776585233	1
1	2645	167.713359272773	1
1	2649	167.7689302673	1
1	2673	168.419148475426	1
1	2686	170.208034502364	1
1	2692	170.447897947319	1
1	2701	170.579829983746	1
1	2718	171.269271162264	1
1	2729	171.767287274168	1
1	2740	172.521375950027	1
1	2746	172.673343111242	1
1	2749	172.722433194163	1
1	2768	173.265336455788	1
1	2779	173.572770787868	1
1	2792	174.7010176573	1
1	2798	174.986305043784	1
1	2809	175.130213927518	1
1	2814	175.267004107646	1
1	2827	175.530169695637	1
1	2830	175.535794574728	1
1	2834	175.595677323178	2
1	2836	175.603022609754	3
1	2861	176.267742015229	1
1	2881	176.904712505664	1
1	2887	177.187410927135	1
1	2893	177.249316285101	1
1	2912	178.882039640808	1
1	2918	179.147558353654	1
1	2934	179.725963303318	1
1	2945	182.149035225242	1
1	2954	182.522549650547	1
1	2967	183.970265712964	1
1	2973	184.169290889738	1
1	2988	185.876848034519	1
1	2999	187.215995950799	1
1	3005	187.346340857867	1
1	3020	187.942724132123	1
1	3026	188.209409568978	1
1	3042	188.930292390601	1
1	3048	189.124039797189	1
1	3063	190.832094575076	1
1	3074	191.304747736143	1
1	3085	191.946532433169	1
1	3096	192.496129299851	1
1	3107	193.125146925206	1
1	3116	193.489117416193	1
1	3129	194.208530211289	1
1	3140	195.158001326428	1
1	3151	195.613542560733	1
1	3162	196.335994961167	1
1	3173	197.515638877193	1
1	3184	198.269455013161	1
1	3195	198.761453315727	1
1	3201	198.874577544343	1
1	3204	198.874873170034	1
1	3225	199.835778617737	1
1	3228	199.856637011309	1
2	5	0.217299895458	1
2	16	0.630993549754	1
2	27	1.574078900669	1
2	38	3.020713832121	1
2	49	3.234630270298	1
2	54	3.334630270298	1
2	69	3.832017625234	1
2	82	4.732156524653	1
2	85	4.832156524653	1
2	95	5.044497373242	1
2	112	6.801628759736	1
2	115	6.901628759736	1
2	130	8.442648339209	1
2	143	8.687772439362	1
2	148	8.787772439362	1
2	151	8.887772439362	1
2	170	10.973622096546	1
2	181	11.879744024451	1
2	187	11.983052244049	1
2	200	12.309633573313	1
2	211	12.543318355563	1
2	224	13.332221366815	1
2	235	13.984352220954	1
2	246	16.863699619049	1
2	257	18.8842019966	1
2	268	19.344013456782	1
2	279	20.684881140058	1
2	292	22.390473425872	1
2	297	22.490473425872	1
2	300	22.590473425872	1
2	317	23.055023212531	1
2	325	23.167119873484	1
2	340	23.729252110879	1
2	351	25.393876444625	1
2	362	25.858901489837	1
2	373	26.6660310797	1
2	384	27.689148498201	1
2	395	29.903701894636	1
2	401	30.026346815544	1
2	416	30.452576564743	1
2	427	31.464987327582	1
2	440	32.04468890321	1
2	443	32.14468890321	1
2	458	33.190458918404	1
2	464	33.292147062056	1
2	481	35.29962458751	1
2	484	35.39962458751	1
2	492	35.563093770127	1
2	504	35.822734449706	1
2	519	36.672408716305	1
2	530	37.451560729551	1
2	541	37.936686883444	1
2	552	38.382727802587	1
2	558	38.541260301623	1
2	573	39.726874527304	1
2	584	40.421649982066	1
2	593	40.660985924991	1
2	601	40.770069688128	1
2	618	41.694754678438	1
2	621	41.794754678438	1
2	636	42.581764870922	1
2	642	42.707461760606	1
2	655	42.985261293147	1
2	668	44.393386699865	1
2	679	44.678593545393	1
2	684	44.778593545393	1
2	699	47.378845908157	1
2	705	47.550655575298	1
2	720	48.236456424037	1
2	731	51.253180092093	1
2	742	53.354595843836	1
2	748	53.487427687329	1
2	765	54.508559923959	1
2	768	54.608559923959	1
2	783	55.819435718755	1
2	794	56.371369819395	1
2	805	56.736737966515	1
2	816	57.120131299442	1
2	827	57.540284431964	1
2	838	58.196290803745	1
2	849	58.554606021876	1
2	860	59.645150289312	1
2	871	63.373586262818	1
2	882	65.203214510376	1
2	888	65.340053891612	1
2	898	65.558987048268	1
2	913	67.859188359013	1
2	922	68.113108078122	1
2	935	68.493512837997	1
2	946	69.429934371883	1
2	957	69.816151443376	1
2	968	71.666881436415	1
2	981	72.102305556605	1
2	984	72.202305556605	1
2	994	72.444430316533	1
2	1009	74.37030311746	1
2	1020	74.808810204509	1
2	1033	75.400812615242	1
2	1038	75.500812615242	1
2	1043	75.600812615242	1
2	1047	75.700812615242	2
2	1057	75.817652011514	2
2	1079	76.740751172678	1
2	1090	77.931786116566	1
2	1101	78.639591803322	1
2	1116	79.545477080867	1
2	1119	79.645477080867	1
2	1124	79.745477080867	1
2	1128	79.845477080867	2
2	1143	80.23524006074	1
2	1153	80.409928513834	1
2	1172	80.998636193865	1
2	1175	81.098636193865	1
2	1190	81.524429481769	1
2	1201	82.042957837193	1
2	1212	83.186531751903	1
2	1223	83.563472978766	1
2	1238	83.933078403551	1
2	1241	84.033078403551	1
2	1244	84.133078403551	1
2	1261	84.597242804921	1
2	1274	85.190181972998	1
2	1285	86.329206290534	1
2	1296	86.543856765714	1
2	1301	86.643856765714	1
2	1316	87.456107980889	1
2	1325	87.683263712521	1
2	1338	89.367571912815	1
2	1349	90.085998368341	1
2	1360	90.682323070152	1
2	1371	91.15743146368	1
2	1382	91.865872701834	1
2	1393	92.360314942173	1
2	1404	92.96884613474	1
2	1415	93.402045931851	1
2	1424	93.665637508548	1
2	1437	95.241583190534	1
2	1448	95.764665415012	1
2	1459	96.416253620158	1
2	1470	97.142659377763	1
2	1481	97.789959964643	1
2	1487	97.9758474911	1
2	1504	98.386577068932	1
2	1507	98.486577068932	1
2	1522	98.888546979777	1
2	1533	99.515820186445	1
2	1544	101.051102297244	1
2	1555	101.613156222036	1
2	1561	101.776834431498	1
2	1576	103.095618628899	1
2	1587	105.120607378681	1
2	1600	106.12409472738	1
2	1603	106.22409472738	1
2	1613	106.505384385065	1
2	1628	107.138355684103	1
2	1641	107.686988058026	1
2	1644	107.786988058026	1
2	1659	109.872034062783	1
2	1672	110.638109517564	1
2	1675	110.738109517564	1
2	1692	111.445197503885	1
2	1695	111.545197503885	1
2	1710	112.846609759112	1
2	1721	113.42566431347	1
2	1732	115.414424054479	1
2	1743	115.715268482051	1
2	1754	116.128210819298	1
2	1765	116.851402041055	1
2	1776	117.627376013389	1
2	1785	117.859067559172	1
2	1798	119.66603548092	1
2	1809	120.053717304666	1
2	1820	120.729964898496	1
2	1831	121.063969784222	1
2	1842	121.336600378074	1
2	1847	121.436600378074	1
2	1857	121.703019887359	1
2	1872	122.350269701495	1
2	1883	122.591450564744	1
2	1888	122.691450564744	1
2	1903	124.853177613662	1
2	1914	125.167626359798	1
2	1925	125.53219044588	1
2	1936	125.956668525729	1
2	1947	128.007050797452	1
2	1958	129.638070784843	1
2	1969	131.000441669203	1
2	1978	131.220234812604	1
2	1995	132.037645692388	1
2	1998	132.137645692388	1
2	2001	132.237645692388	1
2	2020	132.939666155047	1
2	2031	134.552200563491	1
2	2042	135.369344381013	1
2	2057	137.136173059519	1
2	2060	137.236173059519	1
2	2063	137.336173059519	1
2	2072	137.442979305875	2
2	2092	138.163848160409	1
2	2103	139.888186394139	1
2	2114	140.228726507497	1
2	2125	141.685716275084	1
2	2136	142.319707485798	1
2	2147	142.841707615191	1
2	2158	143.502283660761	1
2	2164	143.690872247083	1
2	2181	144.331609661724	1
2	2184	144.431609661724	1
2	2194	144.692684710208	1
2	2211	145.247082264793	1
2	2214	145.347082264793	1
2	2229	146.74622331045	1
2	2240	147.875404386368	1
2	2251	148.60674474878	1
2	2262	150.3035502352	1
2	2273	150.697933242239	1
2	2279	150.849489467793	1
2	2294	151.218040465321	1
2	2300	151.383584715554	1
2	2315	152.463742131781	1
2	2326	152.795483698079	1
2	2335	153.009089677859	1
2	2348	153.369997266967	1
2	2357	153.600450722402	1
2	2372	155.115509415644	1
2	2377	155.215509415644	1
2	2380	155.315509415644	1
2	2399	156.071227914715	1
2	2410	156.451348945831	1
2	2416	156.559518919944	1
2	2433	157.290324610122	1
2	2436	157.390324610122	1
2	2451	157.852180929336	1
2	2462	158.63065045079	1
2	2471	158.915000330451	1
2	2484	159.853558239315	1
2	2495	160.90860716327	1
2	2506	161.551691840287	1
2	2514	161.653562106677	1
2	2521	161.753562106677	1
2	2525	161.853562106677	2
2	2535	162.075786508015	2
2	2548	162.436391648314	1
2	2565	163.401365480134	1
2	2576	164.4833787002	1
2	2587	164.858588846654	1
2	2596	165.063529669238	1
2	2606	165.166471710651	1
2	2611	165.266471710651	1
2	2626	165.733178761202	1
2	2639	167.601453813449	1
2	2647	167.718876585233	1
2	2654	167.818876585233	1
2	2658	167.918876585233	2
2	2678	168.519248475426	1
2	2689	170.308134502364	1
2	2698	170.547997947319	1
2	2706	170.679929983746	1
2	2721	171.369371162264	1
2	2732	171.867387274168	1
2	2743	172.621475950027	1
2	2751	172.773443111242	1
2	2756	172.873443111242	1
2	2773	173.365436455788	1
2	2784	173.672870787868	1
2	2795	174.8011176573	1
2	2804	175.086405043784	1
2	2812	175.230313927518	1
2	2820	175.367104107646	1
2	2838	175.630269695637	1
2	2843	175.730269695637	1
2	2847	175.830269695637	2
2	2852	175.930269695637	2
2	2867	176.367842015229	1
2	2884	177.004812505664	1
2	2895	177.287510927135	1
2	2900	177.387510927135	1
2	2915	178.982139640808	1
2	2924	179.247658353654	1
2	2937	179.826063303318	1
2	2948	182.249135225242	1
2	2959	182.622649650547	1
2	2970	184.070365712964	1
2	2976	184.269390889738	1
2	2991	185.976948034519	1
2	3002	187.316095950799	1
2	3008	187.446440857867	1
2	3023	188.042824132123	1
2	3032	188.309509568978	1
2	3045	189.030392390601	1
2	3051	189.224139797189	1
2	3066	190.932194575076	1
2	3077	191.404847736143	1
2	3088	192.046632433169	1
2	3099	192.596229299851	1
2	3110	193.225246925206	1
2	3121	193.589217416193	1
2	3132	194.308630211289	1
2	3143	195.258101326428	1
2	3154	195.713642560733	1
2	3165	196.436094961167	1
2	3176	197.615738877193	1
2	3187	198.369555013161	1
2	3198	198.861553315727	1
2	3206	198.974677544343	1
2	3211	199.074677544343	1
2	3230	199.935878617737	1
3	8	0.417399895458	1
3	19	0.831093549754	1
3	30	1.774178900669	1
3	46	3.220813832121	1
3	56	3.434730270298	1
3	61	3.634730270298	1
3	72	4.032117625234	1
3	87	4.932256524653	1
3	97	5.132256524653	1
3	102	5.332256524653	1
3	117	7.001728759736	1
3	122	7.201728759736	1
3	138	8.642748339209	1
3	152	8.887872439362	1
3	157	9.087872439362	1
3	162	9.287872439362	1
3	173	11.173722096546	1
3	189	12.079844024451	1
3	197	12.279844024451	1
3	208	12.509733573313	1
3	216	12.743418355563	1
3	227	13.532321366815	1
3	238	14.184452220954	1
3	249	17.063799619049	1
3	260	19.0843019966	1
3	271	19.544113456782	1
3	282	20.884981140058	1
3	301	22.590573425872	1
3	306	22.790573425872	1
3	314	22.990573425872	1
3	327	23.255123212531	1
3	332	23.455123212531	1
3	343	23.929352110879	1
3	354	25.593976444625	1
3	365	26.059001489837	1
3	376	26.8661310797	1
3	387	27.889248498201	1
3	403	30.103801894636	1
3	408	30.303801894636	1
3	419	30.652676564743	1
3	430	31.665087327582	1
3	445	32.24478890321	1
3	450	32.44478890321	1
3	466	33.390558918404	1
3	471	33.590558918404	1
3	489	35.49972458751	1
3	496	35.69972458751	1
3	506	35.89972458751	1
3	511	36.09972458751	1
3	522	36.872508716305	1
3	533	37.651660729551	1
3	544	38.136786883444	1
3	560	38.582827802587	1
3	565	38.782827802587	1
3	576	39.926974527304	1
3	590	40.621749982066	1
3	603	40.861085924991	1
3	608	41.061085924991	1
3	623	41.894854678438	1
3	628	42.094854678438	1
3	644	42.781864870922	1
3	652	42.981864870922	1
3	660	43.185361293147	1
3	674	44.593486699865	1
3	686	44.878693545393	1
3	691	45.078693545393	1
3	707	47.578945908157	1
3	712	47.778945908157	1
3	723	48.436556424037	1
3	734	51.453280092093	1
3	750	53.554695843836	1
3	755	53.754695843836	1
3	770	54.708659923959	1
3	775	54.908659923959	1
3	786	56.019535718755	1
3	797	56.571469819395	1
3	808	56.936837966515	1
3	819	57.320231299442	1
3	830	57.740384431964	1
3	841	58.396390803745	1
3	852	58.754706021876	1
3	863	59.845250289312	1
3	874	63.573686262818	1
3	890	65.403314510376	1
3	900	65.603314510376	1
3	905	65.803314510376	1
3	919	68.059288359013	1
3	927	68.313208078122	1
3	938	68.693612837997	1
3	949	69.630034371883	1
3	960	70.016251443376	1
3	971	71.866981436415	1
3	986	72.302405556605	1
3	996	72.502405556605	1
3	1001	72.702405556605	1
3	1012	74.57040311746	1
3	1023	75.008910204509	1
3	1044	75.600912615242	1
3	1054	75.800912615242	1
3	1061	76.000912615242	1
3	1066	76.200912615242	1
3	1071	76.400912615242	1
3	1082	76.940851172678	1
3	1093	78.131886116566	1
3	1104	78.839691803322	1
3	1125	79.745577080867	1
3	1132	79.945577080867	1
3	1140	80.145577080867	1
3	1150	80.345577080867	1
3	1157	80.545577080867	1
3	1162	80.745577080867	1
3	1177	81.198736193865	1
3	1182	81.398736193865	1
3	1193	81.724529481769	1
3	1204	82.243057837193	1
3	1215	83.386631751903	1
3	1226	83.763572978766	1
3	1245	84.133178403551	1
3	1250	84.333178403551	1
3	1258	84.533178403551	1
3	1266	84.797342804921	1
3	1277	85.390281972998	1
3	1293	86.529306290534	1
3	1303	86.743956765714	1
3	1308	86.943956765714	1
3	1322	87.656207980889	1
3	1330	87.883363712521	1
3	1341	89.567671912815	1
3	1352	90.286098368341	1
3	1363	90.882423070152	1
3	1374	91.35753146368	1
3	1385	92.065972701834	1
3	1396	92.560414942173	1
3	1407	93.16894613474	1
3	1421	93.602145931851	1
3	1429	93.865737508548	1
3	1440	95.441683190534	1
3	1451	95.964765415012	1
3	1462	96.616353620158	1
3	1473	97.342759377763	1
3	1489	97.990059964643	1
3	1494	98.190059964643	1
3	1509	98.586677068932	1
3	1514	98.786677068932	1
3	1525	99.088646979777	1
3	1536	99.715920186445	1
3	1547	101.251202297244	1
3	1563	101.813256222036	1
3	1568	102.013256222036	1
3	1579	103.295718628899	1
3	1590	105.320707378681	1
3	1605	106.32419472738	1
3	1615	106.52419472738	1
3	1620	106.72419472738	1
3	1631	107.338455684103	1
3	1646	107.887088058026	1
3	1651	108.087088058026	1
3	1662	110.072134062783	1
3	1677	110.838209517564	1
3	1682	111.038209517564	1
3	1697	111.645297503885	1
3	1702	111.845297503885	1
3	1713	113.046709759112	1
3	1724	113.62576431347	1
3	1735	115.614524054479	1
3	1746	115.915368482051	1
3	1757	116.328310819298	1
3	1768	117.051502041055	1
3	1782	117.827476013389	1
3	1790	118.059167559172	1
3	1801	119.86613548092	1
3	1812	120.253817304666	1
3	1823	120.930064898496	1
3	1837	121.264069784222	1
3	1849	121.536700378074	1
3	1859	121.736700378074	1
3	1864	121.936700378074	1
3	1880	122.550369701495	1
3	1890	122.791550564744	1
3	1895	122.991550564744	1
3	1906	125.053277613662	1
3	1917	125.367726359798	1
3	1928	125.73229044588	1
3	1939	126.156768525729	1
3	1950	128.207150797452	1
3	1961	129.838170784843	1
3	1975	131.200541669203	1
3	1983	131.420334812604	1
3	2002	132.237745692388	1
3	2007	132.437745692388	1
3	2012	132.637745692388	1
3	2023	133.139766155047	1
3	2034	134.752300563491	1
3	2045	135.569444381013	1
3	2064	137.336273059519	1
3	2074	137.536273059519	1
3	2079	137.736273059519	1
3	2084	137.936273059519	1
3	2095	138.363948160409	1
3	2106	140.088286394139	1
3	2117	140.428826507497	1
3	2128	141.885816275084	1
3	2139	142.519807485798	1
3	2150	143.041807615191	1
3	2166	143.702383660761	1
3	2171	143.902383660761	1
3	2186	144.531709661724	1
3	2196	144.731709661724	1
3	2201	144.931709661724	1
3	2216	145.447182264793	1
3	2221	145.647182264793	1
3	2232	146.94632331045	1
3	2243	148.075504386368	1
3	2254	148.80684474878	1
3	2265	150.5036502352	1
3	2281	150.898033242239	1
3	2286	151.098033242239	1
3	2302	151.418140465321	1
3	2307	151.618140465321	1
3	2318	152.663842131781	1
3	2332	152.995583698079	1
3	2340	153.209189677859	1
3	2354	153.570097266967	1
3	2362	153.800550722402	1
3	2381	155.315609415644	1
3	2386	155.515609415644	1
3	2391	155.715609415644	1
3	2402	156.271327914715	1
3	2418	156.651448945831	1
3	2423	156.851448945831	1
3	2438	157.490424610122	1
3	2443	157.690424610122	1
3	2454	158.052280929336	1
3	2468	158.83075045079	1
3	2476	159.115100330451	1
3	2487	160.053658239315	1
3	2498	161.10870716327	1
3	2518	161.751791840287	1
3	2527	161.951791840287	1
3	2537	162.151791840287	1
3	2545	162.351791840287	1
3	2552	162.551791840287	1
3	2557	162.751791840287	1
3	2568	163.601465480134	1
3	2579	164.6834787002	1
3	2593	165.058688846654	1
3	2608	165.263629669238	1
3	2615	165.463629669238	1
3	2623	165.663629669238	1
3	2631	165.933278761202	1
3	2651	167.801553813449	1
3	2660	168.001553813449	1
3	2665	168.201553813449	1
3	2670	168.401553813449	1
3	2681	168.719348475426	1
3	2695	170.508234502364	1
3	2708	170.748097947319	1
3	2713	170.948097947319	1
3	2724	171.569471162264	1
3	2735	172.067487274168	1
3	2753	172.821575950027	1
3	2760	173.021575950027	1
3	2765	173.221575950027	1
3	2776	173.565536455788	1
3	2787	173.872970787868	1
3	2801	175.0012176573	1
3	2817	175.286505043784	1
3	2824	175.486505043784	1
3	2840	175.686505043784	1
3	2849	175.886505043784	1
3	2856	176.086505043784	1
3	2864	176.286505043784	1
3	2871	176.486505043784	1
3	2876	176.686505043784	1
3	2890	177.204912505664	1
3	2902	177.487610927135	1
3	2907	177.687610927135	1
3	2921	179.182239640808	1
3	2929	179.447758353654	1
3	2940	180.026163303318	1
3	2951	182.449235225242	1
3	2962	182.822749650547	1
3	2978	184.270465712964	1
3	2983	184.470465712964	1
3	2994	186.177048034519	1
3	3010	187.516195950799	1
3	3015	187.716195950799	1
3	3029	188.242924132123	1
3	3037	188.509609568978	1
3	3053	189.230492390601	1
3	3058	189.430492390601	1
3	3069	191.132294575076	1
3	3080	191.604947736143	1
3	3091	192.246732433169	1
3	3102	192.796329299851	1
3	3113	193.425346925206	1
3	3124	193.789317416193	1
3	3135	194.508730211289	1
3	3146	195.458201326428	1
3	3157	195.913742560733	1
3	3168	196.636194961167	1
3	3179	197.815838877193	1
3	3190	198.569655013161	1
3	3208	199.061653315727	1
3	3215	199.261653315727	1
3	3220	199.461653315727	1
4	10	0.517399895458	0.4002
4	21	0.931093549754	0.4002
4	32	1.874178900669	0.4002
4	51	3.320813832121	0.4002
4	58	3.534730270298	0.4002
4	66	3.734730270298	0.536920029669
4	74	4.132117625234	0.4002
4	92	5.032256524653	0.4002
4	99	5.232256524653	0.589922445369
4	104	5.432256524653	0.487859151411
4	119	7.101728759736	0.4002
4	124	7.301728759736	0.576011953025
4	145	8.742748339209	0.4002
4	154	8.987872439362	0.4002
4	159	9.187872439362	0.576405116754
4	164	9.387872439362	0.716114603926
4	175	11.273722096546	0.4002
4	191	12.179844024451	0.4002
4	202	12.379844024451	0.496891780402
4	213	12.609733573313	0.4002
4	218	12.843418355563	0.4002
4	229	13.632321366815	0.4002
4	240	14.284452220954	0.4002
4	251	17.163799619049	0.4002
4	262	19.1843019966	0.4002
4	273	19.644113456782	0.4002
4	284	20.984981140058	0.4002
4	303	22.690573425872	0.4002
4	308	22.890573425872	0.598616743486
4	322	23.090573425872	0.651218878985
4	329	23.355123212531	0.4002
4	334	23.555123212531	0.488103339047
4	345	24.029352110879	0.4002
4	356	25.693976444625	0.4002
4	367	26.159001489837	0.4002
4	378	26.9661310797	0.4002
4	389	27.989248498201	0.4002
4	405	30.203801894636	0.4002
4	413	30.403801894636	0.477555079092
4	421	30.752676564743	0.4002
4	432	31.765087327582	0.4002
4	447	32.34478890321	0.4002
4	452	32.54478890321	0.585479438427
4	468	33.490558918404	0.4002
4	473	33.690558918404	0.498511856348
4	493	35.59972458751	0.4002
4	501	35.79972458751	0.513675020703
4	508	35.99972458751	0.536730817383
4	513	36.19972458751	0.477090137804
4	524	36.972508716305	0.4002
4	535	37.751660729551	0.4002
4	546	38.236786883444	0.4002
4	562	38.682827802587	0.4002
4	567	38.882827802587	0.441667500964
4	578	40.026974527304	0.4002
4	598	40.721749982066	0.4002
4	605	40.961085924991	0.4002
4	610	41.161085924991	0.491116236863
4	625	41.994854678438	0.4002
4	630	42.194854678438	0.56211649856
4	646	42.881864870922	0.4002
4	657	43.081864870922	0.474503110316
4	662	43.285361293147	0.4002
4	681	44.693486699865	0.4002
4	688	44.978693545393	0.4002
4	693	45.178693545393	0.573497012867
4	709	47.678945908157	0.4002
4	714	47.878945908157	0.428390332859
4	725	48.536556424037	0.4002
4	736	51.553280092093	0.4002
4	752	53.654695843836	0.4002
4	757	53.854695843836	0.467368156507
4	772	54.808659923959	0.4002
4	777	55.008659923959	0.509439726571
4	788	56.119535718755	0.4002
4	802	56.671469819395	0.4002
4	813	57.036837966515	0.4002
4	821	57.420231299442	0.4002
4	832	57.840384431964	0.4002
4	846	58.496390803745	0.4002
4	854	58.854706021876	0.4002
4	865	59.945250289312	0.4002
4	876	63.673686262818	0.4002
4	895	65.503314510376	0.4002
4	902	65.703314510376	0.463360618764
4	907	65.903314510376	0.444427462108
4	924	68.159288359013	0.4002
4	932	68.413208078122	0.4002
4	940	68.793612837997	0.4002
4	954	69.730034371883	0.4002
4	962	70.116251443376	0.4002
4	973	71.966981436415	0.4002
4	991	72.402405556605	0.4002
4	998	72.602405556605	0.5856491611
4	1003	72.802405556605	0.458075240072
4	1014	74.67040311746	0.4002
4	1025	75.108910204509	0.4002
4	1048	75.700912615242	0.4002
4	1058	75.900912615242	0.575138905979
4	1063	76.100912615242	0.659461329323
4	1068	76.300912615242	0.797835686835
4	1073	76.500912615242	0.783360603728
4	1084	77.040851172678	0.4002
4	1095	78.231886116566	0.4002
4	1106	78.939691803322	0.4002
4	1129	79.845577080867	0.4002
4	1134	80.045577080867	0.580386768943
4	1144	80.245577080867	0.77016344277
4	1154	80.445577080867	0.720320901804
4	1159	80.645577080867	0.510437020127
4	1164	80.845577080867	0.535748567033
4	1179	81.298736193865	0.4002
4	1187	81.498736193865	0.560585945648
4	1195	81.824529481769	0.4002
4	1206	82.343057837193	0.4002
4	1220	83.486631751903	0.4002
4	1231	83.863572978766	0.4002
4	1247	84.233178403551	0.4002
4	1252	84.433178403551	0.565605964705
4	1263	84.633178403551	0.730739963613
4	1268	84.897342804921	0.4002
4	1279	85.490281972998	0.4002
4	1298	86.629306290534	0.4002
4	1305	86.843956765714	0.4002
4	1310	87.043956765714	0.51578776837
4	1327	87.756207980889	0.4002
4	1332	87.983363712521	0.4002
4	1343	89.667671912815	0.4002
4	1354	90.386098368341	0.4002
4	1365	90.982423070152	0.4002
4	1376	91.45753146368	0.4002
4	1387	92.165972701834	0.4002
4	1398	92.660414942173	0.4002
4	1409	93.26894613474	0.4002
4	1426	93.702145931851	0.4002
4	1431	93.965737508548	0.4002
4	1442	95.541683190534	0.4002
4	1453	96.064765415012	0.4002
4	1464	96.716353620158	0.4002
4	1475	97.442759377763	0.4002
4	1491	98.090059964643	0.4002
4	1499	98.290059964643	0.414312473543
4	1511	98.686677068932	0.4002
4	1519	98.886677068932	0.556041599255
4	1527	99.188646979777	0.4002
4	1538	99.815920186445	0.4002
4	1549	101.351202297244	0.4002
4	1565	101.913256222036	0.4002
4	1570	102.113256222036	0.436521790538
4	1581	103.395718628899	0.4002
4	1592	105.420707378681	0.4002
4	1610	106.42419472738	0.4002
4	1617	106.62419472738	0.546783770503
4	1622	106.82419472738	0.418910342315
4	1633	107.438455684103	0.4002
4	1648	107.987088058026	0.4002
4	1653	108.187088058026	0.578047393255
4	1664	110.172134062783	0.4002
4	1679	110.938209517564	0.4002
4	1684	111.138209517564	0.503202505078
4	1699	111.745297503885	0.4002
4	1704	111.945297503885	0.587502357855
4	1715	113.146709759112	0.4002
4	1726	113.72576431347	0.4002
4	1740	115.714524054479	0.4002
4	1748	116.015368482051	0.4002
4	1759	116.428310819298	0.4002
4	1770	117.151502041055	0.4002
4	1787	117.927476013389	0.4002
4	1792	118.159167559172	0.4002
4	1806	119.96613548092	0.4002
4	1814	120.353817304666	0.4002
4	1828	121.030064898496	0.4002
4	1844	121.364069784222	0.4002
4	1854	121.636700378074	0.4002
4	1861	121.836700378074	0.503205345159
4	1866	122.036700378074	0.433780490715
4	1885	122.650369701495	0.4002
4	1892	122.891550564744	0.4002
4	1897	123.091550564744	0.547890030995
4	1911	125.153277613662	0.4002
4	1922	125.467726359798	0.4002
4	1930	125.83229044588	0.4002
4	1941	126.256768525729	0.4002
4	1952	128.307150797452	0.4002
4	1963	129.938170784843	0.4002
4	1980	131.300541669203	0.4002
4	1985	131.520334812604	0.4002
4	2004	132.337745692388	0.4002
4	2009	132.537745692388	0.533244025148
4	2014	132.737745692388	0.730938658425
4	2025	133.239766155047	0.4002
4	2036	134.852300563491	0.4002
4	2047	135.669444381013	0.4002
4	2069	137.436273059519	0.4002
4	2076	137.636273059519	0.566078357192
4	2081	137.836273059519	0.761929535942
4	2086	138.036273059519	0.693393753644
4	2097	138.463948160409	0.4002
4	2111	140.188286394139	0.4002
4	2119	140.528826507497	0.4002
4	2130	141.985816275084	0.4002
4	2141	142.619807485798	0.4002
4	2152	143.141807615191	0.4002
4	2168	143.802383660761	0.4002
4	2173	144.002383660761	0.411611413678
4	2191	144.631709661724	0.4002
4	2198	144.831709661724	0.501190470061
4	2203	145.031709661724	0.439124951516
4	2218	145.547182264793	0.4002
4	2223	145.747182264793	0.549495595217
4	2234	147.04632331045	0.4002
4	2245	148.175504386368	0.4002
4	2256	148.90684474878	0.4002
4	2270	150.6036502352	0.4002
4	2283	150.998033242239	0.4002
4	2291	151.198033242239	0.448643774446
4	2304	151.518140465321	0.4002
4	2309	151.718140465321	0.434655749767
4	2323	152.763842131781	0.4002
4	2337	153.095583698079	0.4002
4	2345	153.309189677859	0.4002
4	2359	153.670097266967	0.4002
4	2364	153.900550722402	0.4002
4	2383	155.415609415644	0.4002
4	2388	155.615609415644	0.583877577686
4	2393	155.815609415644	0.625789497682
4	2407	156.371327914715	0.4002
4	2420	156.751448945831	0.4002
4	2425	156.951448945831	0.492030025887
4	2440	157.590424610122	0.4002
4	2448	157.790424610122	0.540039618205
4	2456	158.152280929336	0.4002
4	2473	158.93075045079	0.4002
4	2478	159.215100330451	0.4002
4	2489	160.153658239315	0.4002
4	2500	161.20870716327	0.4002
4	2522	161.851791840287	0.4002
4	2532	162.051791840287	0.49832973361
4	2539	162.251791840287	0.660181579111
4	2549	162.451791840287	0.711196847359
4	2554	162.651791840287	0.676105332272
4	2559	162.851791840287	0.515500191973
4	2570	163.701465480134	0.4002
4	2584	164.7834787002	0.4002
4	2603	165.158688846654	0.4002
4	2612	165.363629669238	0.4002
4	2617	165.563629669238	0.497257958587
4	2628	165.763629669238	0.616088894499
4	2633	166.033278761202	0.4002
4	2655	167.901553813449	0.4002
4	2662	168.101553813449	0.482777228216
4	2667	168.301553813449	0.588194540676
4	2675	168.501553813449	0.732623546149
4	2683	168.819348475426	0.4002
4	2703	170.608234502364	0.4002
4	2710	170.848097947319	0.4002
4	2715	171.048097947319	0.468267963573
4	2726	171.669471162264	0.4002
4	2737	172.167487274168	0.4002
4	2757	172.921575950027	0.4002
4	2762	173.121575950027	0.448232838785
4	2770	173.321575950027	0.599142755864
4	2781	173.665536455788	0.4002
4	2789	173.972970787868	0.4002
4	2806	175.1012176573	0.4002
4	2821	175.386505043784	0.4002
4	2831	175.586505043784	0.456291116266
4	2844	175.786505043784	0.519500936138
4	2853	175.986505043784	0.456335348147
4	2858	176.186505043784	0.650710469056
4	2868	176.386505043784	0.790827720606
4	2873	176.586505043784	0.98348243403
4	2878	176.786505043784	0.518763028555
4	2897	177.304912505664	0.4002
4	2904	177.587610927135	0.4002
4	2909	177.787610927135	0.538294642034
4	2926	179.282239640808	0.4002
4	2931	179.547758353654	0.4002
4	2942	180.126163303318	0.4002
4	2956	182.549235225242	0.4002
4	2964	182.922749650547	0.4002
4	2980	184.370465712964	0.4002
4	2985	184.570465712964	0.401174823226
4	2996	186.277048034519	0.4002
4	3012	187.616195950799	0.4002
4	3017	187.816195950799	0.469855092932
4	3034	188.342924132123	0.4002
4	3039	188.609609568978	0.4002
4	3055	189.330492390601	0.4002
4	3060	189.530492390601	0.406452593412
4	3071	191.232294575076	0.4002
4	3082	191.704947736143	0.4002
4	3093	192.346732433169	0.4002
4	3104	192.896329299851	0.4002
4	3118	193.525346925206	0.4002
4	3126	193.889317416193	0.4002
4	3137	194.608730211289	0.4002
4	3148	195.558201326428	0.4002
4	3159	196.013742560733	0.4002
4	3170	196.736194961167	0.4002
4	3181	197.915838877193	0.4002
4	3192	198.669655013161	0.4002
4	3212	199.161653315727	0.4002
4	3217	199.361653315727	0.487075771384
4	3222	199.561653315727	0.686780145693
5	10	0.517399895458	1
5	21	0.931093549754	1
5	32	1.874178900669	1
5	51	3.320813832121	1
5	58	3.534730270298	1
5	66	3.734730270298	1
5	74	4.132117625234	1
5	92	5.032256524653	1
5	99	5.232256524653	1
5	104	5.432256524653	1
5	119	7.101728759736	1
5	124	7.301728759736	1
5	145	8.742748339209	1
5	154	8.987872439362	1
5	159	9.187872439362	1
5	164	9.387872439362	1
5	175	11.273722096546	1
5	191	12.179844024451	1
5	202	12.379844024451	1
5	213	12.609733573313	1
5	218	12.843418355563	1
5	229	13.632321366815	1
5	240	14.284452220954	1
5	251	17.163799619049	1
5	262	19.1843019966	1
5	273	19.644113456782	1
5	284	20.984981140058	1
5	303	22.690573425872	1
5	308	22.890573425872	1
5	322	23.090573425872	1
5	329	23.355123212531	1
5	334	23.555123212531	1
5	345	24.029352110879	1
5	356	25.693976444625	1
5	367	26.159001489837	1
5	378	26.9661310797	1
5	389	27.989248498201	1
5	405	30.203801894636	1
5	413	30.403801894636	1
5	421	30.752676564743	1
5	432	31.765087327582	1
5	447	32.34478890321	1
5	452	32.54478890321	1
5	468	33.490558918404	1
5	473	33.690558918404	1
5	493	35.59972458751	1
5	501	35.79972458751	1
5	508	35.99972458751	1
5	513	36.19972458751	1
5	524	36.972508716305	1
5	535	37.751660729551	1
5	546	38.236786883444	1
5	562	38.682827802587	1
5	567	38.882827802587	1
5	578	40.026974527304	1
5	598	40.721749982066	1
5	605	40.961085924991	1
5	610	41.161085924991	1
5	625	41.994854678438	1
5	630	42.194854678438	1
5	646	42.881864870922	1
5	657	43.081864870922	1
5	662	43.285361293147	1
5	681	44.693486699865	1
5	688	44.978693545393	1
5	693	45.178693545393	1
5	709	47.678945908157	1
5	714	47.878945908157	1
5	725	48.536556424037	1
5	736	51.553280092093	1
5	752	53.654695843836	1
5	757	53.854695843836	1
5	772	54.808659923959	1
5	777	55.008659923959	1
5	788	56.119535718755	1
5	802	56.671469819395	1
5	813	57.036837966515	1
5	821	57.420231299442	1
5	832	57.840384431964	1
5	846	58.496390803745	1
5	854	58.854706021876	1
5	865	59.945250289312	1
5	876	63.673686262818	1
5	895	65.503314510376	1
5	902	65.703314510376	1
5	907	65.903314510376	1
5	924	68.159288359013	1
5	932	68.413208078122	1
5	940	68.793612837997	1
5	954	69.730034371883	1
5	962	70.116251443376	1
5	973	71.966981436415	1
5	991	72.402405556605	1
5	998	72.602405556605	1
5	1003	72.802405556605	1
5	1014	74.67040311746	1
5	1025	75.108910204509	1
5	1048	75.700912615242	1
5	1058	75.900912615242	1
5	1063	76.100912615242	1
5	1068	76.300912615242	1
5	1073	76.500912615242	1
5	1084	77.040851172678	1
5	1095	78.231886116566	1
5	1106	78.939691803322	1
5	1129	79.845577080867	1
5	1134	80.045577080867	1
5	1144	80.245577080867	1
5	1154	80.445577080867	1
5	1159	80.645577080867	1
5	1164	80.845577080867	1
5	1179	81.298736193865	1
5	1187	81.498736193865	1
5	1195	81.824529481769	1
5	1206	82.343057837193	1
5	1220	83.486631751903	1
5	1231	83.863572978766	1
5	1247	84.233178403551	1
5	1252	84.433178403551	1
5	1263	84.633178403551	1
5	1268	84.897342804921	1
5	1279	85.490281972998	1
5	1298	86.629306290534	1
5	1305	86.843956765714	1
5	1310	87.043956765714	1
5	1327	87.756207980889	1
5	1332	87.983363712521	1
5	1343	89.667671912815	1
5	1354	90.386098368341	1
5	1365	90.982423070152	1
5	1376	91.45753146368	1
5	1387	92.165972701834	1
5	1398	92.660414942173	1
5	1409	93.26894613474	1
5	1426	93.702145931851	1
5	1431	93.965737508548	1
5	1442	95.541683190534	1
5	1453	96.064765415012	1
5	1464	96.716353620158	1
5	1475	97.442759377763	1
5	1491	98.090059964643	1
5	1499	98.290059964643	1
5	1511	98.686677068932	1
5	1519	98.886677068932	1
5	1527	99.188646979777	1
5	1538	99.815920186445	1
5	1549	101.351202297244	1
5	1565	101.913256222036	1
5	1570	102.113256222036	1
5	1581	103.395718628899	1
5	1592	105.420707378681	1
5	1610	106.42419472738	1
5	1617	106.62419472738	1
5	1622	106.82419472738	1
5	1633	107.438455684103	1
5	1648	107.987088058026	1
5	1653	108.187088058026	1
5	1664	110.172134062783	1
5	1679	110.938209517564	1
5	1684	111.138209517564	1
5	1699	111.745297503885	1
5	1704	111.945297503885	1
5	1715	113.146709759112	1
5	1726	113.72576431347	1
5	1740	115.714524054479	1
5	1748	116.015368482051	1
5	1759	116.428310819298	1
5	1770	117.151502041055	1
5	1787	117.927476013389	1
5	1792	118.159167559172	1
5	1806	119.96613548092	1
5	1814	120.353817304666	1
5	1828	121.030064898496	1
5	1844	121.364069784222	1
5	1854	121.636700378074	1
5	1861	121.836700378074	1
5	1866	122.036700378074	1
5	1885	122.650369701495	1
5	1892	122.891550564744	1
5	1897	123.091550564744	1
5	1911	125.153277613662	1
5	1922	125.467726359798	1
5	1930	125.83229044588	1
5	1941	126.256768525729	1
5	1952	128.307150797452	1
5	1963	129.938170784843	1
5	1980	131.300541669203	1
5	1985	131.520334812604	1
5	2004	132.337745692388	1
5	2009	132.537745692388	1
5	2014	132.737745692388	1
5	2025	133.239766155047	1
5	2036	134.852300563491	1
5	2047	135.669444381013	1
5	2069	137.436273059519	1
5	2076	137.636273059519	1
5	2081	137.836273059519	1
5	2086	138.036273059519	1
5	2097	138.463948160409	1
5	2111	140.188286394139	1
5	2119	140.528826507497	1
5	2130	141.985816275084	1
5	2141	142.619807485798	1
5	2152	143.141807615191	1
5	2168	143.802383660761	1
5	2173	144.002383660761	1
5	2191	144.631709661724	1
5	2198	144.831709661724	1
5	2203	145.031709661724	1
5	2218	145.547182264793	1
5	2223	145.747182264793	1
5	2234	147.04632331045	1
5	2245	148.175504386368	1
5	2256	148.90684474878	1
5	2270	150.6036502352	1
5	2283	150.998033242239	1
5	2291	151.198033242239	1
5	2304	151.518140465321	1
5	2309	151.718140465321	1
5	2323	152.763842131781	1
5	2337	153.095583698079	1
5	2345	153.309189677859	1
5	2359	153.670097266967	1
5	2364	153.900550722402	1
5	2383	155.415609415644	1
5	2388	155.615609415644	1
5	2393	155.815609415644	1
5	2407	156.371327914715	1
5	2420	156.751448945831	1
5	2425	156.951448945831	1
5	2440	157.590424610122	1
5	2448	157.790424610122	1
5	2456	158.152280929336	1
5	2473	158.93075045079	1
5	2478	159.215100330451	1
5	2489	160.153658239315	1
5	2500	161.20870716327	1
5	2522	161.851791840287	1
5	2532	162.051791840287	1
5	2539	162.251791840287	1
5	2549	162.451791840287	1
5	2554	162.651791840287	1
5	2559	162.851791840287	1
5	2570	163.701465480134	1
5	2584	164.7834787002	1
5	2603	165.158688846654	1
5	2612	165.363629669238	1
5	2617	165.563629669238	1
5	2628	165.763629669238	1
5	2633	166.033278761202	1
5	2655	167.901553813449	1
5	2662	168.101553813449	1
5	2667	168.301553813449	1
5	2675	168.501553813449	1
5	2683	168.819348475426	1
5	2703	170.608234502364	1
5	2710	170.848097947319	1
5	2715	171.048097947319	1
5	2726	171.669471162264	1
5	2737	172.167487274168	1
5	2757	172.921575950027	1
5	2762	173.121575950027	1
5	2770	173.321575950027	1
5	2781	173.665536455788	1
5	2789	173.972970787868	1
5	2806	175.1012176573	1
5	2821	175.386505043784	1
5	2831	175.586505043784	1
5	2844	175.786505043784	1
5	2853	175.986505043784	1
5	2858	176.186505043784	1
5	2868	176.386505043784	1
5	2873	176.586505043784	1
5	2878	176.786505043784	1
5	2897	177.304912505664	1
5	2904	177.587610927135	1
5	2909	177.787610927135	1
5	2926	179.282239640808	1
5	2931	179.547758353654	1
5	2942	180.126163303318	1
5	2956	182.549235225242	1
5	2964	182.922749650547	1
5	2980	184.370465712964	1
5	2985	184.570465712964	1
5	2996	186.277048034519	1
5	3012	187.616195950799	1
5	3017	187.816195950799	1
5	3034	188.342924132123	1
5	3039	188.609609568978	1
5	3055	189.330492390601	1
5	3060	189.530492390601	1
5	3071	191.232294575076	1
5	3082	191.704947736143	1
5	3093	192.346732433169	1
5	3104	192.896329299851	1
5	3118	193.525346925206	1
5	3126	193.889317416193	1
5	3137	194.608730211289	1
5	3148	195.558201326428	1
5	3159	196.013742560733	1
5	3170	196.736194961167	1
5	3181	197.915838877193	1
5	3192	198.669655013161	1
5	3212	199.161653315727	1
5	3217	199.361653315727	1
5	3222	199.561653315727	1

