version 3
run BaseVersion-11-20240511-20:48:36-11938
attr configname BaseVersion
attr datetime 20240511-20:48:36
attr datetimef 20240511-204836
attr experiment BaseVersion
attr inifile omnetpp.ini
attr iterationvars $genInterval=0.65
attr iterationvarsd genInterval=0.65
attr iterationvarsf genInterval=0.65-
attr measurement $genInterval=0.65
attr network Network
attr processid 11938
attr repetition 0
attr replication #0
attr resultdir results
attr runnumber 11
attr seedset 11
itervar genInterval 0.65
config network Network
config sim-time-limit 200s
config Network.nodeTx.gen.generationInterval exponential(0.65)
config Network.nodeTx.gen.packetByteSize 12500
config Network.nodeTx.queue.bufferSize 200
config Network.nodeRx.queue.bufferSize 200
config Network.queue.bufferSize 200

vector 0 Network.nodeTx.gen packetGen ETV
vector 1 Network.nodeTx.queue bufferSize ETV
vector 2 Network.queue bufferSize ETV
vector 3 Network.nodeRx.queue bufferSize ETV
vector 4 Network.nodeRx.sink Delay ETV
vector 5 Network.nodeRx.sink packetUsed ETV
0	1	0.129206927313	1
0	4	0.175195567897	1
0	6	0.187979365877	1
0	28	0.898293011456	1
0	41	1.302699748899	1
0	47	1.442979497632	1
0	62	2.281963057724	1
0	73	3.976851901931	1
0	82	4.331152782965	1
0	87	4.403385516726	1
0	102	4.83525724539	1
0	110	5.001535249662	1
0	113	5.009896321962	1
0	134	6.483216348047	1
0	145	6.917548995043	1
0	156	8.054881797456	1
0	167	9.903471540669	1
0	170	9.966785513898	1
0	187	11.203368038366	1
0	198	12.636374685952	1
0	209	13.487355804356	1
0	220	14.300461223757	1
0	223	14.375285764811	1
0	238	14.849526199282	1
0	251	16.307744328285	1
0	262	17.308046795098	1
0	273	18.572940220557	1
0	284	19.148789010188	1
0	290	19.266066750093	1
0	305	20.133802891845	1
0	316	20.784180153602	1
0	327	21.509774177271	1
0	330	21.523226778697	1
0	347	23.804029392566	1
0	350	23.88471556387	1
0	367	26.791717847991	1
0	373	27.038935276986	1
0	389	28.017538140537	1
0	395	28.129254372486	1
0	398	28.145810469222	1
0	419	29.070678343142	1
0	430	30.722875602872	1
0	441	31.83129634229	1
0	450	32.175263457448	1
0	458	32.449918954673	1
0	469	32.586649099496	1
0	477	32.836182520195	1
0	487	32.984491639533	1
0	492	33.061453010132	1
0	513	34.358288520297	1
0	516	34.415285569262	1
0	521	34.524869148932	1
0	542	35.335626231059	1
0	553	36.304712744325	1
0	564	36.899560158932	1
0	575	37.328506804323	1
0	578	37.365741073916	1
0	595	38.35977558014	1
0	606	38.784574437318	1
0	609	38.814438221331	1
0	619	39.148293608002	1
0	636	39.779420099115	1
0	647	41.003848901752	1
0	656	41.383607130937	1
0	669	42.206060918678	1
0	680	43.687725978321	1
0	691	44.286677726958	1
0	694	44.333214924219	1
0	709	44.855697380708	1
0	722	45.314650178758	1
0	733	47.250310833399	1
0	744	47.656764193094	1
0	755	50.463456247209	1
0	766	51.201872333823	1
0	772	51.470043726204	1
0	788	51.901576651554	1
0	794	52.079853426578	1
0	807	52.441991298824	1
0	820	53.476644141508	1
0	829	53.806765126759	1
0	832	53.849538281296	1
0	836	53.878109409276	1
0	848	54.17290077756	1
0	858	54.314853994088	1
0	861	54.362040880439	1
0	877	54.782674597323	1
0	889	55.032751096519	1
0	892	55.057218655862	1
0	894	55.104657069305	1
0	899	55.108568609438	1
0	910	55.331428737599	1
0	945	57.005210114496	1
0	956	58.019944222541	1
0	967	58.755580177961	1
0	978	60.288345903502	1
0	989	63.177258094523	1
0	1000	64.199844003627	1
0	1011	64.612074493385	1
0	1022	65.148404143465	1
0	1033	66.275919595657	1
0	1044	66.898073988879	1
0	1047	66.931880327878	1
0	1057	67.223475412649	1
0	1074	68.108912050035	1
0	1080	68.22910072365	1
0	1088	68.427668667179	1
0	1100	68.8002020599	1
0	1116	71.256044160248	1
0	1127	72.113948379446	1
0	1138	72.825752068203	1
0	1141	72.867970912832	1
0	1158	76.182816857096	1
0	1161	76.196434960803	1
0	1168	76.447213851618	1
0	1188	77.404053952478	1
0	1199	78.41543937918	1
0	1205	78.647233531623	1
0	1214	78.804417429613	1
0	1231	79.589527252281	1
0	1242	81.551318515342	1
0	1253	82.413720557711	1
0	1259	82.678646157117	1
0	1275	84.434712298544	1
0	1286	84.887566447917	1
0	1295	85.219958998304	1
0	1308	86.048700862434	1
0	1314	86.337202933325	1
0	1328	86.639506168535	1
0	1341	87.707341114601	1
0	1347	87.819565018047	1
0	1362	88.759469297398	1
0	1365	88.795846440214	1
0	1382	89.483104996676	1
0	1393	90.166940669384	1
0	1404	91.249731100777	1
0	1407	91.276396165088	1
0	1424	91.944480882287	1
0	1430	92.112736890007	1
0	1445	94.164745126668	1
0	1454	94.562157986999	1
0	1462	94.826238082596	1
0	1473	95.04382288814	1
0	1489	95.915066921019	1
0	1500	96.763226607833	1
0	1511	98.708289201351	1
0	1517	98.917115808322	1
0	1528	99.181673956704	1
0	1534	99.24739328977	1
0	1553	99.862164532411	1
0	1564	102.230708946224	1
0	1570	102.526579990064	1
0	1576	102.587585402459	1
0	1590	102.989963101511	1
0	1601	103.213004381203	1
0	1604	103.263680784289	1
0	1612	103.339810198266	1
0	1614	103.352506579406	1
0	1620	103.450202174548	1
0	1651	104.376879130453	1
0	1664	104.99103219742	1
0	1673	105.382895289952	1
0	1684	105.703436258488	1
0	1697	106.337231688993	1
0	1706	106.700694748858	1
0	1719	107.576171424336	1
0	1730	108.09373695868	1
0	1739	108.446313468673	1
0	1750	108.773701201999	1
0	1758	109.071570877569	1
0	1772	109.413800862355	1
0	1780	109.534154960317	1
0	1795	111.209502653301	1
0	1806	112.236021598624	1
0	1817	113.112660154353	1
0	1828	114.276150727824	1
0	1834	114.526076198885	1
0	1850	115.387365210057	1
0	1853	115.40330021792	1
0	1870	116.756470812917	1
0	1881	118.041412726098	1
0	1892	118.720197628507	1
0	1898	118.913949173697	1
0	1913	119.688063612362	1
0	1924	120.158901873904	1
0	1930	120.298296985832	1
0	1935	120.440344515053	1
0	1955	121.388976597355	1
0	1966	121.856800907985	1
0	1972	122.121084461314	1
0	1975	122.145539450412	1
0	1990	122.520056995118	1
0	2007	123.106657046335	1
0	2013	123.35625864299	1
0	2019	123.429972056867	1
0	2038	123.975972350799	1
0	2044	124.128607856571	1
0	2059	124.827339010939	1
0	2070	126.106830909157	1
0	2081	126.663868682571	1
0	2092	127.471696307182	1
0	2098	127.720646400946	1
0	2109	127.912543432224	1
0	2117	128.072381586932	1
0	2134	128.911853658128	1
0	2145	130.123410512282	1
0	2156	131.713016067576	1
0	2162	131.946867959069	1
0	2178	133.307313189783	1
0	2187	133.682133192368	1
0	2200	134.754101234494	1
0	2203	134.816414382171	1
0	2208	134.932239975028	1
0	2219	135.164988554621	1
0	2229	135.446375182366	1
0	2235	135.504609237927	1
0	2241	135.621444074611	1
0	2255	135.895196489972	1
0	2262	135.995941800742	1
0	2287	136.798995341035	1
0	2290	136.848525762591	1
0	2307	139.220010898849	1
0	2316	139.588744913958	1
0	2329	140.226673765359	1
0	2340	140.708559754769	1
0	2346	140.912501902661	1
0	2357	141.149113261935	1
0	2373	141.844077812343	1
0	2384	143.521151519512	1
0	2395	144.162162672851	1
0	2406	145.070608036298	1
0	2417	146.205965176537	1
0	2423	146.441727760414	1
0	2439	146.937621316704	1
0	2450	147.714598217017	1
0	2461	149.287914665461	1
0	2472	150.275448336545	1
0	2481	150.624501441306	1
0	2492	151.02384578122	1
0	2500	151.242853454521	1
0	2516	151.918136567642	1
0	2527	152.393874234947	1
0	2538	153.830417780829	1
0	2549	155.49236086311	1
0	2555	155.616438007301	1
0	2570	156.453009426464	1
0	2581	158.308440498786	1
0	2592	158.751120848172	1
0	2603	159.949655202322	1
0	2614	160.396954251108	1
0	2620	160.505779269927	1
0	2635	161.185794911943	1
0	2646	161.714924533279	1
0	2655	162.10088982044	1
0	2668	163.174268155396	1
0	2679	163.694222495583	1
0	2690	164.565705798924	1
0	2701	166.870943416909	1
0	2707	167.122857784048	1
0	2723	168.8741854321	1
0	2734	170.453769130898	1
0	2745	171.647737637417	1
0	2754	172.012506351295	1
0	2759	172.100825101157	1
0	2776	174.0844474242	1
0	2787	174.612965714026	1
0	2796	174.960518469624	1
0	2804	175.257165717789	1
0	2820	176.141229839554	1
0	2831	177.719492986191	1
0	2837	177.951499765042	1
0	2848	178.196166303505	1
0	2859	178.383589987635	1
0	2874	180.119260361614	1
0	2883	180.464768584633	1
0	2891	180.641739551376	1
0	2899	180.775575683786	1
0	2911	181.130086427393	1
0	2927	181.854555384121	1
0	2938	183.946217973896	1
0	2949	184.385046029956	1
0	2960	184.97334194301	1
0	2971	185.652374333848	1
0	2982	187.401157453018	1
0	2988	187.513539550279	1
0	3003	188.016660701401	1
0	3014	189.574298147846	1
0	3020	189.742530167581	1
0	3023	189.797317171744	1
0	3044	190.608610696202	1
0	3050	190.842237662472	1
0	3066	191.321451896284	1
0	3069	191.321563870075	1
0	3081	191.779263885971	1
0	3092	191.972422142767	1
0	3095	192.067805384379	1
0	3106	192.278041707959	1
0	3116	192.379805454371	1
0	3136	194.019954339392	1
0	3147	195.744816894894	1
0	3156	196.06108880969	1
0	3169	198.092267846925	1
0	3172	198.116224312097	1
1	2	0.129206927313	1
1	5	0.175195567897	1
1	7	0.187979365877	2
1	29	0.898293011456	1
1	42	1.302699748899	1
1	48	1.442979497632	1
1	63	2.281963057724	1
1	74	3.976851901931	1
1	83	4.331152782965	1
1	88	4.403385516726	1
1	103	4.83525724539	1
1	111	5.001535249662	1
1	114	5.009896321962	1
1	135	6.483216348047	1
1	146	6.917548995043	1
1	157	8.054881797456	1
1	168	9.903471540669	1
1	171	9.966785513898	1
1	188	11.203368038366	1
1	199	12.636374685952	1
1	210	13.487355804356	1
1	221	14.300461223757	1
1	224	14.375285764811	1
1	239	14.849526199282	1
1	252	16.307744328285	1
1	263	17.308046795098	1
1	274	18.572940220557	1
1	285	19.148789010188	1
1	291	19.266066750093	1
1	306	20.133802891845	1
1	317	20.784180153602	1
1	328	21.509774177271	1
1	331	21.523226778697	1
1	348	23.804029392566	1
1	351	23.88471556387	1
1	368	26.791717847991	1
1	374	27.038935276986	1
1	390	28.017538140537	1
1	396	28.129254372486	1
1	399	28.145810469222	1
1	420	29.070678343142	1
1	431	30.722875602872	1
1	442	31.83129634229	1
1	451	32.175263457448	1
1	459	32.449918954673	1
1	470	32.586649099496	1
1	478	32.836182520195	1
1	488	32.984491639533	1
1	493	33.061453010132	1
1	514	34.358288520297	1
1	517	34.415285569262	1
1	522	34.524869148932	1
1	543	35.335626231059	1
1	554	36.304712744325	1
1	565	36.899560158932	1
1	576	37.328506804323	1
1	579	37.365741073916	1
1	596	38.35977558014	1
1	607	38.784574437318	1
1	610	38.814438221331	1
1	620	39.148293608002	1
1	637	39.779420099115	1
1	648	41.003848901752	1
1	657	41.383607130937	1
1	670	42.206060918678	1
1	681	43.687725978321	1
1	692	44.286677726958	1
1	695	44.333214924219	1
1	710	44.855697380708	1
1	723	45.314650178758	1
1	734	47.250310833399	1
1	745	47.656764193094	1
1	756	50.463456247209	1
1	767	51.201872333823	1
1	773	51.470043726204	1
1	789	51.901576651554	1
1	795	52.079853426578	1
1	808	52.441991298824	1
1	821	53.476644141508	1
1	830	53.806765126759	1
1	833	53.849538281296	1
1	837	53.878109409276	2
1	849	54.17290077756	1
1	859	54.314853994088	1
1	862	54.362040880439	1
1	878	54.782674597323	1
1	890	55.032751096519	1
1	893	55.057218655862	1
1	895	55.104657069305	2
1	900	55.108568609438	3
1	911	55.331428737599	2
1	946	57.005210114496	1
1	957	58.019944222541	1
1	968	58.755580177961	1
1	979	60.288345903502	1
1	990	63.177258094523	1
1	1001	64.199844003627	1
1	1012	64.612074493385	1
1	1023	65.148404143465	1
1	1034	66.275919595657	1
1	1045	66.898073988879	1
1	1048	66.931880327878	1
1	1058	67.223475412649	1
1	1075	68.108912050035	1
1	1081	68.22910072365	1
1	1089	68.427668667179	1
1	1101	68.8002020599	1
1	1117	71.256044160248	1
1	1128	72.113948379446	1
1	1139	72.825752068203	1
1	1142	72.867970912832	1
1	1159	76.182816857096	1
1	1162	76.196434960803	1
1	1169	76.447213851618	1
1	1189	77.404053952478	1
1	1200	78.41543937918	1
1	1206	78.647233531623	1
1	1215	78.804417429613	1
1	1232	79.589527252281	1
1	1243	81.551318515342	1
1	1254	82.413720557711	1
1	1260	82.678646157117	1
1	1276	84.434712298544	1
1	1287	84.887566447917	1
1	1296	85.219958998304	1
1	1309	86.048700862434	1
1	1315	86.337202933325	1
1	1329	86.639506168535	1
1	1342	87.707341114601	1
1	1348	87.819565018047	1
1	1363	88.759469297398	1
1	1366	88.795846440214	1
1	1383	89.483104996676	1
1	1394	90.166940669384	1
1	1405	91.249731100777	1
1	1408	91.276396165088	1
1	1425	91.944480882287	1
1	1431	92.112736890007	1
1	1446	94.164745126668	1
1	1455	94.562157986999	1
1	1463	94.826238082596	1
1	1474	95.04382288814	1
1	1490	95.915066921019	1
1	1501	96.763226607833	1
1	1512	98.708289201351	1
1	1518	98.917115808322	1
1	1529	99.181673956704	1
1	1535	99.24739328977	1
1	1554	99.862164532411	1
1	1565	102.230708946224	1
1	1571	102.526579990064	1
1	1577	102.587585402459	1
1	1591	102.989963101511	1
1	1602	103.213004381203	1
1	1605	103.263680784289	1
1	1613	103.339810198266	1
1	1615	103.352506579406	2
1	1621	103.450202174548	2
1	1652	104.376879130453	1
1	1665	104.99103219742	1
1	1674	105.382895289952	1
1	1685	105.703436258488	1
1	1698	106.337231688993	1
1	1707	106.700694748858	1
1	1720	107.576171424336	1
1	1731	108.09373695868	1
1	1740	108.446313468673	1
1	1751	108.773701201999	1
1	1759	109.071570877569	1
1	1773	109.413800862355	1
1	1781	109.534154960317	1
1	1796	111.209502653301	1
1	1807	112.236021598624	1
1	1818	113.112660154353	1
1	1829	114.276150727824	1
1	1835	114.526076198885	1
1	1851	115.387365210057	1
1	1854	115.40330021792	1
1	1871	116.756470812917	1
1	1882	118.041412726098	1
1	1893	118.720197628507	1
1	1899	118.913949173697	1
1	1914	119.688063612362	1
1	1925	120.158901873904	1
1	1931	120.298296985832	1
1	1936	120.440344515053	1
1	1956	121.388976597355	1
1	1967	121.856800907985	1
1	1973	122.121084461314	1
1	1976	122.145539450412	1
1	1991	122.520056995118	1
1	2008	123.106657046335	1
1	2014	123.35625864299	1
1	2020	123.429972056867	1
1	2039	123.975972350799	1
1	2045	124.128607856571	1
1	2060	124.827339010939	1
1	2071	126.106830909157	1
1	2082	126.663868682571	1
1	2093	127.471696307182	1
1	2099	127.720646400946	1
1	2110	127.912543432224	1
1	2118	128.072381586932	1
1	2135	128.911853658128	1
1	2146	130.123410512282	1
1	2157	131.713016067576	1
1	2163	131.946867959069	1
1	2179	133.307313189783	1
1	2188	133.682133192368	1
1	2201	134.754101234494	1
1	2204	134.816414382171	1
1	2209	134.932239975028	1
1	2220	135.164988554621	1
1	2230	135.446375182366	1
1	2236	135.504609237927	1
1	2242	135.621444074611	1
1	2256	135.895196489972	1
1	2263	135.995941800742	1
1	2288	136.798995341035	1
1	2291	136.848525762591	1
1	2308	139.220010898849	1
1	2317	139.588744913958	1
1	2330	140.226673765359	1
1	2341	140.708559754769	1
1	2347	140.912501902661	1
1	2358	141.149113261935	1
1	2374	141.844077812343	1
1	2385	143.521151519512	1
1	2396	144.162162672851	1
1	2407	145.070608036298	1
1	2418	146.205965176537	1
1	2424	146.441727760414	1
1	2440	146.937621316704	1
1	2451	147.714598217017	1
1	2462	149.287914665461	1
1	2473	150.275448336545	1
1	2482	150.624501441306	1
1	2493	151.02384578122	1
1	2501	151.242853454521	1
1	2517	151.918136567642	1
1	2528	152.393874234947	1
1	2539	153.830417780829	1
1	2550	155.49236086311	1
1	2556	155.616438007301	1
1	2571	156.453009426464	1
1	2582	158.308440498786	1
1	2593	158.751120848172	1
1	2604	159.949655202322	1
1	2615	160.396954251108	1
1	2621	160.505779269927	1
1	2636	161.185794911943	1
1	2647	161.714924533279	1
1	2656	162.10088982044	1
1	2669	163.174268155396	1
1	2680	163.694222495583	1
1	2691	164.565705798924	1
1	2702	166.870943416909	1
1	2708	167.122857784048	1
1	2724	168.8741854321	1
1	2735	170.453769130898	1
1	2746	171.647737637417	1
1	2755	172.012506351295	1
1	2760	172.100825101157	1
1	2777	174.0844474242	1
1	2788	174.612965714026	1
1	2797	174.960518469624	1
1	2805	175.257165717789	1
1	2821	176.141229839554	1
1	2832	177.719492986191	1
1	2838	177.951499765042	1
1	2849	178.196166303505	1
1	2860	178.383589987635	1
1	2875	180.119260361614	1
1	2884	180.464768584633	1
1	2892	180.641739551376	1
1	2900	180.775575683786	1
1	2912	181.130086427393	1
1	2928	181.854555384121	1
1	2939	183.946217973896	1
1	2950	184.385046029956	1
1	2961	184.97334194301	1
1	2972	185.652374333848	1
1	2983	187.401157453018	1
1	2989	187.513539550279	1
1	3004	188.016660701401	1
1	3015	189.574298147846	1
1	3021	189.742530167581	1
1	3024	189.797317171744	1
1	3045	190.608610696202	1
1	3051	190.842237662472	1
1	3067	191.321451896284	1
1	3070	191.321563870075	1
1	3082	191.779263885971	1
1	3093	191.972422142767	1
1	3096	192.067805384379	1
1	3107	192.278041707959	1
1	3117	192.379805454371	1
1	3137	194.019954339392	1
1	3148	195.744816894894	1
1	3157	196.06108880969	1
1	3170	198.092267846925	1
1	3173	198.116224312097	1
2	9	0.229306927313	1
2	12	0.329306927313	1
2	15	0.429306927313	1
2	34	0.998393011456	1
2	45	1.402799748899	1
2	51	1.543079497632	1
2	66	2.382063057724	1
2	77	4.076951901931	1
2	90	4.431252782965	1
2	93	4.531252782965	1
2	108	4.93535724539	1
2	116	5.101635249662	1
2	121	5.201635249662	1
2	138	6.583316348047	1
2	149	7.017648995043	1
2	160	8.154981797456	1
2	173	10.003571540669	1
2	176	10.103571540669	1
2	191	11.303468038366	1
2	202	12.736474685952	1
2	213	13.587455804356	1
2	226	14.400561223757	1
2	229	14.500561223757	1
2	244	14.949626199282	1
2	255	16.407844328285	1
2	266	17.408146795098	1
2	277	18.673040220557	1
2	288	19.248889010188	1
2	294	19.366166750093	1
2	309	20.233902891845	1
2	320	20.884280153602	1
2	333	21.609874177271	1
2	336	21.709874177271	1
2	353	23.904129392566	1
2	356	24.004129392566	1
2	371	26.891817847991	1
2	380	27.139035276986	1
2	393	28.117638140537	1
2	401	28.229354372486	1
2	406	28.329354372486	1
2	423	29.170778343142	1
2	434	30.822975602872	1
2	445	31.93139634229	1
2	456	32.275363457448	1
2	465	32.550018954673	1
2	473	32.686749099496	1
2	483	32.936282520195	1
2	495	33.084591639533	1
2	500	33.184591639533	1
2	519	34.458388520297	1
2	524	34.558388520297	1
2	527	34.658388520297	1
2	546	35.435726231059	1
2	557	36.404812744325	1
2	568	36.999660158932	1
2	581	37.428606804323	1
2	584	37.528606804323	1
2	599	38.45987558014	1
2	612	38.884674437318	1
2	615	38.984674437318	1
2	625	39.248393608002	1
2	640	39.879520099115	1
2	651	41.103948901752	1
2	662	41.483707130937	1
2	673	42.306160918678	1
2	684	43.787825978321	1
2	697	44.386777726958	1
2	700	44.486777726958	1
2	715	44.955797380708	1
2	726	45.414750178758	1
2	737	47.350410833399	1
2	748	47.756864193094	1
2	759	50.563556247209	1
2	770	51.301972333823	1
2	779	51.570143726204	1
2	792	52.001676651554	1
2	798	52.179953426578	1
2	813	52.542091298824	1
2	824	53.576744141508	1
2	839	53.906865126759	1
2	842	54.006865126759	1
2	845	54.106865126759	1
2	854	54.27300077756	2
2	866	54.414953994088	2
2	871	54.514953994088	2
2	883	54.882774597323	2
2	902	55.132851096519	1
2	906	55.232851096519	2
2	913	55.332851096519	2
2	917	55.432851096519	3
2	922	55.532851096519	3
2	949	57.105310114496	1
2	960	58.120044222541	1
2	971	58.855680177961	1
2	982	60.388445903502	1
2	993	63.277358094523	1
2	1004	64.299944003627	1
2	1015	64.712174493385	1
2	1026	65.248504143465	1
2	1037	66.376019595657	1
2	1050	66.998173988879	1
2	1053	67.098173988879	1
2	1063	67.323575412649	1
2	1078	68.209012050035	1
2	1084	68.32920072365	1
2	1094	68.527768667179	1
2	1107	68.9003020599	1
2	1120	71.356144160248	1
2	1131	72.214048379446	1
2	1144	72.925852068203	1
2	1147	73.025852068203	1
2	1164	76.282916857096	1
2	1167	76.382916857096	1
2	1175	76.547313851618	1
2	1192	77.504153952478	1
2	1203	78.51553937918	1
2	1212	78.747333531623	1
2	1220	78.904517429613	1
2	1235	79.689627252281	1
2	1246	81.651418515342	1
2	1257	82.513820557711	1
2	1266	82.778746157117	1
2	1279	84.534812298544	1
2	1290	84.987666447917	1
2	1301	85.320058998304	1
2	1312	86.148800862434	1
2	1321	86.437302933325	1
2	1334	86.739606168535	1
2	1345	87.807441114601	1
2	1351	87.919665018047	1
2	1368	88.859569297398	1
2	1371	88.959569297398	1
2	1386	89.583204996676	1
2	1397	90.267040669384	1
2	1410	91.349831100777	1
2	1413	91.449831100777	1
2	1428	92.044580882287	1
2	1434	92.212836890007	1
2	1449	94.264845126668	1
2	1460	94.662257986999	1
2	1469	94.926338082596	1
2	1480	95.14392288814	1
2	1493	96.015166921019	1
2	1504	96.863326607833	1
2	1515	98.808389201351	1
2	1524	99.017215808322	1
2	1537	99.281773956704	1
2	1542	99.381773956704	1
2	1557	99.962264532411	1
2	1568	102.330808946224	1
2	1579	102.626679990064	1
2	1584	102.726679990064	1
2	1597	103.090063101511	1
2	1610	103.313104381203	1
2	1619	103.413104381203	1
2	1624	103.513104381203	1
2	1628	103.613104381203	2
2	1633	103.713104381203	2
2	1657	104.476979130453	1
2	1668	105.09113219742	1
2	1679	105.482995289952	1
2	1690	105.803536258488	1
2	1701	106.437331688993	1
2	1712	106.800794748858	1
2	1723	107.676271424336	1
2	1734	108.19383695868	1
2	1745	108.546413468673	1
2	1756	108.873801201999	1
2	1765	109.171670877569	1
2	1778	109.513900862355	1
2	1784	109.634254960317	1
2	1799	111.309602653301	1
2	1810	112.336121598624	1
2	1821	113.212760154353	1
2	1832	114.376250727824	1
2	1841	114.626176198885	1
2	1856	115.487465210057	1
2	1859	115.587465210057	1
2	1874	116.856570812917	1
2	1885	118.141512726098	1
2	1896	118.820297628507	1
2	1902	119.014049173697	1
2	1917	119.788163612362	1
2	1928	120.259001873904	1
2	1934	120.398396985832	1
2	1942	120.540444515053	1
2	1959	121.489076597355	1
2	1970	121.956900907985	1
2	1981	122.221184461314	1
2	1986	122.321184461314	1
2	1996	122.620156995118	1
2	2011	123.206757046335	1
2	2022	123.45635864299	1
2	2027	123.55635864299	1
2	2042	124.076072350799	1
2	2048	124.228707856571	1
2	2063	124.927439010939	1
2	2074	126.206930909157	1
2	2085	126.763968682571	1
2	2096	127.571796307182	1
2	2105	127.820746400946	1
2	2113	128.012643432224	1
2	2123	128.172481586932	1
2	2138	129.011953658128	1
2	2149	130.223510512282	1
2	2160	131.813116067576	1
2	2169	132.046967959069	1
2	2182	133.407413189783	1
2	2193	133.782233192368	1
2	2206	134.854201234494	1
2	2211	134.954201234494	1
2	2214	135.054201234494	1
2	2226	135.265088554621	1
2	2238	135.546475182366	1
2	2244	135.646475182366	2
2	2249	135.746475182366	2
2	2261	135.995296489972	2
2	2269	136.096041800742	2
2	2293	136.899095341035	1
2	2296	136.999095341035	1
2	2311	139.320110898849	1
2	2322	139.688844913958	1
2	2333	140.326773765359	1
2	2344	140.808659754769	1
2	2353	141.012601902661	1
2	2364	141.249213261935	1
2	2377	141.944177812343	1
2	2388	143.621251519512	1
2	2399	144.262262672851	1
2	2410	145.170708036298	1
2	2421	146.306065176537	1
2	2430	146.541827760414	1
2	2443	147.037721316704	1
2	2454	147.814698217017	1
2	2465	149.388014665461	1
2	2476	150.375548336545	1
2	2487	150.724601441306	1
2	2498	151.12394578122	1
2	2507	151.342953454521	1
2	2520	152.018236567642	1
2	2531	152.493974234947	1
2	2542	153.930517780829	1
2	2553	155.59246086311	1
2	2559	155.716538007301	1
2	2574	156.553109426464	1
2	2585	158.408540498786	1
2	2596	158.851220848172	1
2	2607	160.049755202322	1
2	2618	160.497054251108	1
2	2624	160.605879269927	1
2	2639	161.285894911943	1
2	2650	161.815024533279	1
2	2661	162.20098982044	1
2	2672	163.274368155396	1
2	2683	163.794322495583	1
2	2694	164.665805798924	1
2	2705	166.971043416909	1
2	2714	167.222957784048	1
2	2727	168.9742854321	1
2	2738	170.553869130898	1
2	2749	171.747837637417	1
2	2762	172.112606351295	1
2	2765	172.212606351295	1
2	2780	174.1845474242	1
2	2791	174.713065714026	1
2	2802	175.060618469624	1
2	2811	175.357265717789	1
2	2824	176.241329839554	1
2	2835	177.819592986191	1
2	2844	178.051599765042	1
2	2855	178.296266303505	1
2	2863	178.483689987635	1
2	2878	180.219360361614	1
2	2889	180.564868584633	1
2	2895	180.741839551376	1
2	2905	180.875675683786	1
2	2918	181.230186427393	1
2	2931	181.954655384121	1
2	2942	184.046317973896	1
2	2953	184.485146029956	1
2	2964	185.07344194301	1
2	2975	185.752474333848	1
2	2986	187.501257453018	1
2	2992	187.613639550279	1
2	3007	188.116760701401	1
2	3018	189.674398147846	1
2	3026	189.842630167581	1
2	3031	189.942630167581	1
2	3048	190.708710696202	1
2	3057	190.942337662472	1
2	3072	191.421551896284	1
2	3075	191.521551896284	1
2	3088	191.879363885971	1
2	3098	192.072522142767	1
2	3103	192.172522142767	1
2	3113	192.378141707959	1
2	3123	192.479905454371	1
2	3140	194.120054339392	1
2	3151	195.844916894894	1
2	3162	196.16118880969	1
2	3175	198.192367846925	1
2	3178	198.292367846925	1
3	16	0.429406927313	1
3	21	0.629406927313	1
3	26	0.829406927313	1
3	37	1.198493011456	1
3	53	1.602899748899	1
3	58	1.802899748899	1
3	69	2.582163057724	1
3	80	4.277051901931	1
3	95	4.631352782965	1
3	100	4.831352782965	1
3	118	5.13545724539	1
3	125	5.33545724539	1
3	130	5.53545724539	1
3	141	6.783416348047	1
3	152	7.217748995043	1
3	163	8.355081797456	1
3	178	10.203671540669	1
3	183	10.403671540669	1
3	194	11.503568038366	1
3	205	12.936574685952	1
3	216	13.787555804356	1
3	231	14.600661223757	1
3	236	14.800661223757	1
3	247	15.149726199282	1
3	258	16.607944328285	1
3	269	17.608246795098	1
3	280	18.873140220557	1
3	296	19.448989010188	1
3	301	19.648989010188	1
3	312	20.434002891845	1
3	323	21.084380153602	1
3	338	21.809974177271	1
3	343	22.009974177271	1
3	358	24.104229392566	1
3	363	24.304229392566	1
3	377	27.091917847991	1
3	385	27.339135276986	1
3	403	28.317738140537	1
3	410	28.517738140537	1
3	415	28.717738140537	1
3	426	29.370878343142	1
3	437	31.023075602872	1
3	448	32.13149634229	1
3	462	32.475463457448	1
3	475	32.750118954673	1
3	485	32.950118954673	1
3	497	33.150118954673	1
3	504	33.350118954673	1
3	509	33.550118954673	1
3	528	34.658488520297	1
3	533	34.858488520297	1
3	538	35.058488520297	1
3	549	35.635826231059	1
3	560	36.604912744325	1
3	571	37.199760158932	1
3	586	37.628706804323	1
3	591	37.828706804323	1
3	602	38.65997558014	1
3	617	39.084774437318	1
3	627	39.284774437318	1
3	632	39.484774437318	1
3	643	40.079620099115	1
3	654	41.304048901752	1
3	665	41.683807130937	1
3	676	42.506260918678	1
3	687	43.987925978321	1
3	702	44.586877726958	1
3	707	44.786877726958	1
3	718	45.155897380708	1
3	729	45.614850178758	1
3	740	47.550510833399	1
3	751	47.956964193094	1
3	762	50.763656247209	1
3	776	51.502072333823	1
3	784	51.770243726204	1
3	800	52.201776651554	1
3	805	52.401776651554	1
3	816	52.742191298824	1
3	827	53.776844141508	1
3	846	54.106965126759	1
3	856	54.306965126759	1
3	868	54.506965126759	1
3	875	54.706965126759	1
3	885	54.906965126759	1
3	897	55.106965126759	1
3	908	55.306965126759	1
3	919	55.506965126759	1
3	926	55.706965126759	1
3	931	55.906965126759	1
3	936	56.106965126759	1
3	941	56.306965126759	1
3	952	57.305410114496	1
3	963	58.320144222541	1
3	974	59.055780177961	1
3	985	60.588545903502	1
3	996	63.477458094523	1
3	1007	64.500044003627	1
3	1018	64.912274493385	1
3	1029	65.448604143465	1
3	1040	66.576119595657	1
3	1055	67.198273988879	1
3	1065	67.398273988879	1
3	1070	67.598273988879	1
3	1086	68.409112050035	1
3	1096	68.609112050035	1
3	1104	68.809112050035	1
3	1112	69.1004020599	1
3	1123	71.556244160248	1
3	1134	72.414148379446	1
3	1149	73.125952068203	1
3	1154	73.325952068203	1
3	1172	76.483016857096	1
3	1179	76.683016857096	1
3	1184	76.883016857096	1
3	1195	77.704253952478	1
3	1209	78.71563937918	1
3	1222	78.947433531623	1
3	1227	79.147433531623	1
3	1238	79.889727252281	1
3	1249	81.851518515342	1
3	1263	82.713920557711	1
3	1271	82.978846157117	1
3	1282	84.734912298544	1
3	1293	85.187766447917	1
3	1304	85.520158998304	1
3	1318	86.348900862434	1
3	1326	86.637402933325	1
3	1337	86.939706168535	1
3	1353	88.007541114601	1
3	1358	88.207541114601	1
3	1373	89.059669297398	1
3	1378	89.259669297398	1
3	1389	89.783304996676	1
3	1400	90.467140669384	1
3	1415	91.549931100777	1
3	1420	91.749931100777	1
3	1436	92.244680882287	1
3	1441	92.444680882287	1
3	1452	94.464945126668	1
3	1466	94.862357986999	1
3	1477	95.126438082596	1
3	1485	95.34402288814	1
3	1496	96.215266921019	1
3	1507	97.063426607833	1
3	1521	99.008489201351	1
3	1532	99.217315808322	1
3	1544	99.481873956704	1
3	1549	99.681873956704	1
3	1560	100.162364532411	1
3	1574	102.530908946224	1
3	1586	102.826779990064	1
3	1594	103.026779990064	1
3	1607	103.290163101511	1
3	1625	103.513204381203	1
3	1634	103.713204381203	1
3	1639	103.913204381203	1
3	1644	104.113204381203	1
3	1649	104.313204381203	1
3	1660	104.677079130453	1
3	1671	105.29123219742	1
3	1682	105.683095289952	1
3	1693	106.003636258488	1
3	1704	106.637431688993	1
3	1715	107.000894748858	1
3	1726	107.876371424336	1
3	1737	108.39393695868	1
3	1748	108.746513468673	1
3	1762	109.073901201999	1
3	1770	109.371770877569	1
3	1786	109.714000862355	1
3	1791	109.914000862355	1
3	1802	111.509702653301	1
3	1813	112.536221598624	1
3	1824	113.412860154353	1
3	1838	114.576350727824	1
3	1846	114.826276198885	1
3	1861	115.687565210057	1
3	1866	115.887565210057	1
3	1877	117.056670812917	1
3	1888	118.341612726098	1
3	1904	119.020397628507	1
3	1909	119.220397628507	1
3	1920	119.988263612362	1
3	1939	120.459101873904	1
3	1946	120.659101873904	1
3	1951	120.859101873904	1
3	1962	121.689176597355	1
3	1978	122.157000907985	1
3	1988	122.421284461314	1
3	1998	122.621284461314	1
3	2003	122.821284461314	1
3	2017	123.406857046335	1
3	2029	123.65645864299	1
3	2034	123.85645864299	1
3	2050	124.276172350799	1
3	2055	124.476172350799	1
3	2066	125.127539010939	1
3	2077	126.407030909157	1
3	2088	126.964068682571	1
3	2102	127.771896307182	1
3	2115	128.020846400946	1
3	2125	128.220846400946	1
3	2130	128.420846400946	1
3	2141	129.212053658128	1
3	2152	130.423610512282	1
3	2166	132.013216067576	1
3	2174	132.247067959069	1
3	2185	133.607513189783	1
3	2196	133.982333192368	1
3	2215	135.054301234494	1
3	2223	135.254301234494	1
3	2233	135.454301234494	1
3	2246	135.654301234494	1
3	2253	135.854301234494	1
3	2266	136.054301234494	1
3	2273	136.254301234494	1
3	2278	136.454301234494	1
3	2283	136.654301234494	1
3	2298	137.099195341035	1
3	2303	137.299195341035	1
3	2314	139.520210898849	1
3	2325	139.888944913958	1
3	2336	140.526873765359	1
3	2350	141.008759754769	1
3	2361	141.212701902661	1
3	2369	141.449313261935	1
3	2380	142.144277812343	1
3	2391	143.821351519512	1
3	2402	144.462362672851	1
3	2413	145.370808036298	1
3	2427	146.506165176537	1
3	2435	146.741927760414	1
3	2446	147.237821316704	1
3	2457	148.014798217017	1
3	2468	149.588114665461	1
3	2479	150.575648336545	1
3	2490	150.924701441306	1
3	2504	151.32404578122	1
3	2512	151.543053454521	1
3	2523	152.218336567642	1
3	2534	152.694074234947	1
3	2545	154.130617780829	1
3	2561	155.79256086311	1
3	2566	155.99256086311	1
3	2577	156.753209426464	1
3	2588	158.608640498786	1
3	2599	159.051320848172	1
3	2610	160.249855202322	1
3	2626	160.697154251108	1
3	2631	160.897154251108	1
3	2642	161.485994911943	1
3	2653	162.015124533279	1
3	2664	162.40108982044	1
3	2675	163.474468155396	1
3	2686	163.994422495583	1
3	2697	164.865905798924	1
3	2711	167.171143416909	1
3	2719	167.423057784048	1
3	2730	169.1743854321	1
3	2741	170.753969130898	1
3	2752	171.947937637417	1
3	2767	172.312706351295	1
3	2772	172.512706351295	1
3	2783	174.3846474242	1
3	2794	174.913165714026	1
3	2808	175.260718469624	1
3	2816	175.557365717789	1
3	2827	176.441429839554	1
3	2841	178.019692986191	1
3	2852	178.251699765042	1
3	2865	178.496366303505	1
3	2870	178.696366303505	1
3	2881	180.419460361614	1
3	2897	180.764968584633	1
3	2907	180.964968584633	1
3	2915	181.164968584633	1
3	2923	181.430286427393	1
3	2934	182.154755384121	1
3	2945	184.246417973896	1
3	2956	184.685246029956	1
3	2967	185.27354194301	1
3	2978	185.952574333848	1
3	2994	187.701357453018	1
3	2999	187.901357453018	1
3	3010	188.316860701401	1
3	3028	189.874498147846	1
3	3035	190.074498147846	1
3	3040	190.274498147846	1
3	3054	190.908810696202	1
3	3062	191.142437662472	1
3	3077	191.621651896284	1
3	3085	191.821651896284	1
3	3100	192.079463885971	1
3	3110	192.279463885971	1
3	3120	192.479463885971	1
3	3127	192.679463885971	1
3	3132	192.879463885971	1
3	3143	194.320154339392	1
3	3154	196.045016894894	1
3	3165	196.36128880969	1
3	3180	198.392467846925	1
3	3185	198.592467846925	1
4	18	0.529406927313	0.4002
4	23	0.729406927313	0.554211359416
4	31	0.929406927313	0.741427561436
4	39	1.298493011456	0.4002
4	55	1.702899748899	0.4002
4	60	1.902899748899	0.459920251267
4	71	2.682163057724	0.4002
4	85	4.377051901931	0.4002
4	97	4.731352782965	0.4002
4	105	4.931352782965	0.527967266239
4	122	5.23545724539	0.4002
4	127	5.43545724539	0.433921995728
4	132	5.63545724539	0.625560923428
4	143	6.883416348047	0.4002
4	154	7.317748995043	0.4002
4	165	8.455081797456	0.4002
4	180	10.303671540669	0.4002
4	185	10.503671540669	0.536886026771
4	196	11.603568038366	0.4002
4	207	13.036574685952	0.4002
4	218	13.887555804356	0.4002
4	233	14.700661223757	0.4002
4	241	14.900661223757	0.525375458946
4	249	15.249726199282	0.4002
4	260	16.707944328285	0.4002
4	271	17.708246795098	0.4002
4	282	18.973140220557	0.4002
4	298	19.548989010188	0.4002
4	303	19.748989010188	0.482922260095
4	314	20.534002891845	0.4002
4	325	21.184380153602	0.4002
4	340	21.909974177271	0.4002
4	345	22.109974177271	0.586747398574
4	360	24.204229392566	0.4002
4	365	24.404229392566	0.519513828696
4	382	27.191917847991	0.4002
4	387	27.439135276986	0.4002
4	407	28.417738140537	0.4002
4	412	28.617738140537	0.488483768051
4	417	28.817738140537	0.671927671315
4	428	29.470878343142	0.4002
4	439	31.123075602872	0.4002
4	453	32.23149634229	0.4002
4	467	32.575463457448	0.4002
4	480	32.850118954673	0.4002
4	490	33.050118954673	0.463469855177
4	501	33.250118954673	0.413936434478
4	506	33.450118954673	0.46562731514
4	511	33.650118954673	0.588665944541
4	530	34.758488520297	0.4002
4	535	34.958488520297	0.543202951035
4	540	35.158488520297	0.633619371365
4	551	35.735826231059	0.4002
4	562	36.704912744325	0.4002
4	573	37.299760158932	0.4002
4	588	37.728706804323	0.4002
4	593	37.928706804323	0.562965730407
4	604	38.75997558014	0.4002
4	622	39.184774437318	0.4002
4	629	39.384774437318	0.570336215987
4	634	39.584774437318	0.436480829316
4	645	40.179620099115	0.4002
4	659	41.404048901752	0.4002
4	667	41.783807130937	0.4002
4	678	42.606260918678	0.4002
4	689	44.087925978321	0.4002
4	704	44.686877726958	0.4002
4	712	44.886877726958	0.553662802739
4	720	45.255897380708	0.4002
4	731	45.714850178758	0.4002
4	742	47.650510833399	0.4002
4	753	48.056964193094	0.4002
4	764	50.863656247209	0.4002
4	781	51.602072333823	0.4002
4	786	51.870243726204	0.4002
4	802	52.301776651554	0.4002
4	810	52.501776651554	0.421923224976
4	818	52.842191298824	0.4002
4	834	53.876844141508	0.4002
4	851	54.206965126759	0.4002
4	863	54.406965126759	0.557426845463
4	872	54.606965126759	0.728855717483
4	880	54.806965126759	0.634064349199
4	887	55.006965126759	0.692111132671
4	903	55.206965126759	0.84492424632
4	914	55.406965126759	0.624290529436
4	923	55.606965126759	0.57421403024
4	928	55.806965126759	0.749746470897
4	933	56.006965126759	0.902308057454
4	938	56.206965126759	1.098396517321
4	943	56.406965126759	1.07553638916
4	954	57.405410114496	0.4002
4	965	58.420144222541	0.4002
4	976	59.155780177961	0.4002
4	987	60.688545903502	0.4002
4	998	63.577458094523	0.4002
4	1009	64.600044003627	0.4002
4	1020	65.012274493385	0.4002
4	1031	65.548604143465	0.4002
4	1042	66.676119595657	0.4002
4	1060	67.298273988879	0.4002
4	1067	67.498273988879	0.566393661001
4	1072	67.698273988879	0.47479857623
4	1091	68.509112050035	0.4002
4	1098	68.709112050035	0.480011326385
4	1109	68.909112050035	0.481443382856
4	1114	69.2004020599	0.4002
4	1125	71.656244160248	0.4002
4	1136	72.514148379446	0.4002
4	1151	73.225952068203	0.4002
4	1156	73.425952068203	0.557981155371
4	1176	76.583016857096	0.4002
4	1181	76.783016857096	0.586581896293
4	1186	76.983016857096	0.535803005478
4	1197	77.804253952478	0.4002
4	1217	78.81563937918	0.4002
4	1224	79.047433531623	0.4002
4	1229	79.247433531623	0.44301610201
4	1240	79.989727252281	0.4002
4	1251	81.951518515342	0.4002
4	1268	82.813920557711	0.4002
4	1273	83.078846157117	0.4002
4	1284	84.834912298544	0.4002
4	1298	85.287766447917	0.4002
4	1306	85.620158998304	0.4002
4	1323	86.448900862434	0.4002
4	1331	86.737402933325	0.4002
4	1339	87.039706168535	0.4002
4	1355	88.107541114601	0.4002
4	1360	88.307541114601	0.487976096554
4	1375	89.159669297398	0.4002
4	1380	89.359669297398	0.563822857184
4	1391	89.883304996676	0.4002
4	1402	90.567140669384	0.4002
4	1417	91.649931100777	0.4002
4	1422	91.849931100777	0.573534935689
4	1438	92.344680882287	0.4002
4	1443	92.544680882287	0.43194399228
4	1457	94.564945126668	0.4002
4	1471	94.962357986999	0.4002
4	1482	95.226438082596	0.4002
4	1487	95.44402288814	0.4002
4	1498	96.315266921019	0.4002
4	1509	97.163426607833	0.4002
4	1526	99.108489201351	0.4002
4	1539	99.317315808322	0.4002
4	1546	99.581873956704	0.4002
4	1551	99.781873956704	0.534480666934
4	1562	100.262364532411	0.4002
4	1581	102.630908946224	0.4002
4	1588	102.926779990064	0.4002
4	1599	103.126779990064	0.539194587605
4	1616	103.390163101511	0.4002
4	1629	103.613204381203	0.4002
4	1636	103.813204381203	0.549523596914
4	1641	104.013204381203	0.673394182937
4	1646	104.213204381203	0.860697801797
4	1654	104.413204381203	0.963002206655
4	1662	104.777079130453	0.4002
4	1676	105.39123219742	0.4002
4	1687	105.783095289952	0.4002
4	1695	106.103636258488	0.4002
4	1709	106.737431688993	0.4002
4	1717	107.100894748858	0.4002
4	1728	107.976371424336	0.4002
4	1742	108.49393695868	0.4002
4	1753	108.846513468673	0.4002
4	1767	109.173901201999	0.4002
4	1775	109.471770877569	0.4002
4	1788	109.814000862355	0.4002
4	1793	110.014000862355	0.479845902038
4	1804	111.609702653301	0.4002
4	1815	112.636221598624	0.4002
4	1826	113.512860154353	0.4002
4	1843	114.676350727824	0.4002
4	1848	114.926276198885	0.4002
4	1863	115.787565210057	0.4002
4	1868	115.987565210057	0.584264992137
4	1879	117.156670812917	0.4002
4	1890	118.441612726098	0.4002
4	1906	119.120397628507	0.4002
4	1911	119.320397628507	0.40644845481
4	1922	120.088263612362	0.4002
4	1943	120.559101873904	0.4002
4	1948	120.759101873904	0.460804888072
4	1953	120.959101873904	0.518757358851
4	1964	121.789176597355	0.4002
4	1983	122.257000907985	0.4002
4	1993	122.521284461314	0.4002
4	2000	122.721284461314	0.575745010902
4	2005	122.921284461314	0.401227466196
4	2024	123.506857046335	0.4002
4	2031	123.75645864299	0.4002
4	2036	123.95645864299	0.526486586123
4	2052	124.376172350799	0.4002
4	2057	124.576172350799	0.447564494228
4	2068	125.227539010939	0.4002
4	2079	126.507030909157	0.4002
4	2090	127.064068682571	0.4002
4	2107	127.871896307182	0.4002
4	2120	128.120846400946	0.4002
4	2127	128.320846400946	0.408302968722
4	2132	128.520846400946	0.448464814014
4	2143	129.312053658128	0.4002
4	2154	130.523610512282	0.4002
4	2171	132.113216067576	0.4002
4	2176	132.347067959069	0.4002
4	2190	133.707513189783	0.4002
4	2198	134.082333192368	0.4002
4	2217	135.154301234494	0.4002
4	2227	135.354301234494	0.537886852323
4	2239	135.554301234494	0.622061259466
4	2250	135.754301234494	0.589312679873
4	2258	135.954301234494	0.507926052128
4	2270	136.154301234494	0.649691996567
4	2275	136.354301234494	0.732857159883
4	2280	136.554301234494	0.659104744522
4	2285	136.754301234494	0.758359433752
4	2300	137.199195341035	0.4002
4	2305	137.399195341035	0.550669578444
4	2319	139.620210898849	0.4002
4	2327	139.988944913958	0.4002
4	2338	140.626873765359	0.4002
4	2355	141.108759754769	0.4002
4	2366	141.312701902661	0.4002
4	2371	141.549313261935	0.4002
4	2382	142.244277812343	0.4002
4	2393	143.921351519512	0.4002
4	2404	144.562362672851	0.4002
4	2415	145.470808036298	0.4002
4	2432	146.606165176537	0.4002
4	2437	146.841927760414	0.4002
4	2448	147.337821316704	0.4002
4	2459	148.114798217017	0.4002
4	2470	149.688114665461	0.4002
4	2484	150.675648336545	0.4002
4	2495	151.024701441306	0.4002
4	2509	151.42404578122	0.4002
4	2514	151.643053454521	0.4002
4	2525	152.318336567642	0.4002
4	2536	152.794074234947	0.4002
4	2547	154.230617780829	0.4002
4	2563	155.89256086311	0.4002
4	2568	156.09256086311	0.476122855809
4	2579	156.853209426464	0.4002
4	2590	158.708640498786	0.4002
4	2601	159.151320848172	0.4002
4	2612	160.349855202322	0.4002
4	2628	160.797154251108	0.4002
4	2633	160.997154251108	0.491374981181
4	2644	161.585994911943	0.4002
4	2658	162.115124533279	0.4002
4	2666	162.50108982044	0.4002
4	2677	163.574468155396	0.4002
4	2688	164.094422495583	0.4002
4	2699	164.965905798924	0.4002
4	2716	167.271143416909	0.4002
4	2721	167.523057784048	0.4002
4	2732	169.2743854321	0.4002
4	2743	170.853969130898	0.4002
4	2757	172.047937637417	0.4002
4	2769	172.412706351295	0.4002
4	2774	172.612706351295	0.511881250138
4	2785	174.4846474242	0.4002
4	2799	175.013165714026	0.4002
4	2813	175.360718469624	0.4002
4	2818	175.657365717789	0.4002
4	2829	176.541429839554	0.4002
4	2846	178.119692986191	0.4002
4	2857	178.351699765042	0.4002
4	2867	178.596366303505	0.4002
4	2872	178.796366303505	0.41277631587
4	2886	180.519460361614	0.4002
4	2902	180.864968584633	0.4002
4	2909	181.064968584633	0.423229033257
4	2920	181.264968584633	0.489392900847
4	2925	181.530286427393	0.4002
4	2936	182.254755384121	0.4002
4	2947	184.346417973896	0.4002
4	2958	184.785246029956	0.4002
4	2969	185.37354194301	0.4002
4	2980	186.052574333848	0.4002
4	2996	187.801357453018	0.4002
4	3001	188.001357453018	0.487817902739
4	3012	188.416860701401	0.4002
4	3032	189.974498147846	0.4002
4	3037	190.174498147846	0.431967980265
4	3042	190.374498147846	0.577180976102
4	3059	191.008810696202	0.4002
4	3064	191.242437662472	0.4002
4	3079	191.721651896284	0.4002
4	3090	191.921651896284	0.600088026209
4	3104	192.179463885971	0.4002
4	3114	192.379463885971	0.407041743204
4	3124	192.579463885971	0.511658501592
4	3129	192.779463885971	0.501422178012
4	3134	192.979463885971	0.5996584316
4	3145	194.420154339392	0.4002
4	3159	196.145016894894	0.4002
4	3167	196.46128880969	0.4002
4	3182	198.492467846925	0.4002
4	3187	198.692467846925	0.576243534828
5	18	0.529406927313	1
5	23	0.729406927313	1
5	31	0.929406927313	1
5	39	1.298493011456	1
5	55	1.702899748899	1
5	60	1.902899748899	1
5	71	2.682163057724	1
5	85	4.377051901931	1
5	97	4.731352782965	1
5	105	4.931352782965	1
5	122	5.23545724539	1
5	127	5.43545724539	1
5	132	5.63545724539	1
5	143	6.883416348047	1
5	154	7.317748995043	1
5	165	8.455081797456	1
5	180	10.303671540669	1
5	185	10.503671540669	1
5	196	11.603568038366	1
5	207	13.036574685952	1
5	218	13.887555804356	1
5	233	14.700661223757	1
5	241	14.900661223757	1
5	249	15.249726199282	1
5	260	16.707944328285	1
5	271	17.708246795098	1
5	282	18.973140220557	1
5	298	19.548989010188	1
5	303	19.748989010188	1
5	314	20.534002891845	1
5	325	21.184380153602	1
5	340	21.909974177271	1
5	345	22.109974177271	1
5	360	24.204229392566	1
5	365	24.404229392566	1
5	382	27.191917847991	1
5	387	27.439135276986	1
5	407	28.417738140537	1
5	412	28.617738140537	1
5	417	28.817738140537	1
5	428	29.470878343142	1
5	439	31.123075602872	1
5	453	32.23149634229	1
5	467	32.575463457448	1
5	480	32.850118954673	1
5	490	33.050118954673	1
5	501	33.250118954673	1
5	506	33.450118954673	1
5	511	33.650118954673	1
5	530	34.758488520297	1
5	535	34.958488520297	1
5	540	35.158488520297	1
5	551	35.735826231059	1
5	562	36.704912744325	1
5	573	37.299760158932	1
5	588	37.728706804323	1
5	593	37.928706804323	1
5	604	38.75997558014	1
5	622	39.184774437318	1
5	629	39.384774437318	1
5	634	39.584774437318	1
5	645	40.179620099115	1
5	659	41.404048901752	1
5	667	41.783807130937	1
5	678	42.606260918678	1
5	689	44.087925978321	1
5	704	44.686877726958	1
5	712	44.886877726958	1
5	720	45.255897380708	1
5	731	45.714850178758	1
5	742	47.650510833399	1
5	753	48.056964193094	1
5	764	50.863656247209	1
5	781	51.602072333823	1
5	786	51.870243726204	1
5	802	52.301776651554	1
5	810	52.501776651554	1
5	818	52.842191298824	1
5	834	53.876844141508	1
5	851	54.206965126759	1
5	863	54.406965126759	1
5	872	54.606965126759	1
5	880	54.806965126759	1
5	887	55.006965126759	1
5	903	55.206965126759	1
5	914	55.406965126759	1
5	923	55.606965126759	1
5	928	55.806965126759	1
5	933	56.006965126759	1
5	938	56.206965126759	1
5	943	56.406965126759	1
5	954	57.405410114496	1
5	965	58.420144222541	1
5	976	59.155780177961	1
5	987	60.688545903502	1
5	998	63.577458094523	1
5	1009	64.600044003627	1
5	1020	65.012274493385	1
5	1031	65.548604143465	1
5	1042	66.676119595657	1
5	1060	67.298273988879	1
5	1067	67.498273988879	1
5	1072	67.698273988879	1
5	1091	68.509112050035	1
5	1098	68.709112050035	1
5	1109	68.909112050035	1
5	1114	69.2004020599	1
5	1125	71.656244160248	1
5	1136	72.514148379446	1
5	1151	73.225952068203	1
5	1156	73.425952068203	1
5	1176	76.583016857096	1
5	1181	76.783016857096	1
5	1186	76.983016857096	1
5	1197	77.804253952478	1
5	1217	78.81563937918	1
5	1224	79.047433531623	1
5	1229	79.247433531623	1
5	1240	79.989727252281	1
5	1251	81.951518515342	1
5	1268	82.813920557711	1
5	1273	83.078846157117	1
5	1284	84.834912298544	1
5	1298	85.287766447917	1
5	1306	85.620158998304	1
5	1323	86.448900862434	1
5	1331	86.737402933325	1
5	1339	87.039706168535	1
5	1355	88.107541114601	1
5	1360	88.307541114601	1
5	1375	89.159669297398	1
5	1380	89.359669297398	1
5	1391	89.883304996676	1
5	1402	90.567140669384	1
5	1417	91.649931100777	1
5	1422	91.849931100777	1
5	1438	92.344680882287	1
5	1443	92.544680882287	1
5	1457	94.564945126668	1
5	1471	94.962357986999	1
5	1482	95.226438082596	1
5	1487	95.44402288814	1
5	1498	96.315266921019	1
5	1509	97.163426607833	1
5	1526	99.108489201351	1
5	1539	99.317315808322	1
5	1546	99.581873956704	1
5	1551	99.781873956704	1
5	1562	100.262364532411	1
5	1581	102.630908946224	1
5	1588	102.926779990064	1
5	1599	103.126779990064	1
5	1616	103.390163101511	1
5	1629	103.613204381203	1
5	1636	103.813204381203	1
5	1641	104.013204381203	1
5	1646	104.213204381203	1
5	1654	104.413204381203	1
5	1662	104.777079130453	1
5	1676	105.39123219742	1
5	1687	105.783095289952	1
5	1695	106.103636258488	1
5	1709	106.737431688993	1
5	1717	107.100894748858	1
5	1728	107.976371424336	1
5	1742	108.49393695868	1
5	1753	108.846513468673	1
5	1767	109.173901201999	1
5	1775	109.471770877569	1
5	1788	109.814000862355	1
5	1793	110.014000862355	1
5	1804	111.609702653301	1
5	1815	112.636221598624	1
5	1826	113.512860154353	1
5	1843	114.676350727824	1
5	1848	114.926276198885	1
5	1863	115.787565210057	1
5	1868	115.987565210057	1
5	1879	117.156670812917	1
5	1890	118.441612726098	1
5	1906	119.120397628507	1
5	1911	119.320397628507	1
5	1922	120.088263612362	1
5	1943	120.559101873904	1
5	1948	120.759101873904	1
5	1953	120.959101873904	1
5	1964	121.789176597355	1
5	1983	122.257000907985	1
5	1993	122.521284461314	1
5	2000	122.721284461314	1
5	2005	122.921284461314	1
5	2024	123.506857046335	1
5	2031	123.75645864299	1
5	2036	123.95645864299	1
5	2052	124.376172350799	1
5	2057	124.576172350799	1
5	2068	125.227539010939	1
5	2079	126.507030909157	1
5	2090	127.064068682571	1
5	2107	127.871896307182	1
5	2120	128.120846400946	1
5	2127	128.320846400946	1
5	2132	128.520846400946	1
5	2143	129.312053658128	1
5	2154	130.523610512282	1
5	2171	132.113216067576	1
5	2176	132.347067959069	1
5	2190	133.707513189783	1
5	2198	134.082333192368	1
5	2217	135.154301234494	1
5	2227	135.354301234494	1
5	2239	135.554301234494	1
5	2250	135.754301234494	1
5	2258	135.954301234494	1
5	2270	136.154301234494	1
5	2275	136.354301234494	1
5	2280	136.554301234494	1
5	2285	136.754301234494	1
5	2300	137.199195341035	1
5	2305	137.399195341035	1
5	2319	139.620210898849	1
5	2327	139.988944913958	1
5	2338	140.626873765359	1
5	2355	141.108759754769	1
5	2366	141.312701902661	1
5	2371	141.549313261935	1
5	2382	142.244277812343	1
5	2393	143.921351519512	1
5	2404	144.562362672851	1
5	2415	145.470808036298	1
5	2432	146.606165176537	1
5	2437	146.841927760414	1
5	2448	147.337821316704	1
5	2459	148.114798217017	1
5	2470	149.688114665461	1
5	2484	150.675648336545	1
5	2495	151.024701441306	1
5	2509	151.42404578122	1
5	2514	151.643053454521	1
5	2525	152.318336567642	1
5	2536	152.794074234947	1
5	2547	154.230617780829	1
5	2563	155.89256086311	1
5	2568	156.09256086311	1
5	2579	156.853209426464	1
5	2590	158.708640498786	1
5	2601	159.151320848172	1
5	2612	160.349855202322	1
5	2628	160.797154251108	1
5	2633	160.997154251108	1
5	2644	161.585994911943	1
5	2658	162.115124533279	1
5	2666	162.50108982044	1
5	2677	163.574468155396	1
5	2688	164.094422495583	1
5	2699	164.965905798924	1
5	2716	167.271143416909	1
5	2721	167.523057784048	1
5	2732	169.2743854321	1
5	2743	170.853969130898	1
5	2757	172.047937637417	1
5	2769	172.412706351295	1
5	2774	172.612706351295	1
5	2785	174.4846474242	1
5	2799	175.013165714026	1
5	2813	175.360718469624	1
5	2818	175.657365717789	1
5	2829	176.541429839554	1
5	2846	178.119692986191	1
5	2857	178.351699765042	1
5	2867	178.596366303505	1
5	2872	178.796366303505	1
5	2886	180.519460361614	1
5	2902	180.864968584633	1
5	2909	181.064968584633	1
5	2920	181.264968584633	1
5	2925	181.530286427393	1
5	2936	182.254755384121	1
5	2947	184.346417973896	1
5	2958	184.785246029956	1
5	2969	185.37354194301	1
5	2980	186.052574333848	1
5	2996	187.801357453018	1
5	3001	188.001357453018	1
5	3012	188.416860701401	1
5	3032	189.974498147846	1
5	3037	190.174498147846	1
5	3042	190.374498147846	1
5	3059	191.008810696202	1
5	3064	191.242437662472	1
5	3079	191.721651896284	1
5	3090	191.921651896284	1
5	3104	192.179463885971	1
5	3114	192.379463885971	1
5	3124	192.579463885971	1
5	3129	192.779463885971	1
5	3134	192.979463885971	1
5	3145	194.420154339392	1
5	3159	196.145016894894	1
5	3167	196.46128880969	1
5	3182	198.492467846925	1
5	3187	198.692467846925	1

