version 3
run BaseVersion-7-20240511-20:48:36-11938
attr configname BaseVersion
attr datetime 20240511-20:48:36
attr datetimef 20240511-204836
attr experiment BaseVersion
attr inifile omnetpp.ini
attr iterationvars $genInterval=0.45
attr iterationvarsd genInterval=0.45
attr iterationvarsf genInterval=0.45-
attr measurement $genInterval=0.45
attr network Network
attr processid 11938
attr repetition 0
attr replication #0
attr resultdir results
attr runnumber 7
attr seedset 7
itervar genInterval 0.45
config network Network
config sim-time-limit 200s
config Network.nodeTx.gen.generationInterval exponential(0.45)
config Network.nodeTx.gen.packetByteSize 12500
config Network.nodeTx.queue.bufferSize 200
config Network.nodeRx.queue.bufferSize 200
config Network.queue.bufferSize 200

vector 0 Network.nodeTx.gen packetGen ETV
vector 1 Network.nodeTx.queue bufferSize ETV
vector 2 Network.queue bufferSize ETV
vector 3 Network.nodeRx.queue bufferSize ETV
vector 4 Network.nodeRx.sink Delay ETV
vector 5 Network.nodeRx.sink packetUsed ETV
0	1	0.035719610161	1
0	7	0.151781348769	1
0	22	0.832972759363	1
0	28	1.005841245725	1
0	38	1.265483079315	1
0	54	2.987586342986	1
0	65	3.566024683246	1
0	71	3.839644161821	1
0	87	5.556950543495	1
0	93	5.722635041323	1
0	106	6.070603967185	1
0	114	6.208461326522	1
0	124	6.521387107751	1
0	127	6.562219398936	1
0	132	6.595869790744	1
0	146	6.840510205238	1
0	153	6.981168798916	1
0	156	6.988386028337	1
0	170	7.300196520684	1
0	185	7.637821662849	1
0	202	8.14948556524	1
0	218	9.063455140093	1
0	229	9.796194676594	1
0	235	9.976973609014	1
0	243	10.192773318821	1
0	255	10.417382471425	1
0	258	10.448077281643	1
0	278	10.95291967659	1
0	286	11.105866524102	1
0	301	11.607935762553	1
0	312	12.68948349699	1
0	323	13.222406520743	1
0	329	13.330414080529	1
0	334	13.521487029098	1
0	347	13.79225482576	1
0	364	14.985898952908	1
0	375	16.190386541671	1
0	381	16.327457797499	1
0	384	16.338804302809	1
0	403	16.964011772693	1
0	416	17.376960563232	1
0	422	17.509363555764	1
0	437	18.858610037297	1
0	448	19.716214642172	1
0	454	19.834005830583	1
0	457	19.920056803444	1
0	471	20.277877711416	1
0	488	20.981808264271	1
0	499	22.061046600963	1
0	510	23.309643723647	1
0	513	23.373954015211	1
0	523	23.642020977931	1
0	535	23.975517826005	1
0	546	24.194021334956	1
0	562	24.818592147806	1
0	568	25.017649614839	1
0	583	25.515204226129	1
0	586	25.611896795848	1
0	596	25.895688101886	1
0	601	25.943337383307	1
0	608	26.046487895639	1
0	621	26.343042549291	1
0	634	26.646723892614	1
0	649	27.074741388721	1
0	657	27.284363926629	1
0	673	28.64382120353	1
0	679	28.935844713769	1
0	690	29.128836879712	1
0	698	29.333826930782	1
0	708	29.479480706004	1
0	725	30.298324487445	1
0	731	30.564501362591	1
0	747	31.223217115421	1
0	758	32.648832270042	1
0	764	32.818423724132	1
0	767	32.907494514782	1
0	783	33.290036913515	1
0	789	33.359330491514	1
0	798	33.504694730008	1
0	801	33.543935651184	1
0	815	33.815294366864	1
0	827	34.171866413508	1
0	837	34.367785408784	1
0	847	34.534900549144	1
0	865	35.016936110896	1
0	873	35.166465987172	1
0	881	35.374632785712	1
0	898	36.516834348751	1
0	904	36.793362891904	1
0	915	37.048962720849	1
0	931	37.620712347547	1
0	937	37.86487638907	1
0	948	38.104598831573	1
0	964	40.032743192377	1
0	975	41.098781257407	1
0	986	41.808788513528	1
0	989	41.898339346338	1
0	996	42.087580434693	1
0	1016	42.695704274488	1
0	1022	42.856426032175	1
0	1032	43.103398968968	1
0	1046	43.418888984384	1
0	1054	43.669051360135	1
0	1070	44.108336364322	1
0	1081	44.561108533968	1
0	1092	45.042583390674	1
0	1101	45.375602363257	1
0	1109	45.510574416617	1
0	1117	45.751751262892	1
0	1129	45.985539082104	1
0	1132	45.986181636329	1
0	1149	46.48135991973	1
0	1155	46.524919862627	1
0	1167	46.785437631153	1
0	1184	47.341542331563	1
0	1195	48.02646379775	1
0	1204	48.360842475	1
0	1217	48.880144860023	1
0	1228	49.416209857574	1
0	1239	50.016673757269	1
0	1250	51.416873311487	1
0	1259	51.719369409334	1
0	1272	52.236231211355	1
0	1283	53.621748455086	1
0	1286	53.646314895816	1
0	1288	53.721432340533	1
0	1295	53.887663366859	1
0	1314	54.358951841837	1
0	1329	54.763027868952	1
0	1340	55.129831606904	1
0	1348	55.250448187886	1
0	1363	56.163493047559	1
0	1374	57.671703650733	1
0	1377	57.741476345989	1
0	1394	59.047061013201	1
0	1400	59.314376294578	1
0	1416	60.163308323124	1
0	1427	60.64775908931	1
0	1433	60.935431854511	1
0	1449	61.423164874644	1
0	1460	62.251999063175	1
0	1471	63.072647341003	1
0	1474	63.135890107872	1
0	1486	63.478105718544	1
0	1495	63.644259258506	1
0	1498	63.662463294031	1
0	1511	63.94225100636	1
0	1517	63.987467779032	1
0	1538	64.596859401872	1
0	1551	65.31862698628	1
0	1557	65.617963407088	1
0	1568	65.849629878952	1
0	1571	65.915868550724	1
0	1591	66.432075317623	1
0	1599	66.621475019632	1
0	1612	66.935125730777	1
0	1620	67.11161250397	1
0	1630	67.339372355687	1
0	1639	67.500145453685	1
0	1656	68.193560828284	1
0	1659	68.274976723314	1
0	1676	69.635245102215	1
0	1682	69.87643409342	1
0	1691	70.010689279249	1
0	1703	70.27818090859	1
0	1717	70.608356126615	1
0	1730	71.279401616994	1
0	1741	72.190983771877	1
0	1752	72.90718232026	1
0	1758	73.183934302838	1
0	1772	73.516466775895	1
0	1775	73.568909788847	1
0	1787	73.846719101755	1
0	1804	74.568726579166	1
0	1815	75.246444822628	1
0	1824	75.556492136793	1
0	1837	76.538809668011	1
0	1840	76.637638266249	1
0	1857	77.143294347747	1
0	1868	78.082930180258	1
0	1879	78.808256392679	1
0	1885	78.948752302395	1
0	1900	80.208171167915	1
0	1906	80.329858505805	1
0	1909	80.348535919398	1
0	1918	80.558307796282	1
0	1940	81.496481228561	1
0	1946	81.715902794873	1
0	1955	81.861586656199	1
0	1962	81.981010649088	1
0	1975	82.27162707373	1
0	1980	82.35861974546	1
0	2001	83.075637344912	1
0	2007	83.304389608018	1
0	2023	83.87281371291	1
0	2034	84.702082248292	1
0	2037	84.773708185237	1
0	2054	85.46904776646	1
0	2065	85.952858442193	1
0	2076	86.413578892566	1
0	2079	86.445873947407	1
0	2089	86.7542197314	1
0	2099	86.952993911124	1
0	2111	87.241291196128	1
0	2127	87.99537219957	1
0	2133	88.284677354767	1
0	2144	88.535822530619	1
0	2160	89.829519463799	1
0	2171	90.241686561866	1
0	2182	90.844076791971	1
0	2193	91.430222654293	1
0	2196	91.449330500279	1
0	2213	92.224069326214	1
0	2224	92.862128981482	1
0	2235	93.505298233236	1
0	2244	93.829439944054	1
0	2247	93.832665954498	1
0	2251	93.921105790012	1
0	2263	94.166432329054	1
0	2273	94.390344659357	1
0	2285	94.670249554275	1
0	2305	95.933240413193	1
0	2308	95.958934993116	1
0	2313	96.066675600303	1
0	2324	96.417526550538	1
0	2344	97.172731059356	1
0	2355	97.593890019692	1
0	2361	97.826506335108	1
0	2377	98.619810952936	1
0	2386	99.017445432198	1
0	2399	100.29725858318	1
0	2402	100.389865679272	1
0	2407	100.451576618565	1
0	2428	101.20444025186	1
0	2434	101.322306156441	1
0	2447	101.713590268147	1
0	2460	102.19794210854	1
0	2466	102.464465996966	1
0	2472	102.528415396594	1
0	2491	103.248366200401	1
0	2497	103.362533044222	1
0	2507	103.716169512213	1
0	2521	104.101073793115	1
0	2529	104.344974190317	1
0	2535	104.428564353962	1
0	2537	104.437268490482	1
0	2561	105.123210916019	1
0	2574	105.641294674842	1
0	2585	106.516427762279	1
0	2594	106.81775763452	1
0	2597	106.833172043134	1
0	2604	106.94531420229	1
0	2615	107.287613774329	1
0	2630	107.647485609782	1
0	2646	108.36492497536	1
0	2655	108.697646841699	1
0	2668	110.360163896084	1
0	2677	110.661014537366	1
0	2685	110.8052672202	1
0	2690	110.942611767623	1
0	2696	111.025972968044	1
0	2712	111.363141892023	1
0	2729	112.305055964651	1
0	2740	114.179173976138	1
0	2751	115.2586802787	1
0	2762	115.698165552626	1
0	2765	115.797194535683	1
0	2780	116.244069514328	1
0	2788	116.506218775233	1
0	2804	117.589658797706	1
0	2815	118.161260982925	1
0	2826	119.63903133103	1
0	2837	120.478983082488	1
0	2846	120.874855858632	1
0	2851	120.957770066199	1
0	2856	121.038860559947	1
0	2872	121.530950011941	1
0	2883	121.754560294038	1
0	2899	122.496791772739	1
0	2910	123.798354898024	1
0	2919	124.15739757685	1
0	2927	124.346697656679	1
0	2930	124.427690583133	1
0	2951	124.977148903941	1
0	2954	124.993427793221	1
0	2961	125.27312367692	1
0	2971	125.421910165703	1
0	2981	125.641982194674	1
0	3001	126.384296552084	1
0	3010	126.722558472093	1
0	3013	126.743168117239	1
0	3032	127.519072180053	1
0	3035	127.522784879588	1
0	3047	127.980628236395	1
0	3058	128.182595574018	1
0	3074	129.076728674911	1
0	3077	129.106310028989	1
0	3089	129.561855894951	1
0	3095	129.634717535846	1
0	3114	132.901827525264	1
0	3117	132.912386096492	1
0	3127	133.240595844098	1
0	3139	133.575328717942	1
0	3150	133.753945700963	1
0	3165	134.290804417295	1
0	3168	134.337603684034	1
0	3175	134.588236998845	1
0	3190	134.964652202139	1
0	3196	135.029690394704	1
0	3203	135.138741811753	1
0	3212	135.319869204071	1
0	3215	135.325206585909	1
0	3231	135.726805495823	1
0	3241	135.886805065543	1
0	3263	137.157827896682	1
0	3266	137.175718715803	1
0	3283	139.380978450078	1
0	3294	141.063371215622	1
0	3300	141.187817892106	1
0	3310	141.548601796819	1
0	3313	141.55338812017	1
0	3318	141.586876123813	1
0	3344	142.385954887254	1
0	3350	142.572983079001	1
0	3365	143.748386518149	1
0	3371	143.873604910722	1
0	3381	144.149726412056	1
0	3384	144.200829147212	1
0	3406	144.865014200714	1
0	3417	145.527015638906	1
0	3428	146.432146512543	1
0	3434	146.626415475275	1
0	3449	147.049695079471	1
0	3452	147.143211853776	1
0	3469	148.070498460104	1
0	3480	149.167536824854	1
0	3483	149.178423826076	1
0	3500	150.066880690653	1
0	3506	150.209484959262	1
0	3514	150.438530921734	1
0	3524	150.584623338009	1
0	3536	150.940303070729	1
0	3542	150.998151604843	1
0	3554	151.267485540977	1
0	3571	152.35464252832	1
0	3582	152.886930075894	1
0	3585	152.90084055002	1
0	3590	153.009111756794	1
0	3606	153.51151586941	1
0	3617	153.687585014005	1
0	3620	153.720890527469	1
0	3641	154.326888378476	1
0	3647	154.528266693949	1
0	3650	154.618982478318	1
0	3665	154.862637626523	1
0	3682	155.398497519886	1
0	3685	155.488571750683	1
0	3697	155.825216718571	1
0	3711	156.156454579857	1
0	3716	156.25602119798	1
0	3728	156.600586266247	1
0	3744	157.073603219699	1
0	3750	157.245199320512	1
0	3760	157.566001553252	1
0	3776	158.167172809371	1
0	3787	158.69280966132	1
0	3790	158.771377133816	1
0	3802	159.154765495115	1
0	3808	159.250985572914	1
0	3827	159.91257132448	1
0	3833	160.109557536257	1
0	3843	160.334245226994	1
0	3854	160.548184261551	1
0	3870	161.981088551471	1
0	3876	162.085052907803	1
0	3891	163.803635783099	1
0	3902	164.933010915849	1
0	3908	165.037312898249	1
0	3923	165.829675135228	1
0	3929	166.120494873367	1
0	3935	166.171358678112	1
0	3954	166.874000573055	1
0	3960	167.081549476497	1
0	3963	167.143151277683	1
0	3971	167.262329164835	1
0	3994	168.051822853294	1
0	4000	168.321732864067	1
0	4009	168.443713793811	1
0	4016	168.589244730351	1
0	4036	169.859541892446	1
0	4045	170.173087270066	1
0	4058	170.946395050428	1
0	4069	172.097859238525	1
0	4072	172.121775477186	1
0	4079	172.338717892458	1
0	4082	172.339553257325	1
0	4101	172.812138237956	1
0	4106	172.899782757867	1
0	4122	173.307214105355	1
0	4136	173.655114744704	1
0	4149	174.282477423566	1
0	4158	174.629978870198	1
0	4161	174.658620742844	1
0	4173	174.981256301105	1
0	4190	175.59586652569	1
0	4196	175.720659247105	1
0	4211	177.03641161648	1
0	4214	177.039199762863	1
0	4226	177.455553009472	1
0	4242	178.063933963411	1
0	4248	178.216523370877	1
0	4258	178.485308324389	1
0	4274	178.987448906036	1
0	4285	179.922171208559	1
0	4296	180.48240510807	1
0	4302	180.702597920636	1
0	4318	181.183388482031	1
0	4321	181.185264461013	1
0	4323	181.25677578199	1
0	4328	181.328170982682	1
0	4356	182.961531091736	1
0	4359	182.978341888908	1
0	4376	184.37768458421	1
0	4382	184.520660059451	1
0	4390	184.769390454481	1
0	4400	184.906484101047	1
0	4415	185.311713257473	1
0	4428	185.734568419153	1
0	4431	185.752764244606	1
0	4433	185.824995880025	1
0	4457	187.839717096408	1
0	4463	187.944481248237	1
0	4478	188.713013897477	1
0	4489	189.287903746671	1
0	4500	189.743295842301	1
0	4506	189.883431252257	1
0	4521	190.52767212152	1
0	4524	190.619669824629	1
0	4529	190.713401130482	1
0	4550	191.461576443234	1
0	4556	191.627028081104	1
0	4559	191.669979423781	1
0	4566	191.7972777285	1
0	4570	191.859774816085	1
0	4588	192.267682708797	1
0	4606	192.779861453095	1
0	4609	192.823244204312	1
0	4621	193.091941581746	1
0	4638	194.108771133603	1
0	4644	194.330956018023	1
0	4655	194.610140403581	1
0	4671	195.098054305541	1
0	4677	195.362856421852	1
0	4680	195.367598915635	1
0	4685	195.41737298622	1
0	4692	195.553794980961	1
0	4713	196.073490096313	1
0	4730	196.701365986808	1
0	4741	197.465326498819	1
0	4752	198.712906793004	1
0	4763	199.159773559364	1
0	4774	199.666491055416	1
0	4780	199.791186829635	1
1	2	0.035719610161	1
1	8	0.151781348769	1
1	23	0.832972759363	1
1	29	1.005841245725	1
1	39	1.265483079315	1
1	55	2.987586342986	1
1	66	3.566024683246	1
1	72	3.839644161821	1
1	88	5.556950543495	1
1	94	5.722635041323	1
1	107	6.070603967185	1
1	115	6.208461326522	1
1	125	6.521387107751	1
1	128	6.562219398936	1
1	133	6.595869790744	2
1	147	6.840510205238	1
1	154	6.981168798916	1
1	157	6.988386028337	1
1	171	7.300196520684	1
1	186	7.637821662849	1
1	203	8.14948556524	1
1	219	9.063455140093	1
1	230	9.796194676594	1
1	236	9.976973609014	1
1	244	10.192773318821	1
1	256	10.417382471425	1
1	259	10.448077281643	1
1	279	10.95291967659	1
1	287	11.105866524102	1
1	302	11.607935762553	1
1	313	12.68948349699	1
1	324	13.222406520743	1
1	330	13.330414080529	1
1	335	13.521487029098	1
1	348	13.79225482576	1
1	365	14.985898952908	1
1	376	16.190386541671	1
1	382	16.327457797499	1
1	385	16.338804302809	1
1	404	16.964011772693	1
1	417	17.376960563232	1
1	423	17.509363555764	1
1	438	18.858610037297	1
1	449	19.716214642172	1
1	455	19.834005830583	1
1	458	19.920056803444	1
1	472	20.277877711416	1
1	489	20.981808264271	1
1	500	22.061046600963	1
1	511	23.309643723647	1
1	514	23.373954015211	1
1	524	23.642020977931	1
1	536	23.975517826005	1
1	547	24.194021334956	1
1	563	24.818592147806	1
1	569	25.017649614839	1
1	584	25.515204226129	1
1	587	25.611896795848	1
1	597	25.895688101886	1
1	602	25.943337383307	1
1	609	26.046487895639	1
1	622	26.343042549291	1
1	635	26.646723892614	1
1	650	27.074741388721	1
1	658	27.284363926629	1
1	674	28.64382120353	1
1	680	28.935844713769	1
1	691	29.128836879712	1
1	699	29.333826930782	1
1	709	29.479480706004	1
1	726	30.298324487445	1
1	732	30.564501362591	1
1	748	31.223217115421	1
1	759	32.648832270042	1
1	765	32.818423724132	1
1	768	32.907494514782	1
1	784	33.290036913515	1
1	790	33.359330491514	1
1	799	33.504694730008	1
1	802	33.543935651184	1
1	816	33.815294366864	1
1	828	34.171866413508	1
1	838	34.367785408784	1
1	848	34.534900549144	1
1	866	35.016936110896	1
1	874	35.166465987172	1
1	882	35.374632785712	1
1	899	36.516834348751	1
1	905	36.793362891904	1
1	916	37.048962720849	1
1	932	37.620712347547	1
1	938	37.86487638907	1
1	949	38.104598831573	1
1	965	40.032743192377	1
1	976	41.098781257407	1
1	987	41.808788513528	1
1	990	41.898339346338	1
1	997	42.087580434693	1
1	1017	42.695704274488	1
1	1023	42.856426032175	1
1	1033	43.103398968968	1
1	1047	43.418888984384	1
1	1055	43.669051360135	1
1	1071	44.108336364322	1
1	1082	44.561108533968	1
1	1093	45.042583390674	1
1	1102	45.375602363257	1
1	1110	45.510574416617	1
1	1118	45.751751262892	1
1	1130	45.985539082104	1
1	1133	45.986181636329	1
1	1150	46.48135991973	1
1	1156	46.524919862627	1
1	1168	46.785437631153	1
1	1185	47.341542331563	1
1	1196	48.02646379775	1
1	1205	48.360842475	1
1	1218	48.880144860023	1
1	1229	49.416209857574	1
1	1240	50.016673757269	1
1	1251	51.416873311487	1
1	1260	51.719369409334	1
1	1273	52.236231211355	1
1	1284	53.621748455086	1
1	1287	53.646314895816	1
1	1289	53.721432340533	2
1	1296	53.887663366859	1
1	1315	54.358951841837	1
1	1330	54.763027868952	1
1	1341	55.129831606904	1
1	1349	55.250448187886	1
1	1364	56.163493047559	1
1	1375	57.671703650733	1
1	1378	57.741476345989	1
1	1395	59.047061013201	1
1	1401	59.314376294578	1
1	1417	60.163308323124	1
1	1428	60.64775908931	1
1	1434	60.935431854511	1
1	1450	61.423164874644	1
1	1461	62.251999063175	1
1	1472	63.072647341003	1
1	1475	63.135890107872	1
1	1487	63.478105718544	1
1	1496	63.644259258506	1
1	1499	63.662463294031	1
1	1512	63.94225100636	1
1	1518	63.987467779032	1
1	1539	64.596859401872	1
1	1552	65.31862698628	1
1	1558	65.617963407088	1
1	1569	65.849629878952	1
1	1572	65.915868550724	1
1	1592	66.432075317623	1
1	1600	66.621475019632	1
1	1613	66.935125730777	1
1	1621	67.11161250397	1
1	1631	67.339372355687	1
1	1640	67.500145453685	1
1	1657	68.193560828284	1
1	1660	68.274976723314	1
1	1677	69.635245102215	1
1	1683	69.87643409342	1
1	1692	70.010689279249	1
1	1704	70.27818090859	1
1	1718	70.608356126615	1
1	1731	71.279401616994	1
1	1742	72.190983771877	1
1	1753	72.90718232026	1
1	1759	73.183934302838	1
1	1773	73.516466775895	1
1	1776	73.568909788847	1
1	1788	73.846719101755	1
1	1805	74.568726579166	1
1	1816	75.246444822628	1
1	1825	75.556492136793	1
1	1838	76.538809668011	1
1	1841	76.637638266249	1
1	1858	77.143294347747	1
1	1869	78.082930180258	1
1	1880	78.808256392679	1
1	1886	78.948752302395	1
1	1901	80.208171167915	1
1	1907	80.329858505805	1
1	1910	80.348535919398	1
1	1919	80.558307796282	1
1	1941	81.496481228561	1
1	1947	81.715902794873	1
1	1956	81.861586656199	1
1	1963	81.981010649088	1
1	1976	82.27162707373	1
1	1981	82.35861974546	1
1	2002	83.075637344912	1
1	2008	83.304389608018	1
1	2024	83.87281371291	1
1	2035	84.702082248292	1
1	2038	84.773708185237	1
1	2055	85.46904776646	1
1	2066	85.952858442193	1
1	2077	86.413578892566	1
1	2080	86.445873947407	1
1	2090	86.7542197314	1
1	2100	86.952993911124	1
1	2112	87.241291196128	1
1	2128	87.99537219957	1
1	2134	88.284677354767	1
1	2145	88.535822530619	1
1	2161	89.829519463799	1
1	2172	90.241686561866	1
1	2183	90.844076791971	1
1	2194	91.430222654293	1
1	2197	91.449330500279	1
1	2214	92.224069326214	1
1	2225	92.862128981482	1
1	2236	93.505298233236	1
1	2245	93.829439944054	1
1	2248	93.832665954498	1
1	2252	93.921105790012	2
1	2264	94.166432329054	1
1	2274	94.390344659357	1
1	2286	94.670249554275	1
1	2306	95.933240413193	1
1	2309	95.958934993116	1
1	2314	96.066675600303	1
1	2325	96.417526550538	1
1	2345	97.172731059356	1
1	2356	97.593890019692	1
1	2362	97.826506335108	1
1	2378	98.619810952936	1
1	2387	99.017445432198	1
1	2400	100.29725858318	1
1	2403	100.389865679272	1
1	2408	100.451576618565	1
1	2429	101.20444025186	1
1	2435	101.322306156441	1
1	2448	101.713590268147	1
1	2461	102.19794210854	1
1	2467	102.464465996966	1
1	2473	102.528415396594	1
1	2492	103.248366200401	1
1	2498	103.362533044222	1
1	2508	103.716169512213	1
1	2522	104.101073793115	1
1	2530	104.344974190317	1
1	2536	104.428564353962	1
1	2538	104.437268490482	2
1	2562	105.123210916019	1
1	2575	105.641294674842	1
1	2586	106.516427762279	1
1	2595	106.81775763452	1
1	2598	106.833172043134	1
1	2605	106.94531420229	1
1	2616	107.287613774329	1
1	2631	107.647485609782	1
1	2647	108.36492497536	1
1	2656	108.697646841699	1
1	2669	110.360163896084	1
1	2678	110.661014537366	1
1	2686	110.8052672202	1
1	2691	110.942611767623	1
1	2697	111.025972968044	1
1	2713	111.363141892023	1
1	2730	112.305055964651	1
1	2741	114.179173976138	1
1	2752	115.2586802787	1
1	2763	115.698165552626	1
1	2766	115.797194535683	1
1	2781	116.244069514328	1
1	2789	116.506218775233	1
1	2805	117.589658797706	1
1	2816	118.161260982925	1
1	2827	119.63903133103	1
1	2838	120.478983082488	1
1	2847	120.874855858632	1
1	2852	120.957770066199	1
1	2857	121.038860559947	1
1	2873	121.530950011941	1
1	2884	121.754560294038	1
1	2900	122.496791772739	1
1	2911	123.798354898024	1
1	2920	124.15739757685	1
1	2928	124.346697656679	1
1	2931	124.427690583133	1
1	2952	124.977148903941	1
1	2955	124.993427793221	1
1	2962	125.27312367692	1
1	2972	125.421910165703	1
1	2982	125.641982194674	1
1	3002	126.384296552084	1
1	3011	126.722558472093	1
1	3014	126.743168117239	1
1	3033	127.519072180053	1
1	3036	127.522784879588	1
1	3048	127.980628236395	1
1	3059	128.182595574018	1
1	3075	129.076728674911	1
1	3078	129.106310028989	1
1	3090	129.561855894951	1
1	3096	129.634717535846	1
1	3115	132.901827525264	1
1	3118	132.912386096492	1
1	3128	133.240595844098	1
1	3140	133.575328717942	1
1	3151	133.753945700963	1
1	3166	134.290804417295	1
1	3169	134.337603684034	1
1	3176	134.588236998845	1
1	3191	134.964652202139	1
1	3197	135.029690394704	1
1	3204	135.138741811753	1
1	3213	135.319869204071	1
1	3216	135.325206585909	1
1	3232	135.726805495823	1
1	3242	135.886805065543	1
1	3264	137.157827896682	1
1	3267	137.175718715803	1
1	3284	139.380978450078	1
1	3295	141.063371215622	1
1	3301	141.187817892106	1
1	3311	141.548601796819	1
1	3314	141.55338812017	1
1	3319	141.586876123813	2
1	3345	142.385954887254	1
1	3351	142.572983079001	1
1	3366	143.748386518149	1
1	3372	143.873604910722	1
1	3382	144.149726412056	1
1	3385	144.200829147212	1
1	3407	144.865014200714	1
1	3418	145.527015638906	1
1	3429	146.432146512543	1
1	3435	146.626415475275	1
1	3450	147.049695079471	1
1	3453	147.143211853776	1
1	3470	148.070498460104	1
1	3481	149.167536824854	1
1	3484	149.178423826076	1
1	3501	150.066880690653	1
1	3507	150.209484959262	1
1	3515	150.438530921734	1
1	3525	150.584623338009	1
1	3537	150.940303070729	1
1	3543	150.998151604843	1
1	3555	151.267485540977	1
1	3572	152.35464252832	1
1	3583	152.886930075894	1
1	3586	152.90084055002	1
1	3591	153.009111756794	1
1	3607	153.51151586941	1
1	3618	153.687585014005	1
1	3621	153.720890527469	1
1	3642	154.326888378476	1
1	3648	154.528266693949	1
1	3651	154.618982478318	1
1	3666	154.862637626523	1
1	3683	155.398497519886	1
1	3686	155.488571750683	1
1	3698	155.825216718571	1
1	3712	156.156454579857	1
1	3717	156.25602119798	1
1	3729	156.600586266247	1
1	3745	157.073603219699	1
1	3751	157.245199320512	1
1	3761	157.566001553252	1
1	3777	158.167172809371	1
1	3788	158.69280966132	1
1	3791	158.771377133816	1
1	3803	159.154765495115	1
1	3809	159.250985572914	1
1	3828	159.91257132448	1
1	3834	160.109557536257	1
1	3844	160.334245226994	1
1	3855	160.548184261551	1
1	3871	161.981088551471	1
1	3877	162.085052907803	1
1	3892	163.803635783099	1
1	3903	164.933010915849	1
1	3909	165.037312898249	1
1	3924	165.829675135228	1
1	3930	166.120494873367	1
1	3936	166.171358678112	1
1	3955	166.874000573055	1
1	3961	167.081549476497	1
1	3964	167.143151277683	1
1	3972	167.262329164835	1
1	3995	168.051822853294	1
1	4001	168.321732864067	1
1	4010	168.443713793811	1
1	4017	168.589244730351	1
1	4037	169.859541892446	1
1	4046	170.173087270066	1
1	4059	170.946395050428	1
1	4070	172.097859238525	1
1	4073	172.121775477186	1
1	4080	172.338717892458	1
1	4083	172.339553257325	1
1	4102	172.812138237956	1
1	4107	172.899782757867	1
1	4123	173.307214105355	1
1	4137	173.655114744704	1
1	4150	174.282477423566	1
1	4159	174.629978870198	1
1	4162	174.658620742844	1
1	4174	174.981256301105	1
1	4191	175.59586652569	1
1	4197	175.720659247105	1
1	4212	177.03641161648	1
1	4215	177.039199762863	1
1	4227	177.455553009472	1
1	4243	178.063933963411	1
1	4249	178.216523370877	1
1	4259	178.485308324389	1
1	4275	178.987448906036	1
1	4286	179.922171208559	1
1	4297	180.48240510807	1
1	4303	180.702597920636	1
1	4319	181.183388482031	1
1	4322	181.185264461013	1
1	4324	181.25677578199	2
1	4329	181.328170982682	2
1	4357	182.961531091736	1
1	4360	182.978341888908	1
1	4377	184.37768458421	1
1	4383	184.520660059451	1
1	4391	184.769390454481	1
1	4401	184.906484101047	1
1	4416	185.311713257473	1
1	4429	185.734568419153	1
1	4432	185.752764244606	1
1	4434	185.824995880025	2
1	4458	187.839717096408	1
1	4464	187.944481248237	1
1	4479	188.713013897477	1
1	4490	189.287903746671	1
1	4501	189.743295842301	1
1	4507	189.883431252257	1
1	4522	190.52767212152	1
1	4525	190.619669824629	1
1	4530	190.713401130482	1
1	4551	191.461576443234	1
1	4557	191.627028081104	1
1	4560	191.669979423781	1
1	4567	191.7972777285	1
1	4571	191.859774816085	1
1	4589	192.267682708797	1
1	4607	192.779861453095	1
1	4610	192.823244204312	1
1	4622	193.091941581746	1
1	4639	194.108771133603	1
1	4645	194.330956018023	1
1	4656	194.610140403581	1
1	4672	195.098054305541	1
1	4678	195.362856421852	1
1	4681	195.367598915635	1
1	4686	195.41737298622	2
1	4693	195.553794980961	2
1	4714	196.073490096313	1
1	4731	196.701365986808	1
1	4742	197.465326498819	1
1	4753	198.712906793004	1
1	4764	199.159773559364	1
1	4775	199.666491055416	1
1	4781	199.791186829635	1
2	5	0.135819610161	1
2	11	0.251881348769	1
2	26	0.933072759363	1
2	32	1.105941245725	1
2	45	1.365583079315	1
2	58	3.087686342986	1
2	69	3.666124683246	1
2	78	3.939744161821	1
2	91	5.657050543495	1
2	97	5.822735041323	1
2	112	6.170703967185	1
2	118	6.308561326522	1
2	135	6.621487107751	1
2	140	6.721487107751	1
2	143	6.821487107751	1
2	152	6.940610205238	2
2	162	7.081268798916	2
2	166	7.181268798916	3
2	176	7.400296520684	3
2	191	7.737921662849	2
2	209	8.24958556524	1
2	222	9.163555140093	1
2	233	9.896294676594	1
2	239	10.077073609014	1
2	249	10.292873318821	1
2	264	10.517482471425	1
2	269	10.617482471425	1
2	284	11.05301967659	1
2	290	11.205966524102	1
2	305	11.708035762553	1
2	316	12.78958349699	1
2	327	13.322506520743	1
2	333	13.430514080529	1
2	341	13.621587029098	1
2	353	13.89235482576	1
2	368	15.085998952908	1
2	379	16.290486541671	1
2	387	16.427557797499	1
2	392	16.527557797499	1
2	409	17.064111772693	1
2	420	17.477060563232	1
2	426	17.609463555764	1
2	441	18.958710037297	1
2	452	19.816314642172	1
2	460	19.934105830583	1
2	465	20.034105830583	1
2	477	20.377977711416	1
2	492	21.081908264271	1
2	503	22.161146600963	1
2	516	23.409743723647	1
2	519	23.509743723647	1
2	529	23.742120977931	1
2	542	24.075617826005	1
2	553	24.294121334956	1
2	566	24.918692147806	1
2	572	25.117749614839	1
2	589	25.615304226129	1
2	592	25.715304226129	1
2	604	25.995788101886	1
2	611	26.095788101886	1
2	615	26.195788101886	2
2	628	26.443142549291	1
2	640	26.746823892614	1
2	655	27.174841388721	1
2	664	27.384463926629	1
2	677	28.74392120353	1
2	686	29.035944713769	1
2	694	29.228936879712	1
2	704	29.433926930782	1
2	714	29.579580706004	1
2	729	30.398424487445	1
2	738	30.664601362591	1
2	751	31.323317115421	1
2	762	32.748932270042	1
2	770	32.918523724132	1
2	775	33.018523724132	1
2	792	33.390136913515	1
2	797	33.490136913515	1
2	807	33.604794730008	1
2	811	33.704794730008	2
2	821	33.915394366864	2
2	834	34.271966413508	1
2	844	34.467885408784	1
2	854	34.635000549144	1
2	871	35.117036110896	1
2	877	35.266565987172	1
2	887	35.474732785712	1
2	902	36.616934348751	1
2	911	36.893462891904	1
2	922	37.149062720849	1
2	935	37.720812347547	1
2	944	37.96497638907	1
2	955	38.204698831573	1
2	968	40.132843192377	1
2	979	41.198881257407	1
2	992	41.908888513528	1
2	995	42.008888513528	1
2	1003	42.187680434693	1
2	1020	42.795804274488	1
2	1026	42.956526032175	1
2	1039	43.203498968968	1
2	1052	43.518988984384	1
2	1061	43.769151360135	1
2	1074	44.208436364322	1
2	1085	44.661208533968	1
2	1096	45.142683390674	1
2	1107	45.475702363257	1
2	1113	45.610674416617	1
2	1123	45.851851262892	1
2	1138	46.085639082104	1
2	1143	46.185639082104	1
2	1158	46.58145991973	1
2	1163	46.68145991973	1
2	1173	46.885537631153	1
2	1188	47.441642331563	1
2	1199	48.12656379775	1
2	1210	48.460942475	1
2	1221	48.980244860023	1
2	1232	49.516309857574	1
2	1243	50.116773757269	1
2	1254	51.516973311487	1
2	1265	51.819469409334	1
2	1276	52.336331211355	1
2	1291	53.721848455086	1
2	1294	53.821848455086	1
2	1299	53.921848455086	1
2	1303	54.021848455086	2
2	1320	54.459051841837	1
2	1335	54.863127868952	1
2	1346	55.229931606904	1
2	1352	55.350548187886	1
2	1367	56.263593047559	1
2	1380	57.771803650733	1
2	1383	57.871803650733	1
2	1398	59.147161013201	1
2	1407	59.414476294578	1
2	1420	60.263408323124	1
2	1431	60.74785908931	1
2	1440	61.035531854511	1
2	1453	61.523264874644	1
2	1464	62.352099063175	1
2	1477	63.172747341003	1
2	1480	63.272747341003	1
2	1493	63.578205718544	1
2	1503	63.744359258506	1
2	1508	63.844359258506	1
2	1520	64.04235100636	1
2	1524	64.14235100636	2
2	1544	64.696959401872	1
2	1555	65.41872698628	1
2	1564	65.718063407088	1
2	1577	65.949729878952	1
2	1582	66.049729878952	1
2	1597	66.532175317623	1
2	1603	66.721575019632	1
2	1618	67.035225730777	1
2	1624	67.21171250397	1
2	1637	67.439472355687	1
2	1645	67.600245453685	1
2	1662	68.293660828284	1
2	1665	68.393660828284	1
2	1680	69.735345102215	1
2	1689	69.97653409342	1
2	1697	70.110789279249	1
2	1710	70.37828090859	1
2	1723	70.708456126615	1
2	1734	71.379501616994	1
2	1745	72.291083771877	1
2	1756	73.00728232026	1
2	1765	73.284034302838	1
2	1780	73.616566775895	1
2	1783	73.716566775895	1
2	1793	73.946819101755	1
2	1808	74.668826579166	1
2	1819	75.346544822628	1
2	1830	75.656592136793	1
2	1843	76.638909668011	1
2	1846	76.738909668011	1
2	1861	77.243394347747	1
2	1872	78.183030180258	1
2	1883	78.908356392679	1
2	1889	79.048852302395	1
2	1904	80.308271167915	1
2	1912	80.429958505805	1
2	1917	80.529958505805	1
2	1924	80.658407796282	2
2	1944	81.596581228561	1
2	1953	81.816002794873	1
2	1961	81.961686656199	1
2	1969	82.081110649088	1
2	1983	82.37172707373	1
2	1988	82.47172707373	1
2	2005	83.175737344912	1
2	2014	83.404489608018	1
2	2027	83.97291371291	1
2	2040	84.802182248292	1
2	2043	84.902182248292	1
2	2058	85.56914776646	1
2	2069	86.052958442193	1
2	2082	86.513678892566	1
2	2085	86.613678892566	1
2	2095	86.8543197314	1
2	2105	87.053093911124	1
2	2118	87.341391196128	1
2	2131	88.09547219957	1
2	2140	88.384777354767	1
2	2151	88.635922530619	1
2	2164	89.929619463799	1
2	2175	90.341786561866	1
2	2186	90.944176791971	1
2	2199	91.530322654293	1
2	2202	91.630322654293	1
2	2217	92.324169326214	1
2	2228	92.962228981482	1
2	2239	93.605398233236	1
2	2254	93.929539944054	1
2	2257	94.029539944054	1
2	2260	94.129539944054	1
2	2269	94.266532329054	2
2	2279	94.490444659357	2
2	2292	94.770349554275	1
2	2311	96.033340413193	1
2	2316	96.133340413193	1
2	2319	96.233340413193	1
2	2331	96.517626550538	1
2	2348	97.272831059356	1
2	2359	97.693990019692	1
2	2368	97.926606335108	1
2	2381	98.719910952936	1
2	2392	99.117545432198	1
2	2405	100.39735858318	1
2	2410	100.49735858318	1
2	2413	100.59735858318	1
2	2432	101.30454025186	1
2	2438	101.422406156441	1
2	2453	101.813690268147	1
2	2464	102.29804210854	1
2	2475	102.564565996966	1
2	2480	102.664565996966	1
2	2495	103.348466200401	1
2	2501	103.462633044222	1
2	2514	103.816269512213	1
2	2527	104.201173793115	1
2	2540	104.445074190317	1
2	2545	104.545074190317	1
2	2548	104.645074190317	1
2	2567	105.223310916019	1
2	2578	105.741394674842	1
2	2589	106.616527762279	1
2	2602	106.91785763452	1
2	2607	107.01785763452	1
2	2610	107.11785763452	1
2	2622	107.387713774329	1
2	2637	107.747585609782	1
2	2650	108.46502497536	1
2	2661	108.797746841699	1
2	2672	110.460263896084	1
2	2683	110.761114537366	1
2	2689	110.9053672202	1
2	2699	111.042711767623	1
2	2703	111.142711767623	2
2	2718	111.463241892023	1
2	2733	112.405155964651	1
2	2744	114.279273976138	1
2	2755	115.3587802787	1
2	2768	115.798265552626	1
2	2771	115.898265552626	1
2	2786	116.344169514328	1
2	2795	116.606318775233	1
2	2808	117.689758797706	1
2	2819	118.261360982925	1
2	2830	119.73913133103	1
2	2841	120.579083082488	1
2	2854	120.974955858632	1
2	2859	121.074955858632	1
2	2862	121.174955858632	1
2	2879	121.631050011941	1
2	2890	121.854660294038	1
2	2903	122.596891772739	1
2	2914	123.898454898024	1
2	2925	124.25749757685	1
2	2933	124.446797656679	1
2	2938	124.546797656679	1
2	2957	125.077248903941	1
2	2960	125.177248903941	1
2	2968	125.37322367692	1
2	2978	125.522010165703	1
2	2988	125.742082194674	1
2	3005	126.484396552084	1
2	3018	126.822658472093	1
2	3021	126.922658472093	1
2	3038	127.619172180053	1
2	3041	127.719172180053	1
2	3054	128.080728236395	1
2	3065	128.282695574018	1
2	3080	129.176828674911	1
2	3083	129.276828674911	1
2	3098	129.661955894951	1
2	3103	129.761955894951	1
2	3120	133.001927525264	1
2	3123	133.101927525264	1
2	3133	133.340695844098	1
2	3146	133.675428717942	1
2	3154	133.854045700963	1
2	3171	134.390904417295	1
2	3174	134.490904417295	1
2	3182	134.688336998845	1
2	3199	135.064752202139	1
2	3206	135.164752202139	1
2	3209	135.264752202139	1
2	3220	135.419969204071	2
2	3225	135.519969204071	2
2	3237	135.826905495823	2
2	3247	135.986905065543	2
2	3269	137.257927896682	1
2	3272	137.357927896682	1
2	3287	139.481078450078	1
2	3298	141.163471215622	1
2	3304	141.287917892106	1
2	3321	141.648701796819	1
2	3326	141.748701796819	1
2	3329	141.848701796819	1
2	3348	142.486054887254	1
2	3354	142.673083079001	1
2	3369	143.848486518149	1
2	3375	143.973704910722	1
2	3390	144.249826412056	1
2	3395	144.349826412056	1
2	3410	144.965114200714	1
2	3421	145.627115638906	1
2	3432	146.532246512543	1
2	3438	146.726515475275	1
2	3455	147.149795079471	1
2	3458	147.249795079471	1
2	3473	148.170598460104	1
2	3486	149.267636824854	1
2	3489	149.367636824854	1
2	3504	150.166980690653	1
2	3510	150.309584959262	1
2	3520	150.538630921734	1
2	3530	150.684723338009	1
2	3545	151.040403070729	1
2	3550	151.140403070729	1
2	3560	151.367585540977	1
2	3575	152.45474252832	1
2	3588	152.987030075894	1
2	3593	153.087030075894	1
2	3596	153.187030075894	1
2	3613	153.61161586941	1
2	3623	153.787685014005	1
2	3628	153.887685014005	1
2	3645	154.426988378476	1
2	3656	154.628366693949	1
2	3661	154.728366693949	1
2	3671	154.962737626523	1
2	3688	155.498597519886	1
2	3691	155.598597519886	1
2	3704	155.925316718571	1
2	3719	156.256554579857	1
2	3722	156.356554579857	1
2	3735	156.700686266247	1
2	3748	157.173703219699	1
2	3754	157.345299320512	1
2	3767	157.666101553252	1
2	3780	158.267272809371	1
2	3793	158.79290966132	1
2	3796	158.89290966132	1
2	3811	159.254865495115	1
2	3816	159.354865495115	1
2	3831	160.01267132448	1
2	3837	160.209657536257	1
2	3850	160.434345226994	1
2	3861	160.648284261551	1
2	3874	162.081188551471	1
2	3880	162.185152907803	1
2	3895	163.903735783099	1
2	3906	165.033110915849	1
2	3912	165.137412898249	1
2	3927	165.929775135228	1
2	3938	166.220594873367	1
2	3943	166.320594873367	1
2	3958	166.974100573055	1
2	3969	167.181649476497	1
2	3976	167.281649476497	1
2	3979	167.381649476497	1
2	3998	168.151922853294	1
2	4007	168.421832864067	1
2	4015	168.543813793811	1
2	4023	168.689344730351	1
2	4040	169.959641892446	1
2	4051	170.273187270066	1
2	4062	171.046495050428	1
2	4075	172.197959238525	1
2	4078	172.297959238525	1
2	4088	172.438817892458	1
2	4092	172.538817892458	2
2	4109	172.912238237956	1
2	4114	173.012238237956	1
2	4129	173.407314105355	1
2	4142	173.755214744704	1
2	4153	174.382577423566	1
2	4166	174.730078870198	1
2	4169	174.830078870198	1
2	4179	175.081356301105	1
2	4194	175.69596652569	1
2	4200	175.820759247105	1
2	4217	177.13651161648	1
2	4220	177.23651161648	1
2	4233	177.555653009472	1
2	4246	178.164033963411	1
2	4252	178.316623370877	1
2	4265	178.585408324389	1
2	4278	179.087548906036	1
2	4289	180.022271208559	1
2	4300	180.58250510807	1
2	4309	180.802697920636	1
2	4326	181.283488482031	1
2	4331	181.383488482031	1
2	4334	181.483488482031	1
2	4338	181.583488482031	2
2	4362	183.061631091736	1
2	4365	183.161631091736	1
2	4380	184.47778458421	1
2	4386	184.620760059451	1
2	4396	184.869490454481	1
2	4406	185.006584101047	1
2	4421	185.411813257473	1
2	4436	185.834668419153	1
2	4439	185.934668419153	1
2	4442	186.034668419153	1
2	4461	187.939817096408	1
2	4467	188.044581248237	1
2	4482	188.813113897477	1
2	4493	189.388003746671	1
2	4504	189.843395842301	1
2	4510	189.983531252257	1
2	4527	190.62777212152	1
2	4532	190.72777212152	1
2	4535	190.82777212152	1
2	4554	191.561676443234	1
2	4562	191.727128081104	1
2	4569	191.827128081104	1
2	4575	191.927128081104	2
2	4580	192.027128081104	2
2	4595	192.367782708797	1
2	4614	192.879961453095	1
2	4617	192.979961453095	1
2	4627	193.192041581746	1
2	4642	194.208871133603	1
2	4651	194.431056018023	1
2	4662	194.710240403581	1
2	4675	195.198154305541	1
2	4688	195.462956421852	1
2	4695	195.562956421852	1
2	4698	195.662956421852	1
2	4702	195.762956421852	2
2	4719	196.173590096313	1
2	4734	196.801465986808	1
2	4745	197.565426498819	1
2	4756	198.813006793004	1
2	4767	199.259873559364	1
2	4778	199.766591055416	1
2	4784	199.891286829635	1
3	13	0.335919610161	1
3	18	0.535919610161	1
3	34	1.133172759363	1
3	42	1.333172759363	1
3	50	1.565683079315	1
3	61	3.287786342986	1
3	75	3.866224683246	1
3	83	4.139844161821	1
3	99	5.857150543495	1
3	104	6.057150543495	1
3	120	6.370803967185	1
3	130	6.570803967185	1
3	144	6.821587107751	1
3	159	7.021587107751	1
3	168	7.221587107751	1
3	178	7.421587107751	1
3	183	7.621587107751	1
3	193	7.821587107751	1
3	198	8.021587107751	1
3	206	8.221587107751	1
3	214	8.44968556524	1
3	225	9.363655140093	1
3	241	10.096394676594	1
3	251	10.296394676594	1
3	261	10.496394676594	1
3	271	10.717582471425	1
3	276	10.917582471425	1
3	292	11.25311967659	1
3	297	11.45311967659	1
3	308	11.908135762553	1
3	319	12.98968349699	1
3	338	13.522606520743	1
3	345	13.722606520743	1
3	355	13.922606520743	1
3	360	14.122606520743	1
3	371	15.286098952908	1
3	389	16.490586541671	1
3	396	16.690586541671	1
3	401	16.890586541671	1
3	412	17.264211772693	1
3	428	17.677160563232	1
3	433	17.877160563232	1
3	444	19.158810037297	1
3	462	20.016414642172	1
3	469	20.216414642172	1
3	479	20.416414642172	1
3	484	20.616414642172	1
3	495	21.282008264271	1
3	506	22.361246600963	1
3	521	23.609843723647	1
3	531	23.809843723647	1
3	539	24.009843723647	1
3	550	24.275717826005	1
3	558	24.494221334956	1
3	574	25.118792147806	1
3	579	25.318792147806	1
3	594	25.815404226129	1
3	606	26.015404226129	1
3	617	26.215404226129	1
3	625	26.415404226129	1
3	632	26.615404226129	1
3	642	26.815404226129	1
3	647	27.015404226129	1
3	661	27.374941388721	1
3	669	27.584563926629	1
3	683	28.94402120353	1
3	696	29.236044713769	1
3	706	29.436044713769	1
3	716	29.636044713769	1
3	721	29.836044713769	1
3	735	30.598524487445	1
3	743	30.864701362591	1
3	754	31.523417115421	1
3	772	32.949032270042	1
3	779	33.149032270042	1
3	787	33.349032270042	1
3	804	33.590236913515	1
3	813	33.790236913515	1
3	823	33.990236913515	1
3	831	34.190236913515	1
3	841	34.390236913515	1
3	851	34.590236913515	1
3	858	34.790236913515	1
3	863	34.990236913515	1
3	879	35.317136110896	1
3	889	35.517136110896	1
3	894	35.717136110896	1
3	908	36.817034348751	1
3	919	37.093562891904	1
3	927	37.349162720849	1
3	941	37.920912347547	1
3	952	38.16507638907	1
3	960	38.404798831573	1
3	971	40.332943192377	1
3	982	41.398981257407	1
3	1000	42.108988513528	1
3	1007	42.308988513528	1
3	1012	42.508988513528	1
3	1028	42.995904274488	1
3	1036	43.195904274488	1
3	1044	43.403598968968	1
3	1058	43.719088984384	1
3	1066	43.969251360135	1
3	1077	44.408536364322	1
3	1088	44.861308533968	1
3	1099	45.342783390674	1
3	1115	45.675802363257	1
3	1125	45.875802363257	1
3	1135	46.075802363257	1
3	1145	46.285739082104	1
3	1153	46.485739082104	1
3	1165	46.78155991973	1
3	1175	46.98155991973	1
3	1180	47.18155991973	1
3	1191	47.641742331563	1
3	1202	48.32666379775	1
3	1213	48.661042475	1
3	1224	49.180344860023	1
3	1235	49.716409857574	1
3	1246	50.316873757269	1
3	1257	51.717073311487	1
3	1268	52.019569409334	1
3	1279	52.536431211355	1
3	1300	53.921948455086	1
3	1307	54.121948455086	1
3	1312	54.321948455086	1
3	1322	54.521948455086	1
3	1327	54.721948455086	1
3	1338	55.063227868952	1
3	1354	55.430031606904	1
3	1359	55.630031606904	1
3	1370	56.463693047559	1
3	1385	57.971903650733	1
3	1390	58.171903650733	1
3	1404	59.347261013201	1
3	1412	59.614576294578	1
3	1423	60.463508323124	1
3	1437	60.94795908931	1
3	1445	61.235631854511	1
3	1456	61.723364874644	1
3	1467	62.552199063175	1
3	1482	63.372847341003	1
3	1490	63.572847341003	1
3	1505	63.778305718544	1
3	1515	63.978305718544	1
3	1526	64.178305718544	1
3	1531	64.378305718544	1
3	1536	64.578305718544	1
3	1547	64.897059401872	1
3	1561	65.61882698628	1
3	1574	65.918163407088	1
3	1584	66.149829878952	1
3	1589	66.349829878952	1
3	1605	66.732275317623	1
3	1610	66.932275317623	1
3	1626	67.235325730777	1
3	1634	67.435325730777	1
3	1647	67.639572355687	1
3	1652	67.839572355687	1
3	1667	68.493760828284	1
3	1672	68.693760828284	1
3	1686	69.935445102215	1
3	1699	70.17663409342	1
3	1707	70.37663409342	1
3	1715	70.57838090859	1
3	1726	70.908556126615	1
3	1737	71.579601616994	1
3	1748	72.491183771877	1
3	1762	73.20738232026	1
3	1770	73.484134302838	1
3	1785	73.816666775895	1
3	1795	74.016666775895	1
3	1800	74.216666775895	1
3	1811	74.868926579166	1
3	1822	75.546644822628	1
3	1833	75.856692136793	1
3	1848	76.839009668011	1
3	1853	77.039009668011	1
3	1864	77.443494347747	1
3	1875	78.383130180258	1
3	1891	79.108456392679	1
3	1896	79.308456392679	1
3	1914	80.508371167915	1
3	1926	80.708371167915	1
3	1931	80.908371167915	1
3	1936	81.108371167915	1
3	1950	81.796681228561	1
3	1966	82.016102794873	1
3	1973	82.216102794873	1
3	1985	82.416102794873	1
3	1992	82.616102794873	1
3	1997	82.816102794873	1
3	2011	83.375837344912	1
3	2019	83.604589608018	1
3	2030	84.17301371291	1
3	2045	85.002282248292	1
3	2050	85.202282248292	1
3	2061	85.76924776646	1
3	2072	86.253058442193	1
3	2087	86.713778892566	1
3	2097	86.913778892566	1
3	2107	87.113778892566	1
3	2115	87.313778892566	1
3	2123	87.541491196128	1
3	2137	88.29557219957	1
3	2148	88.584877354767	1
3	2156	88.836022530619	1
3	2167	90.129719463799	1
3	2178	90.541886561866	1
3	2189	91.144276791971	1
3	2204	91.730422654293	1
3	2209	91.930422654293	1
3	2220	92.524269326214	1
3	2231	93.162328981482	1
3	2242	93.805498233236	1
3	2261	94.129639944054	1
3	2271	94.329639944054	1
3	2281	94.529639944054	1
3	2289	94.729639944054	1
3	2296	94.929639944054	1
3	2301	95.129639944054	1
3	2320	96.233440413193	1
3	2328	96.433440413193	1
3	2335	96.633440413193	1
3	2340	96.833440413193	1
3	2351	97.472931059356	1
3	2365	97.894090019692	1
3	2373	98.126706335108	1
3	2384	98.920010952936	1
3	2395	99.317645432198	1
3	2414	100.59745858318	1
3	2419	100.79745858318	1
3	2424	100.99745858318	1
3	2440	101.50464025186	1
3	2445	101.70464025186	1
3	2456	102.013790268147	1
3	2470	102.49814210854	1
3	2482	102.764665996966	1
3	2487	102.964665996966	1
3	2503	103.548566200401	1
3	2511	103.748566200401	1
3	2519	104.016369512213	1
3	2533	104.401273793115	1
3	2549	104.645174190317	1
3	2554	104.845174190317	1
3	2559	105.045174190317	1
3	2570	105.423410916019	1
3	2581	105.941494674842	1
3	2592	106.816627762279	1
3	2611	107.11795763452	1
3	2619	107.31795763452	1
3	2626	107.51795763452	1
3	2634	107.71795763452	1
3	2642	107.947685609782	1
3	2653	108.66512497536	1
3	2664	108.997846841699	1
3	2675	110.660363896084	1
3	2694	110.961214537366	1
3	2705	111.161214537366	1
3	2710	111.361214537366	1
3	2720	111.561214537366	1
3	2725	111.761214537366	1
3	2736	112.605255964651	1
3	2747	114.479373976138	1
3	2758	115.5588802787	1
3	2773	115.998365552626	1
3	2778	116.198365552626	1
3	2792	116.544269514328	1
3	2800	116.806418775233	1
3	2811	117.889858797706	1
3	2822	118.461460982925	1
3	2833	119.93923133103	1
3	2844	120.779183082488	1
3	2863	121.175055858632	1
3	2868	121.375055858632	1
3	2876	121.575055858632	1
3	2887	121.831150011941	1
3	2895	122.054760294038	1
3	2906	122.796991772739	1
3	2917	124.098554898024	1
3	2935	124.45759757685	1
3	2942	124.65759757685	1
3	2947	124.85759757685	1
3	2965	125.277348903941	1
3	2975	125.477348903941	1
3	2985	125.677348903941	1
3	2992	125.877348903941	1
3	2997	126.077348903941	1
3	3008	126.684496552084	1
3	3023	127.022758472093	1
3	3028	127.222758472093	1
3	3043	127.819272180053	1
3	3051	128.019272180053	1
3	3062	128.280828236395	1
3	3070	128.482795574018	1
3	3085	129.376928674911	1
3	3093	129.576928674911	1
3	3105	129.862055894951	1
3	3110	130.062055894951	1
3	3125	133.202027525264	1
3	3135	133.402027525264	1
3	3143	133.602027525264	1
3	3156	133.875528717942	1
3	3161	134.075528717942	1
3	3179	134.591004417295	1
3	3186	134.791004417295	1
3	3194	134.991004417295	1
3	3210	135.264852202139	1
3	3222	135.464852202139	1
3	3229	135.664852202139	1
3	3239	135.864852202139	1
3	3249	136.064852202139	1
3	3254	136.264852202139	1
3	3259	136.464852202139	1
3	3274	137.458027896682	1
3	3279	137.658027896682	1
3	3290	139.681178450078	1
3	3306	141.363571215622	1
3	3316	141.563571215622	1
3	3330	141.848801796819	1
3	3335	142.048801796819	1
3	3340	142.248801796819	1
3	3356	142.686154887254	1
3	3361	142.886154887254	1
3	3377	144.048586518149	1
3	3387	144.248586518149	1
3	3397	144.449926412056	1
3	3402	144.649926412056	1
3	3413	145.165214200714	1
3	3424	145.827215638906	1
3	3440	146.732346512543	1
3	3445	146.932346512543	1
3	3460	147.349895079471	1
3	3465	147.549895079471	1
3	3476	148.370698460104	1
3	3491	149.467736824854	1
3	3496	149.667736824854	1
3	3512	150.367080690653	1
3	3522	150.567080690653	1
3	3532	150.767080690653	1
3	3540	150.967080690653	1
3	3552	151.240503070729	1
3	3562	151.440503070729	1
3	3567	151.640503070729	1
3	3578	152.65484252832	1
3	3597	153.187130075894	1
3	3602	153.387130075894	1
3	3610	153.587130075894	1
3	3625	153.81171586941	1
3	3632	154.01171586941	1
3	3637	154.21171586941	1
3	3653	154.627088378476	1
3	3663	154.828466693949	1
3	3673	155.028466693949	1
3	3678	155.228466693949	1
3	3693	155.698697519886	1
3	3701	155.898697519886	1
3	3709	156.125416718571	1
3	3724	156.456654579857	1
3	3732	156.656654579857	1
3	3740	156.900786266247	1
3	3756	157.373803219699	1
3	3764	157.573803219699	1
3	3772	157.866201553252	1
3	3783	158.467372809371	1
3	3798	158.99300966132	1
3	3806	159.19300966132	1
3	3818	159.454965495115	1
3	3823	159.654965495115	1
3	3839	160.21277132448	1
3	3847	160.41277132448	1
3	3858	160.634445226994	1
3	3866	160.848384261551	1
3	3882	162.281288551471	1
3	3887	162.481288551471	1
3	3898	164.103835783099	1
3	3914	165.233210915849	1
3	3919	165.433210915849	1
3	3933	166.129875135228	1
3	3945	166.420694873367	1
3	3950	166.620694873367	1
3	3966	167.174200573055	1
3	3980	167.381749476497	1
3	3985	167.581749476497	1
3	3990	167.781749476497	1
3	4004	168.352022853294	1
3	4020	168.621932864067	1
3	4027	168.821932864067	1
3	4032	169.021932864067	1
3	4043	170.159741892446	1
3	4054	170.473287270066	1
3	4065	171.246595050428	1
3	4085	172.398059238525	1
3	4094	172.598059238525	1
3	4099	172.798059238525	1
3	4111	172.998059238525	1
3	4118	173.198059238525	1
3	4126	173.398059238525	1
3	4134	173.607414105355	1
3	4145	173.955314744704	1
3	4156	174.582677423566	1
3	4171	174.930178870198	1
3	4181	175.130178870198	1
3	4186	175.330178870198	1
3	4202	175.89606652569	1
3	4207	176.09606652569	1
3	4222	177.33661161648	1
3	4230	177.53661161648	1
3	4238	177.755753009472	1
3	4254	178.364133963411	1
3	4262	178.564133963411	1
3	4270	178.785508324389	1
3	4281	179.287648906036	1
3	4292	180.222371208559	1
3	4306	180.78260510807	1
3	4314	181.002797920636	1
3	4335	181.483588482031	1
3	4342	181.683588482031	1
3	4347	181.883588482031	1
3	4352	182.083588482031	1
3	4367	183.261731091736	1
3	4372	183.461731091736	1
3	4388	184.67788458421	1
3	4398	184.87788458421	1
3	4408	185.07788458421	1
3	4413	185.27788458421	1
3	4424	185.611913257473	1
3	4443	186.034768419153	1
3	4448	186.234768419153	1
3	4453	186.434768419153	1
3	4469	188.139917096408	1
3	4474	188.339917096408	1
3	4485	189.013213897477	1
3	4496	189.588103746671	1
3	4512	190.043495842301	1
3	4517	190.243495842301	1
3	4536	190.82787212152	1
3	4541	191.02787212152	1
3	4546	191.22787212152	1
3	4564	191.761776443234	1
3	4577	191.961776443234	1
3	4584	192.161776443234	1
3	4592	192.361776443234	1
3	4599	192.561776443234	1
3	4604	192.761776443234	1
3	4619	193.080061453095	1
3	4629	193.280061453095	1
3	4634	193.480061453095	1
3	4648	194.408971133603	1
3	4659	194.631156018023	1
3	4667	194.910340403581	1
3	4683	195.398254305541	1
3	4699	195.663056421852	1
3	4706	195.863056421852	1
3	4711	196.063056421852	1
3	4721	196.263056421852	1
3	4726	196.463056421852	1
3	4737	197.001565986808	1
3	4748	197.765526498819	1
3	4759	199.013106793004	1
3	4770	199.459973559364	1
3	4786	199.966691055416	1
4	15	0.435919610161	0.4002
4	20	0.635919610161	0.484138261392
4	36	1.233172759363	0.4002
4	47	1.433172759363	0.427331513638
4	52	1.665683079315	0.4002
4	63	3.387786342986	0.4002
4	80	3.966224683246	0.4002
4	85	4.239844161821	0.4002
4	101	5.957150543495	0.4002
4	109	6.157150543495	0.434515502172
4	122	6.470803967185	0.4002
4	137	6.670803967185	0.462342640663
4	149	6.921587107751	0.4002
4	163	7.121587107751	0.559367708815
4	173	7.321587107751	0.725717317007
4	180	7.521587107751	0.681076902513
4	188	7.721587107751	0.740418308835
4	195	7.921587107751	0.933201079414
4	200	8.121587107751	0.821390587067
4	211	8.321587107751	0.683765444902
4	216	8.54968556524	0.4002
4	227	9.463655140093	0.4002
4	246	10.196394676594	0.4002
4	253	10.396394676594	0.41942106758
4	266	10.596394676594	0.403621357773
4	273	10.817582471425	0.4002
4	281	11.017582471425	0.569505189782
4	294	11.35311967659	0.4002
4	299	11.55311967659	0.447253152488
4	310	12.008135762553	0.4002
4	321	13.08968349699	0.4002
4	342	13.622606520743	0.4002
4	350	13.822606520743	0.492192440214
4	357	14.022606520743	0.501119491645
4	362	14.222606520743	0.430351694983
4	373	15.386098952908	0.4002
4	393	16.590586541671	0.4002
4	398	16.790586541671	0.463128744172
4	406	16.990586541671	0.651782238862
4	414	17.364211772693	0.4002
4	430	17.777160563232	0.4002
4	435	17.977160563232	0.467797007468
4	446	19.258810037297	0.4002
4	466	20.116414642172	0.4002
4	474	20.316414642172	0.482408811589
4	481	20.516414642172	0.596357838728
4	486	20.716414642172	0.438536930756
4	497	21.382008264271	0.4002
4	508	22.461246600963	0.4002
4	526	23.709843723647	0.4002
4	533	23.909843723647	0.535889708436
4	544	24.109843723647	0.467822745716
4	555	24.375717826005	0.4002
4	560	24.594221334956	0.4002
4	576	25.218792147806	0.4002
4	581	25.418792147806	0.401142532967
4	599	25.915404226129	0.4002
4	612	26.115404226129	0.503507430281
4	619	26.315404226129	0.419716124243
4	629	26.515404226129	0.572066842822
4	637	26.715404226129	0.66891633049
4	644	26.915404226129	0.572361676838
4	652	27.115404226129	0.468680333515
4	666	27.474941388721	0.4002
4	671	27.684563926629	0.4002
4	688	29.04402120353	0.4002
4	701	29.336044713769	0.4002
4	711	29.536044713769	0.407207834057
4	718	29.736044713769	0.402217782987
4	723	29.936044713769	0.456564007765
4	740	30.698524487445	0.4002
4	745	30.964701362591	0.4002
4	756	31.623417115421	0.4002
4	776	33.049032270042	0.4002
4	781	33.249032270042	0.43060854591
4	794	33.449032270042	0.54153775526
4	808	33.690236913515	0.4002
4	818	33.890236913515	0.530906422001
4	825	34.090236913515	0.585542183507
4	835	34.290236913515	0.746301262331
4	845	34.490236913515	0.674942546651
4	855	34.690236913515	0.518370500007
4	860	34.890236913515	0.522451504731
4	868	35.090236913515	0.555336364371
4	884	35.417136110896	0.4002
4	891	35.617136110896	0.450670123724
4	896	35.817136110896	0.442503325184
4	913	36.917034348751	0.4002
4	924	37.193562891904	0.4002
4	929	37.449162720849	0.4002
4	946	38.020912347547	0.4002
4	957	38.26507638907	0.4002
4	962	38.504798831573	0.4002
4	973	40.432943192377	0.4002
4	984	41.498981257407	0.4002
4	1004	42.208988513528	0.4002
4	1009	42.408988513528	0.51064916719
4	1014	42.608988513528	0.521408078835
4	1030	43.095904274488	0.4002
4	1041	43.295904274488	0.439478242313
4	1049	43.503598968968	0.4002
4	1063	43.819088984384	0.4002
4	1068	44.069251360135	0.4002
4	1079	44.508536364322	0.4002
4	1090	44.961308533968	0.4002
4	1104	45.442783390674	0.4002
4	1120	45.775802363257	0.4002
4	1127	45.975802363257	0.46522794664
4	1140	46.175802363257	0.424051100365
4	1147	46.385739082104	0.4002
4	1160	46.585739082104	0.599557445775
4	1170	46.88155991973	0.4002
4	1177	47.08155991973	0.556640057103
4	1182	47.28155991973	0.496122288577
4	1193	47.741742331563	0.4002
4	1207	48.42666379775	0.4002
4	1215	48.761042475	0.4002
4	1226	49.280344860023	0.4002
4	1237	49.816409857574	0.4002
4	1248	50.416873757269	0.4002
4	1262	51.817073311487	0.4002
4	1270	52.119569409334	0.4002
4	1281	52.636431211355	0.4002
4	1304	54.021948455086	0.4002
4	1309	54.221948455086	0.57563355927
4	1317	54.421948455086	0.700516114553
4	1324	54.621948455086	0.734285088227
4	1332	54.821948455086	0.462996613249
4	1343	55.163227868952	0.4002
4	1356	55.530031606904	0.4002
4	1361	55.730031606904	0.479583419018
4	1372	56.563693047559	0.4002
4	1387	58.071903650733	0.4002
4	1392	58.271903650733	0.530427304744
4	1409	59.447261013201	0.4002
4	1414	59.714576294578	0.4002
4	1425	60.563508323124	0.4002
4	1442	61.04795908931	0.4002
4	1447	61.335631854511	0.4002
4	1458	61.823364874644	0.4002
4	1469	62.652199063175	0.4002
4	1484	63.472847341003	0.4002
4	1500	63.672847341003	0.536957233131
4	1509	63.878305718544	0.4002
4	1521	64.078305718544	0.434046460038
4	1528	64.278305718544	0.615842424513
4	1533	64.478305718544	0.536054712184
4	1541	64.678305718544	0.690837939512
4	1549	64.997059401872	0.4002
4	1566	65.71882698628	0.4002
4	1579	66.018163407088	0.4002
4	1586	66.249829878952	0.4002
4	1594	66.449829878952	0.533961328228
4	1607	66.832275317623	0.4002
4	1615	67.032275317623	0.410800297991
4	1628	67.335325730777	0.4002
4	1642	67.535325730777	0.423713226807
4	1649	67.739572355687	0.4002
4	1654	67.939572355687	0.439426902002
4	1669	68.593760828284	0.4002
4	1674	68.793760828284	0.51878410497
4	1694	70.035445102215	0.4002
4	1701	70.27663409342	0.4002
4	1712	70.47663409342	0.465944814171
4	1720	70.67838090859	0.4002
4	1728	71.008556126615	0.4002
4	1739	71.679601616994	0.4002
4	1750	72.591183771877	0.4002
4	1767	73.30738232026	0.4002
4	1777	73.584134302838	0.4002
4	1790	73.916666775895	0.4002
4	1797	74.116666775895	0.547756987048
4	1802	74.316666775895	0.46994767414
4	1813	74.968926579166	0.4002
4	1827	75.646644822628	0.4002
4	1835	75.956692136793	0.4002
4	1850	76.939009668011	0.4002
4	1855	77.139009668011	0.501371401762
4	1866	77.543494347747	0.4002
4	1877	78.483130180258	0.4002
4	1893	79.208456392679	0.4002
4	1898	79.408456392679	0.459704090284
4	1921	80.608371167915	0.4002
4	1928	80.808371167915	0.47851266211
4	1933	81.008371167915	0.659835248517
4	1938	81.208371167915	0.650063371633
4	1958	81.896681228561	0.4002
4	1970	82.116102794873	0.4002
4	1978	82.316102794873	0.454516138674
4	1989	82.516102794873	0.535092145785
4	1994	82.716102794873	0.444475721143
4	1999	82.916102794873	0.557483049413
4	2016	83.475837344912	0.4002
4	2021	83.704589608018	0.4002
4	2032	84.27301371291	0.4002
4	2047	85.102282248292	0.4002
4	2052	85.302282248292	0.528574063055
4	2063	85.86924776646	0.4002
4	2074	86.353058442193	0.4002
4	2092	86.813778892566	0.4002
4	2102	87.013778892566	0.567904945159
4	2109	87.213778892566	0.459559161166
4	2120	87.413778892566	0.460784981442
4	2125	87.641491196128	0.4002
4	2142	88.39557219957	0.4002
4	2153	88.684877354767	0.4002
4	2158	88.936022530619	0.4002
4	2169	90.229719463799	0.4002
4	2180	90.641886561866	0.4002
4	2191	91.244276791971	0.4002
4	2206	91.830422654293	0.4002
4	2211	92.030422654293	0.581092154014
4	2222	92.624269326214	0.4002
4	2233	93.262328981482	0.4002
4	2249	93.905498233236	0.4002
4	2266	94.229639944054	0.4002
4	2276	94.429639944054	0.596973989556
4	2283	94.629639944054	0.708534154042
4	2293	94.829639944054	0.663207615
4	2298	95.029639944054	0.639295284697
4	2303	95.229639944054	0.559390389779
4	2322	96.333440413193	0.4002
4	2332	96.533440413193	0.574505420077
4	2337	96.733440413193	0.66676481289
4	2342	96.933440413193	0.515913862655
4	2353	97.572931059356	0.4002
4	2370	97.994090019692	0.4002
4	2375	98.226706335108	0.4002
4	2389	99.020010952936	0.4002
4	2397	99.417645432198	0.4002
4	2416	100.69745858318	0.4002
4	2421	100.89745858318	0.507592903908
4	2426	101.09745858318	0.645881964615
4	2442	101.60464025186	0.4002
4	2450	101.80464025186	0.482334095419
4	2458	102.113790268147	0.4002
4	2477	102.59814210854	0.4002
4	2484	102.864665996966	0.4002
4	2489	103.064665996966	0.536250600372
4	2505	103.648566200401	0.4002
4	2516	103.848566200401	0.486033156179
4	2524	104.116369512213	0.4002
4	2542	104.501273793115	0.4002
4	2551	104.745174190317	0.4002
4	2556	104.945174190317	0.516609836355
4	2564	105.145174190317	0.707905699835
4	2572	105.523410916019	0.4002
4	2583	106.041494674842	0.4002
4	2599	106.916627762279	0.4002
4	2613	107.21795763452	0.4002
4	2623	107.41795763452	0.584785591386
4	2628	107.61795763452	0.67264343223
4	2639	107.81795763452	0.530343860191
4	2644	108.047685609782	0.4002
4	2658	108.76512497536	0.4002
4	2666	109.097846841699	0.4002
4	2680	110.760363896084	0.4002
4	2700	111.061214537366	0.4002
4	2707	111.261214537366	0.455947317166
4	2715	111.461214537366	0.518602769743
4	2722	111.661214537366	0.635241569322
4	2727	111.861214537366	0.498072645343
4	2738	112.705255964651	0.4002
4	2749	114.579373976138	0.4002
4	2760	115.6588802787	0.4002
4	2775	116.098365552626	0.4002
4	2783	116.298365552626	0.501171016943
4	2797	116.644269514328	0.4002
4	2802	116.906418775233	0.4002
4	2813	117.989858797706	0.4002
4	2824	118.561460982925	0.4002
4	2835	120.03923133103	0.4002
4	2849	120.879183082488	0.4002
4	2865	121.275055858632	0.4002
4	2870	121.475055858632	0.517285792433
4	2881	121.675055858632	0.636195298685
4	2892	121.931150011941	0.4002
4	2897	122.154760294038	0.4002
4	2908	122.896991772739	0.4002
4	2922	124.198554898024	0.4002
4	2939	124.55759757685	0.4002
4	2944	124.75759757685	0.410899920171
4	2949	124.95759757685	0.529906993717
4	2969	125.377348903941	0.4002
4	2979	125.577348903941	0.58392111072
4	2989	125.777348903941	0.504225227021
4	2994	125.977348903941	0.555438738238
4	2999	126.177348903941	0.535366709267
4	3015	126.784496552084	0.4002
4	3025	127.122758472093	0.4002
4	3030	127.322758472093	0.579590354854
4	3045	127.919272180053	0.4002
4	3056	128.119272180053	0.596487300465
4	3067	128.380828236395	0.4002
4	3072	128.582795574018	0.4002
4	3087	129.476928674911	0.4002
4	3100	129.676928674911	0.570618645922
4	3107	129.962055894951	0.4002
4	3112	130.162055894951	0.527338359105
4	3130	133.302027525264	0.4002
4	3137	133.502027525264	0.589641428772
4	3148	133.702027525264	0.461431681166
4	3158	133.975528717942	0.4002
4	3163	134.175528717942	0.421583016979
4	3183	134.691004417295	0.4002
4	3188	134.891004417295	0.553400733261
4	3201	135.091004417295	0.50276741845
4	3217	135.364852202139	0.4002
4	3226	135.564852202139	0.535161807435
4	3234	135.764852202139	0.626110390386
4	3244	135.964852202139	0.644982998068
4	3251	136.164852202139	0.83964561623
4	3256	136.364852202139	0.638046706316
4	3261	136.564852202139	0.678047136596
4	3276	137.558027896682	0.4002
4	3281	137.758027896682	0.582309180879
4	3292	139.781178450078	0.4002
4	3308	141.463571215622	0.4002
4	3323	141.663571215622	0.475753323516
4	3332	141.948801796819	0.4002
4	3337	142.148801796819	0.595413676649
4	3342	142.348801796819	0.761925673006
4	3358	142.786154887254	0.4002
4	3363	142.986154887254	0.413171808253
4	3379	144.148586518149	0.4002
4	3392	144.348586518149	0.474981607427
4	3399	144.549926412056	0.4002
4	3404	144.749926412056	0.549097264844
4	3415	145.265214200714	0.4002
4	3426	145.927215638906	0.4002
4	3442	146.832346512543	0.4002
4	3447	147.032346512543	0.405931037268
4	3462	147.449895079471	0.4002
4	3467	147.649895079471	0.506683225695
4	3478	148.470698460104	0.4002
4	3493	149.567736824854	0.4002
4	3498	149.767736824854	0.589312998778
4	3517	150.467080690653	0.4002
4	3527	150.667080690653	0.457595731391
4	3534	150.867080690653	0.428549768919
4	3547	151.067080690653	0.482457352644
4	3557	151.340503070729	0.4002
4	3564	151.540503070729	0.542351465886
4	3569	151.740503070729	0.473017529752
4	3580	152.75484252832	0.4002
4	3599	153.287130075894	0.4002
4	3604	153.487130075894	0.586289525874
4	3615	153.687130075894	0.6780183191
4	3629	153.91171586941	0.4002
4	3634	154.11171586941	0.424130855405
4	3639	154.31171586941	0.590825341941
4	3658	154.727088378476	0.4002
4	3668	154.928466693949	0.4002
4	3675	155.128466693949	0.509484215631
4	3680	155.328466693949	0.465829067426
4	3695	155.798697519886	0.4002
4	3706	155.998697519886	0.510125769203
4	3714	156.225416718571	0.4002
4	3726	156.556654579857	0.4002
4	3737	156.756654579857	0.500633381877
4	3742	157.000786266247	0.4002
4	3758	157.473803219699	0.4002
4	3769	157.673803219699	0.428603899187
4	3774	157.966201553252	0.4002
4	3785	158.567372809371	0.4002
4	3800	159.09300966132	0.4002
4	3813	159.29300966132	0.521632527504
4	3820	159.554965495115	0.4002
4	3825	159.754965495115	0.503979922201
4	3841	160.31277132448	0.4002
4	3852	160.51277132448	0.403213788223
4	3863	160.734445226994	0.4002
4	3868	160.948384261551	0.4002
4	3884	162.381288551471	0.4002
4	3889	162.581288551471	0.496235643668
4	3900	164.203835783099	0.4002
4	3916	165.333210915849	0.4002
4	3921	165.533210915849	0.4958980176
4	3940	166.229875135228	0.4002
4	3947	166.520694873367	0.4002
4	3952	166.720694873367	0.549336195255
4	3973	167.274200573055	0.4002
4	3982	167.481749476497	0.4002
4	3987	167.681749476497	0.538598198814
4	3992	167.881749476497	0.619420311662
4	4012	168.452022853294	0.4002
4	4024	168.721932864067	0.4002
4	4029	168.921932864067	0.478219070256
4	4034	169.121932864067	0.532688133716
4	4048	170.259741892446	0.4002
4	4056	170.573287270066	0.4002
4	4067	171.346595050428	0.4002
4	4089	172.498059238525	0.4002
4	4096	172.698059238525	0.576283761339
4	4104	172.898059238525	0.559341346067
4	4115	173.098059238525	0.7585059812
4	4120	173.298059238525	0.485921000569
4	4131	173.498059238525	0.598276480658
4	4139	173.707414105355	0.4002
4	4147	174.055314744704	0.4002
4	4163	174.682677423566	0.4002
4	4176	175.030178870198	0.4002
4	4183	175.230178870198	0.571558127354
4	4188	175.430178870198	0.448922569093
4	4204	175.99606652569	0.4002
4	4209	176.19606652569	0.475407278585
4	4224	177.43661161648	0.4002
4	4235	177.63661161648	0.597411853617
4	4240	177.855753009472	0.4002
4	4256	178.464133963411	0.4002
4	4267	178.664133963411	0.447610592534
4	4272	178.885508324389	0.4002
4	4283	179.387648906036	0.4002
4	4294	180.322371208559	0.4002
4	4311	180.88260510807	0.4002
4	4316	181.102797920636	0.4002
4	4339	181.583588482031	0.4002
4	4344	181.783588482031	0.598324021018
4	4349	181.983588482031	0.726812700041
4	4354	182.183588482031	0.855417499349
4	4369	183.361731091736	0.4002
4	4374	183.561731091736	0.583389202828
4	4393	184.77788458421	0.4002
4	4403	184.97788458421	0.457224524759
4	4410	185.17788458421	0.408494129729
4	4418	185.37788458421	0.471400483163
4	4426	185.711913257473	0.4002
4	4445	186.134768419153	0.4002
4	4450	186.334768419153	0.582004174547
4	4455	186.534768419153	0.709772539128
4	4471	188.239917096408	0.4002
4	4476	188.439917096408	0.495435848171
4	4487	189.113213897477	0.4002
4	4498	189.688103746671	0.4002
4	4514	190.143495842301	0.4002
4	4519	190.343495842301	0.460064590044
4	4538	190.92787212152	0.4002
4	4543	191.12787212152	0.508202296891
4	4548	191.32787212152	0.614470991038
4	4572	191.861776443234	0.4002
4	4581	192.061776443234	0.43474836213
4	4586	192.261776443234	0.591797019453
4	4596	192.461776443234	0.664498714734
4	4601	192.661776443234	0.802001627149
4	4611	192.861776443234	0.594093734437
4	4624	193.180061453095	0.4002
4	4631	193.380061453095	0.556817248783
4	4636	193.580061453095	0.488119871349
4	4653	194.508971133603	0.4002
4	4664	194.731156018023	0.4002
4	4669	195.010340403581	0.4002
4	4690	195.498254305541	0.4002
4	4703	195.763056421852	0.4002
4	4708	195.963056421852	0.595457506217
4	4716	196.163056421852	0.745683435632
4	4723	196.363056421852	0.809261440891
4	4728	196.563056421852	0.489566325539
4	4739	197.101565986808	0.4002
4	4750	197.865526498819	0.4002
4	4761	199.113106793004	0.4002
4	4772	199.559973559364	0.4002
5	15	0.435919610161	1
5	20	0.635919610161	1
5	36	1.233172759363	1
5	47	1.433172759363	1
5	52	1.665683079315	1
5	63	3.387786342986	1
5	80	3.966224683246	1
5	85	4.239844161821	1
5	101	5.957150543495	1
5	109	6.157150543495	1
5	122	6.470803967185	1
5	137	6.670803967185	1
5	149	6.921587107751	1
5	163	7.121587107751	1
5	173	7.321587107751	1
5	180	7.521587107751	1
5	188	7.721587107751	1
5	195	7.921587107751	1
5	200	8.121587107751	1
5	211	8.321587107751	1
5	216	8.54968556524	1
5	227	9.463655140093	1
5	246	10.196394676594	1
5	253	10.396394676594	1
5	266	10.596394676594	1
5	273	10.817582471425	1
5	281	11.017582471425	1
5	294	11.35311967659	1
5	299	11.55311967659	1
5	310	12.008135762553	1
5	321	13.08968349699	1
5	342	13.622606520743	1
5	350	13.822606520743	1
5	357	14.022606520743	1
5	362	14.222606520743	1
5	373	15.386098952908	1
5	393	16.590586541671	1
5	398	16.790586541671	1
5	406	16.990586541671	1
5	414	17.364211772693	1
5	430	17.777160563232	1
5	435	17.977160563232	1
5	446	19.258810037297	1
5	466	20.116414642172	1
5	474	20.316414642172	1
5	481	20.516414642172	1
5	486	20.716414642172	1
5	497	21.382008264271	1
5	508	22.461246600963	1
5	526	23.709843723647	1
5	533	23.909843723647	1
5	544	24.109843723647	1
5	555	24.375717826005	1
5	560	24.594221334956	1
5	576	25.218792147806	1
5	581	25.418792147806	1
5	599	25.915404226129	1
5	612	26.115404226129	1
5	619	26.315404226129	1
5	629	26.515404226129	1
5	637	26.715404226129	1
5	644	26.915404226129	1
5	652	27.115404226129	1
5	666	27.474941388721	1
5	671	27.684563926629	1
5	688	29.04402120353	1
5	701	29.336044713769	1
5	711	29.536044713769	1
5	718	29.736044713769	1
5	723	29.936044713769	1
5	740	30.698524487445	1
5	745	30.964701362591	1
5	756	31.623417115421	1
5	776	33.049032270042	1
5	781	33.249032270042	1
5	794	33.449032270042	1
5	808	33.690236913515	1
5	818	33.890236913515	1
5	825	34.090236913515	1
5	835	34.290236913515	1
5	845	34.490236913515	1
5	855	34.690236913515	1
5	860	34.890236913515	1
5	868	35.090236913515	1
5	884	35.417136110896	1
5	891	35.617136110896	1
5	896	35.817136110896	1
5	913	36.917034348751	1
5	924	37.193562891904	1
5	929	37.449162720849	1
5	946	38.020912347547	1
5	957	38.26507638907	1
5	962	38.504798831573	1
5	973	40.432943192377	1
5	984	41.498981257407	1
5	1004	42.208988513528	1
5	1009	42.408988513528	1
5	1014	42.608988513528	1
5	1030	43.095904274488	1
5	1041	43.295904274488	1
5	1049	43.503598968968	1
5	1063	43.819088984384	1
5	1068	44.069251360135	1
5	1079	44.508536364322	1
5	1090	44.961308533968	1
5	1104	45.442783390674	1
5	1120	45.775802363257	1
5	1127	45.975802363257	1
5	1140	46.175802363257	1
5	1147	46.385739082104	1
5	1160	46.585739082104	1
5	1170	46.88155991973	1
5	1177	47.08155991973	1
5	1182	47.28155991973	1
5	1193	47.741742331563	1
5	1207	48.42666379775	1
5	1215	48.761042475	1
5	1226	49.280344860023	1
5	1237	49.816409857574	1
5	1248	50.416873757269	1
5	1262	51.817073311487	1
5	1270	52.119569409334	1
5	1281	52.636431211355	1
5	1304	54.021948455086	1
5	1309	54.221948455086	1
5	1317	54.421948455086	1
5	1324	54.621948455086	1
5	1332	54.821948455086	1
5	1343	55.163227868952	1
5	1356	55.530031606904	1
5	1361	55.730031606904	1
5	1372	56.563693047559	1
5	1387	58.071903650733	1
5	1392	58.271903650733	1
5	1409	59.447261013201	1
5	1414	59.714576294578	1
5	1425	60.563508323124	1
5	1442	61.04795908931	1
5	1447	61.335631854511	1
5	1458	61.823364874644	1
5	1469	62.652199063175	1
5	1484	63.472847341003	1
5	1500	63.672847341003	1
5	1509	63.878305718544	1
5	1521	64.078305718544	1
5	1528	64.278305718544	1
5	1533	64.478305718544	1
5	1541	64.678305718544	1
5	1549	64.997059401872	1
5	1566	65.71882698628	1
5	1579	66.018163407088	1
5	1586	66.249829878952	1
5	1594	66.449829878952	1
5	1607	66.832275317623	1
5	1615	67.032275317623	1
5	1628	67.335325730777	1
5	1642	67.535325730777	1
5	1649	67.739572355687	1
5	1654	67.939572355687	1
5	1669	68.593760828284	1
5	1674	68.793760828284	1
5	1694	70.035445102215	1
5	1701	70.27663409342	1
5	1712	70.47663409342	1
5	1720	70.67838090859	1
5	1728	71.008556126615	1
5	1739	71.679601616994	1
5	1750	72.591183771877	1
5	1767	73.30738232026	1
5	1777	73.584134302838	1
5	1790	73.916666775895	1
5	1797	74.116666775895	1
5	1802	74.316666775895	1
5	1813	74.968926579166	1
5	1827	75.646644822628	1
5	1835	75.956692136793	1
5	1850	76.939009668011	1
5	1855	77.139009668011	1
5	1866	77.543494347747	1
5	1877	78.483130180258	1
5	1893	79.208456392679	1
5	1898	79.408456392679	1
5	1921	80.608371167915	1
5	1928	80.808371167915	1
5	1933	81.008371167915	1
5	1938	81.208371167915	1
5	1958	81.896681228561	1
5	1970	82.116102794873	1
5	1978	82.316102794873	1
5	1989	82.516102794873	1
5	1994	82.716102794873	1
5	1999	82.916102794873	1
5	2016	83.475837344912	1
5	2021	83.704589608018	1
5	2032	84.27301371291	1
5	2047	85.102282248292	1
5	2052	85.302282248292	1
5	2063	85.86924776646	1
5	2074	86.353058442193	1
5	2092	86.813778892566	1
5	2102	87.013778892566	1
5	2109	87.213778892566	1
5	2120	87.413778892566	1
5	2125	87.641491196128	1
5	2142	88.39557219957	1
5	2153	88.684877354767	1
5	2158	88.936022530619	1
5	2169	90.229719463799	1
5	2180	90.641886561866	1
5	2191	91.244276791971	1
5	2206	91.830422654293	1
5	2211	92.030422654293	1
5	2222	92.624269326214	1
5	2233	93.262328981482	1
5	2249	93.905498233236	1
5	2266	94.229639944054	1
5	2276	94.429639944054	1
5	2283	94.629639944054	1
5	2293	94.829639944054	1
5	2298	95.029639944054	1
5	2303	95.229639944054	1
5	2322	96.333440413193	1
5	2332	96.533440413193	1
5	2337	96.733440413193	1
5	2342	96.933440413193	1
5	2353	97.572931059356	1
5	2370	97.994090019692	1
5	2375	98.226706335108	1
5	2389	99.020010952936	1
5	2397	99.417645432198	1
5	2416	100.69745858318	1
5	2421	100.89745858318	1
5	2426	101.09745858318	1
5	2442	101.60464025186	1
5	2450	101.80464025186	1
5	2458	102.113790268147	1
5	2477	102.59814210854	1
5	2484	102.864665996966	1
5	2489	103.064665996966	1
5	2505	103.648566200401	1
5	2516	103.848566200401	1
5	2524	104.116369512213	1
5	2542	104.501273793115	1
5	2551	104.745174190317	1
5	2556	104.945174190317	1
5	2564	105.145174190317	1
5	2572	105.523410916019	1
5	2583	106.041494674842	1
5	2599	106.916627762279	1
5	2613	107.21795763452	1
5	2623	107.41795763452	1
5	2628	107.61795763452	1
5	2639	107.81795763452	1
5	2644	108.047685609782	1
5	2658	108.76512497536	1
5	2666	109.097846841699	1
5	2680	110.760363896084	1
5	2700	111.061214537366	1
5	2707	111.261214537366	1
5	2715	111.461214537366	1
5	2722	111.661214537366	1
5	2727	111.861214537366	1
5	2738	112.705255964651	1
5	2749	114.579373976138	1
5	2760	115.6588802787	1
5	2775	116.098365552626	1
5	2783	116.298365552626	1
5	2797	116.644269514328	1
5	2802	116.906418775233	1
5	2813	117.989858797706	1
5	2824	118.561460982925	1
5	2835	120.03923133103	1
5	2849	120.879183082488	1
5	2865	121.275055858632	1
5	2870	121.475055858632	1
5	2881	121.675055858632	1
5	2892	121.931150011941	1
5	2897	122.154760294038	1
5	2908	122.896991772739	1
5	2922	124.198554898024	1
5	2939	124.55759757685	1
5	2944	124.75759757685	1
5	2949	124.95759757685	1
5	2969	125.377348903941	1
5	2979	125.577348903941	1
5	2989	125.777348903941	1
5	2994	125.977348903941	1
5	2999	126.177348903941	1
5	3015	126.784496552084	1
5	3025	127.122758472093	1
5	3030	127.322758472093	1
5	3045	127.919272180053	1
5	3056	128.119272180053	1
5	3067	128.380828236395	1
5	3072	128.582795574018	1
5	3087	129.476928674911	1
5	3100	129.676928674911	1
5	3107	129.962055894951	1
5	3112	130.162055894951	1
5	3130	133.302027525264	1
5	3137	133.502027525264	1
5	3148	133.702027525264	1
5	3158	133.975528717942	1
5	3163	134.175528717942	1
5	3183	134.691004417295	1
5	3188	134.891004417295	1
5	3201	135.091004417295	1
5	3217	135.364852202139	1
5	3226	135.564852202139	1
5	3234	135.764852202139	1
5	3244	135.964852202139	1
5	3251	136.164852202139	1
5	3256	136.364852202139	1
5	3261	136.564852202139	1
5	3276	137.558027896682	1
5	3281	137.758027896682	1
5	3292	139.781178450078	1
5	3308	141.463571215622	1
5	3323	141.663571215622	1
5	3332	141.948801796819	1
5	3337	142.148801796819	1
5	3342	142.348801796819	1
5	3358	142.786154887254	1
5	3363	142.986154887254	1
5	3379	144.148586518149	1
5	3392	144.348586518149	1
5	3399	144.549926412056	1
5	3404	144.749926412056	1
5	3415	145.265214200714	1
5	3426	145.927215638906	1
5	3442	146.832346512543	1
5	3447	147.032346512543	1
5	3462	147.449895079471	1
5	3467	147.649895079471	1
5	3478	148.470698460104	1
5	3493	149.567736824854	1
5	3498	149.767736824854	1
5	3517	150.467080690653	1
5	3527	150.667080690653	1
5	3534	150.867080690653	1
5	3547	151.067080690653	1
5	3557	151.340503070729	1
5	3564	151.540503070729	1
5	3569	151.740503070729	1
5	3580	152.75484252832	1
5	3599	153.287130075894	1
5	3604	153.487130075894	1
5	3615	153.687130075894	1
5	3629	153.91171586941	1
5	3634	154.11171586941	1
5	3639	154.31171586941	1
5	3658	154.727088378476	1
5	3668	154.928466693949	1
5	3675	155.128466693949	1
5	3680	155.328466693949	1
5	3695	155.798697519886	1
5	3706	155.998697519886	1
5	3714	156.225416718571	1
5	3726	156.556654579857	1
5	3737	156.756654579857	1
5	3742	157.000786266247	1
5	3758	157.473803219699	1
5	3769	157.673803219699	1
5	3774	157.966201553252	1
5	3785	158.567372809371	1
5	3800	159.09300966132	1
5	3813	159.29300966132	1
5	3820	159.554965495115	1
5	3825	159.754965495115	1
5	3841	160.31277132448	1
5	3852	160.51277132448	1
5	3863	160.734445226994	1
5	3868	160.948384261551	1
5	3884	162.381288551471	1
5	3889	162.581288551471	1
5	3900	164.203835783099	1
5	3916	165.333210915849	1
5	3921	165.533210915849	1
5	3940	166.229875135228	1
5	3947	166.520694873367	1
5	3952	166.720694873367	1
5	3973	167.274200573055	1
5	3982	167.481749476497	1
5	3987	167.681749476497	1
5	3992	167.881749476497	1
5	4012	168.452022853294	1
5	4024	168.721932864067	1
5	4029	168.921932864067	1
5	4034	169.121932864067	1
5	4048	170.259741892446	1
5	4056	170.573287270066	1
5	4067	171.346595050428	1
5	4089	172.498059238525	1
5	4096	172.698059238525	1
5	4104	172.898059238525	1
5	4115	173.098059238525	1
5	4120	173.298059238525	1
5	4131	173.498059238525	1
5	4139	173.707414105355	1
5	4147	174.055314744704	1
5	4163	174.682677423566	1
5	4176	175.030178870198	1
5	4183	175.230178870198	1
5	4188	175.430178870198	1
5	4204	175.99606652569	1
5	4209	176.19606652569	1
5	4224	177.43661161648	1
5	4235	177.63661161648	1
5	4240	177.855753009472	1
5	4256	178.464133963411	1
5	4267	178.664133963411	1
5	4272	178.885508324389	1
5	4283	179.387648906036	1
5	4294	180.322371208559	1
5	4311	180.88260510807	1
5	4316	181.102797920636	1
5	4339	181.583588482031	1
5	4344	181.783588482031	1
5	4349	181.983588482031	1
5	4354	182.183588482031	1
5	4369	183.361731091736	1
5	4374	183.561731091736	1
5	4393	184.77788458421	1
5	4403	184.97788458421	1
5	4410	185.17788458421	1
5	4418	185.37788458421	1
5	4426	185.711913257473	1
5	4445	186.134768419153	1
5	4450	186.334768419153	1
5	4455	186.534768419153	1
5	4471	188.239917096408	1
5	4476	188.439917096408	1
5	4487	189.113213897477	1
5	4498	189.688103746671	1
5	4514	190.143495842301	1
5	4519	190.343495842301	1
5	4538	190.92787212152	1
5	4543	191.12787212152	1
5	4548	191.32787212152	1
5	4572	191.861776443234	1
5	4581	192.061776443234	1
5	4586	192.261776443234	1
5	4596	192.461776443234	1
5	4601	192.661776443234	1
5	4611	192.861776443234	1
5	4624	193.180061453095	1
5	4631	193.380061453095	1
5	4636	193.580061453095	1
5	4653	194.508971133603	1
5	4664	194.731156018023	1
5	4669	195.010340403581	1
5	4690	195.498254305541	1
5	4703	195.763056421852	1
5	4708	195.963056421852	1
5	4716	196.163056421852	1
5	4723	196.363056421852	1
5	4728	196.563056421852	1
5	4739	197.101565986808	1
5	4750	197.865526498819	1
5	4761	199.113106793004	1
5	4772	199.559973559364	1

