version 3
run BaseVersion-8-20240511-20:48:36-11938
attr configname BaseVersion
attr datetime 20240511-20:48:36
attr datetimef 20240511-204836
attr experiment BaseVersion
attr inifile omnetpp.ini
attr iterationvars $genInterval=0.5
attr iterationvarsd genInterval=0.5
attr iterationvarsf genInterval=0.5-
attr measurement $genInterval=0.5
attr network Network
attr processid 11938
attr repetition 0
attr replication #0
attr resultdir results
attr runnumber 8
attr seedset 8
itervar genInterval 0.5
config network Network
config sim-time-limit 200s
config Network.nodeTx.gen.generationInterval exponential(0.5)
config Network.nodeTx.gen.packetByteSize 12500
config Network.nodeTx.queue.bufferSize 200
config Network.nodeRx.queue.bufferSize 200
config Network.queue.bufferSize 200

vector 0 Network.nodeTx.gen packetGen ETV
vector 1 Network.nodeTx.queue bufferSize ETV
vector 2 Network.queue bufferSize ETV
vector 3 Network.nodeRx.queue bufferSize ETV
vector 4 Network.nodeRx.sink Delay ETV
vector 5 Network.nodeRx.sink packetUsed ETV
0	1	1.033477525325	1
0	4	1.039065857794	1
0	21	2.76859561748	1
0	27	2.905445473251	1
0	42	3.922467516623	1
0	48	4.159486977546	1
0	62	4.537909405024	1
0	75	5.38557422983	1
0	81	5.518031398752	1
0	91	5.79242566381	1
0	94	5.798157797687	1
0	111	6.271575724019	1
0	122	6.553046595708	1
0	138	7.27939815991	1
0	144	7.536774288867	1
0	155	7.793793941382	1
0	169	8.163572431947	1
0	182	9.191781104633	1
0	191	9.517200370488	1
0	204	10.822016395572	1
0	215	11.227257588005	1
0	218	11.30647691584	1
0	230	11.698435375123	1
0	246	12.302974809507	1
0	257	13.018402254362	1
0	263	13.276051201545	1
0	279	13.899099323141	1
0	290	14.751704861739	1
0	301	15.23507875677	1
0	304	15.245834274718	1
0	311	15.523477164458	1
0	324	15.741036387436	1
0	331	15.911630577714	1
0	346	16.240640375117	1
0	362	18.062693612412	1
0	373	19.101678499412	1
0	379	19.304741697822	1
0	382	19.332398056982	1
0	390	19.455860776156	1
0	401	19.61132052575	1
0	404	19.645357382591	1
0	415	19.818113597066	1
0	442	21.851591427399	1
0	453	22.415900594769	1
0	456	22.484300795118	1
0	463	22.663079906348	1
0	473	22.857480367739	1
0	481	22.958356607091	1
0	484	22.995149116029	1
0	497	23.28526233928	1
0	505	23.412560061301	1
0	520	23.791125365414	1
0	532	24.041261873581	1
0	552	25.493330138225	1
0	563	26.625709959686	1
0	572	26.986100486044	1
0	580	27.198013007239	1
0	596	27.757784825573	1
0	607	29.849354394788	1
0	610	29.914242253335	1
0	612	29.928818702948	1
0	619	30.13103023123	1
0	630	30.347719326639	1
0	640	30.508135227503	1
0	650	30.747927022775	1
0	668	31.170313242344	1
0	685	31.892614348869	1
0	696	32.432196720347	1
0	707	33.829032724227	1
0	713	33.994731813961	1
0	721	34.187335015939	1
0	726	34.266590787493	1
0	740	34.549826848239	1
0	743	34.610238986335	1
0	754	34.767694192161	1
0	771	35.314927018171	1
0	787	36.122292698117	1
0	790	36.155231708351	1
0	805	36.663617197238	1
0	816	36.989886523467	1
0	819	37.025468134064	1
0	836	37.548626066619	1
0	849	38.011347907685	1
0	852	38.085604757862	1
0	869	38.879380728197	1
0	880	39.460061739553	1
0	883	39.476327550972	1
0	885	39.493074431683	1
0	897	39.796970188061	1
0	919	40.977111820586	1
0	930	41.757846677262	1
0	936	41.886203810718	1
0	951	44.1231222118	1
0	962	44.545032365903	1
0	973	44.983524761274	1
0	979	45.134927304229	1
0	982	45.154772110685	1
0	986	45.254493075102	1
0	1000	45.550170201837	1
0	1012	45.784538028827	1
0	1020	45.888771736834	1
0	1032	46.210677844505	1
0	1050	46.703840876808	1
0	1058	46.848003214967	1
0	1063	46.969241454969	1
0	1083	47.89560674269	1
0	1086	47.977437183376	1
0	1103	48.911880289769	1
0	1112	49.29597117793	1
0	1125	49.93724064321	1
0	1128	49.990135834313	1
0	1138	50.281854194662	1
0	1155	50.938670715402	1
0	1164	51.336246393841	1
0	1177	52.740052150089	1
0	1188	53.232648695648	1
0	1199	54.667799628758	1
0	1208	55.014109143818	1
0	1216	55.248901806094	1
0	1232	55.917849228287	1
0	1243	56.370710425364	1
0	1252	56.675714095754	1
0	1265	57.218043218478	1
0	1276	57.697585936162	1
0	1285	58.054853528603	1
0	1298	58.60211328103	1
0	1307	58.920395186342	1
0	1315	59.210565210906	1
0	1318	59.215021151484	1
0	1323	59.221769538238	1
0	1325	59.256925197633	1
0	1327	59.270053531499	1
0	1341	59.555355701971	1
0	1352	59.713516115182	1
0	1363	59.995887496408	1
0	1388	60.760352835115	1
0	1395	60.863178847155	1
0	1415	62.293169438321	1
0	1424	62.670367339601	1
0	1429	62.732724017412	1
0	1444	63.189728497519	1
0	1457	63.874267881242	1
0	1468	64.51240428282	1
0	1479	66.430378813193	1
0	1485	66.613305753797	1
0	1500	67.299958591882	1
0	1506	67.55904777354	1
0	1520	67.90121389713	1
0	1533	68.766402415934	1
0	1536	68.828911222637	1
0	1551	69.271222896245	1
0	1564	70.034331311716	1
0	1575	70.647296621967	1
0	1578	70.663850519234	1
0	1588	71.021119945135	1
0	1593	71.077602443154	1
0	1614	71.963762249024	1
0	1620	72.099930769904	1
0	1635	72.737625819076	1
0	1641	72.930736267174	1
0	1656	73.936671380647	1
0	1667	75.265097197959	1
0	1673	75.378804633865	1
0	1683	75.697412916879	1
0	1694	75.874704947432	1
0	1704	76.190360538603	1
0	1718	76.513305365922	1
0	1731	77.35609137061	1
0	1740	77.696310018832	1
0	1748	77.834582293111	1
0	1763	78.302416079647	1
0	1774	78.792527419515	1
0	1785	79.646978618827	1
0	1794	80.022030773524	1
0	1805	80.397126456959	1
0	1818	80.860498703181	1
0	1829	82.260615500055	1
0	1835	82.414780401768	1
0	1850	83.057341849105	1
0	1856	83.340575363599	1
0	1862	83.439043490646	1
0	1876	83.792668167249	1
0	1892	84.276099012985	1
0	1898	84.530975779477	1
0	1914	84.944067567692	1
0	1920	85.113542684526	1
0	1935	85.834244592703	1
0	1946	87.105385372955	1
0	1957	87.927002531138	1
0	1963	88.192385403385	1
0	1974	88.369741840781	1
0	1979	88.487714803186	1
0	1985	88.562188004819	1
0	2008	89.859861250625	1
0	2019	90.364335594956	1
0	2025	90.634142005009	1
0	2028	90.638313548797	1
0	2033	90.713558098811	1
0	2059	91.490520122698	1
0	2062	91.543050279733	1
0	2074	91.891705584955	1
0	2090	93.152693461441	1
0	2101	96.077444422331	1
0	2107	96.254236405427	1
0	2122	98.323091425375	1
0	2133	99.822136311746	1
0	2139	99.95092528643	1
0	2147	100.156692759374	1
0	2164	101.105110408094	1
0	2170	101.34923577632	1
0	2186	102.187071465048	1
0	2197	103.401794750128	1
0	2203	103.536476439025	1
0	2218	104.103028213624	1
0	2229	104.637826816415	1
0	2240	105.389438141279	1
0	2251	107.279300015221	1
0	2262	107.873500410223	1
0	2273	108.531080193699	1
0	2284	109.8834612235	1
0	2287	109.933718675057	1
0	2294	110.177735765246	1
0	2309	110.524915833046	1
0	2315	110.613746090568	1
0	2327	110.924029207433	1
0	2337	111.074091958929	1
0	2340	111.074464044645	1
0	2344	111.15629864873	1
0	2372	113.408460818982	1
0	2383	114.043740014013	1
0	2394	115.0940519202	1
0	2405	115.495549586632	1
0	2411	115.617995730792	1
0	2421	115.908507904122	1
0	2437	116.373420740334	1
0	2448	117.199845239691	1
0	2457	117.519130342572	1
0	2470	117.930578984839	1
0	2476	118.153026860799	1
0	2492	118.675230498261	1
0	2501	119.051989649388	1
0	2509	119.304388584146	1
0	2525	119.720389925583	1
0	2536	120.228257473517	1
0	2547	121.124784646256	1
0	2550	121.191170774755	1
0	2552	121.223607169098	1
0	2564	121.50648267025	1
0	2581	121.972650331325	1
0	2595	122.314467935994	1
0	2606	122.664667387206	1
0	2614	122.935123190549	1
0	2620	123.022477708772	1
0	2632	123.239730985908	1
0	2635	123.318318471678	1
0	2656	123.887560304035	1
0	2669	124.395396078721	1
0	2675	124.592731293143	1
0	2690	125.665121034079	1
0	2696	125.77453659429	1
0	2699	125.791245606883	1
0	2710	126.100489491923	1
0	2723	126.37981678505	1
0	2726	126.460659340925	1
0	2749	127.512088421785	1
0	2760	128.148741839261	1
0	2769	128.472357722726	1
0	2782	128.911417998218	1
0	2788	129.140511292761	1
0	2799	129.421200647221	1
0	2810	129.558847050385	1
0	2813	129.58299766455	1
0	2815	129.607714532002	1
0	2831	130.005088241999	1
0	2836	130.101375277972	1
0	2843	130.169015878664	1
0	2859	130.575855230488	1
0	2874	131.008053649002	1
0	2889	131.385655888385	1
0	2894	131.479064938845	1
0	2906	131.871939164834	1
0	2912	131.898877308511	1
0	2921	132.07653862723	1
0	2934	132.395386190139	1
0	2951	133.398199406438	1
0	2957	133.526424342577	1
0	2972	134.464908341623	1
0	2983	135.301305217269	1
0	2992	135.614704462243	1
0	2995	135.688904655301	1
0	3014	136.38477564172	1
0	3017	136.430157897967	1
0	3034	137.195403510356	1
0	3040	137.473118945121	1
0	3051	137.702628513309	1
0	3067	138.294041399904	1
0	3070	138.391631192878	1
0	3082	138.750077057808	1
0	3093	138.895835435211	1
0	3103	139.221125713436	1
0	3114	139.356434013059	1
0	3122	139.56524114251	1
0	3132	139.813945461261	1
0	3149	141.107286729587	1
0	3152	141.110902979417	1
0	3169	142.324733668911	1
0	3175	142.489604729246	1
0	3190	143.104938442878	1
0	3199	143.490028278301	1
0	3212	144.522515513661	1
0	3218	144.797523413305	1
0	3232	145.19557916363	1
0	3243	145.575037132648	1
0	3256	147.351150748526	1
0	3267	148.024836356393	1
0	3278	148.763495278487	1
0	3289	150.101883246535	1
0	3300	150.510263252053	1
0	3306	150.707523647606	1
0	3321	151.338206899253	1
0	3327	151.495955250923	1
0	3335	151.736101228211	1
0	3350	152.059446730445	1
0	3361	152.390333903874	1
0	3374	152.860646374881	1
0	3385	153.444786242967	1
0	3391	153.548452366825	1
0	3406	154.489248634824	1
0	3409	154.503445988297	1
0	3416	154.71925191234	1
0	3424	154.833325906563	1
0	3446	155.660464962443	1
0	3452	155.801052980947	1
0	3460	155.983558651434	1
0	3472	156.270202302293	1
0	3488	156.942912002013	1
0	3499	157.441295449844	1
0	3505	157.703880583802	1
0	3516	157.883235956942	1
0	3531	159.642148698931	1
0	3542	161.496826749162	1
0	3553	162.099797769794	1
0	3564	163.124344506167	1
0	3567	163.193550634768	1
0	3582	163.67830676886	1
0	3595	165.183312867542	1
0	3601	165.389472445576	1
0	3612	165.666924995165	1
0	3618	165.759928129246	1
0	3630	166.005415615144	1
0	3647	166.544423761422	1
0	3658	169.10165563476	1
0	3669	169.730077146505	1
0	3680	170.248578309524	1
0	3683	170.282771649737	1
0	3685	170.296472798378	1
0	3707	171.042558552299	1
0	3720	171.628962064577	1
0	3731	172.726405370825	1
0	3734	172.759075474068	1
0	3749	173.259215775155	1
0	3757	173.503592910305	1
0	3773	174.111198299338	1
0	3779	174.228363324133	1
0	3794	175.223874386939	1
0	3805	176.258667124217	1
0	3816	177.743932441144	1
0	3827	178.320315133305	1
0	3833	178.537152075157	1
0	3849	179.616726072846	1
0	3852	179.647239381281	1
0	3869	180.309909819993	1
0	3875	180.49613423516	1
0	3890	181.562016850115	1
0	3893	181.655694535044	1
0	3910	182.33632010544	1
0	3916	182.570561492021	1
0	3919	182.591792343214	1
0	3934	182.942352812112	1
0	3951	184.018682458474	1
0	3962	184.800178902887	1
0	3968	184.925762583974	1
0	3983	186.449084857018	1
0	3994	186.898511034265	1
0	4000	187.069630028674	1
0	4015	188.129590549595	1
0	4026	189.648014466595	1
0	4037	190.394666446709	1
0	4043	190.496364036155	1
0	4046	190.5510569506	1
0	4057	190.841020982071	1
0	4060	190.858298657989	1
0	4067	190.959050529456	1
0	4083	191.295111792321	1
0	4090	191.446104373763	1
0	4108	191.95425975025	1
0	4111	191.962938075927	1
0	4134	192.612536072851	1
0	4140	192.753902984727	1
0	4153	193.184994108314	1
0	4161	193.429291302507	1
0	4177	194.817467448832	1
0	4186	195.161217082981	1
0	4194	195.349265239942	1
0	4202	195.530138764415	1
0	4207	195.56709321493	1
0	4209	195.57365663481	1
0	4213	195.638673324099	1
0	4246	196.685849916032	1
0	4257	198.892247388187	1
0	4263	199.026903351378	1
0	4273	199.310596970233	1
0	4282	199.434123962424	1
1	2	1.033477525325	1
1	5	1.039065857794	1
1	22	2.76859561748	1
1	28	2.905445473251	1
1	43	3.922467516623	1
1	49	4.159486977546	1
1	63	4.537909405024	1
1	76	5.38557422983	1
1	82	5.518031398752	1
1	92	5.79242566381	1
1	95	5.798157797687	1
1	112	6.271575724019	1
1	123	6.553046595708	1
1	139	7.27939815991	1
1	145	7.536774288867	1
1	156	7.793793941382	1
1	170	8.163572431947	1
1	183	9.191781104633	1
1	192	9.517200370488	1
1	205	10.822016395572	1
1	216	11.227257588005	1
1	219	11.30647691584	1
1	231	11.698435375123	1
1	247	12.302974809507	1
1	258	13.018402254362	1
1	264	13.276051201545	1
1	280	13.899099323141	1
1	291	14.751704861739	1
1	302	15.23507875677	1
1	305	15.245834274718	1
1	312	15.523477164458	1
1	325	15.741036387436	1
1	332	15.911630577714	1
1	347	16.240640375117	1
1	363	18.062693612412	1
1	374	19.101678499412	1
1	380	19.304741697822	1
1	383	19.332398056982	1
1	391	19.455860776156	1
1	402	19.61132052575	1
1	405	19.645357382591	1
1	416	19.818113597066	1
1	443	21.851591427399	1
1	454	22.415900594769	1
1	457	22.484300795118	1
1	464	22.663079906348	1
1	474	22.857480367739	1
1	482	22.958356607091	1
1	485	22.995149116029	1
1	498	23.28526233928	1
1	506	23.412560061301	1
1	521	23.791125365414	1
1	533	24.041261873581	1
1	553	25.493330138225	1
1	564	26.625709959686	1
1	573	26.986100486044	1
1	581	27.198013007239	1
1	597	27.757784825573	1
1	608	29.849354394788	1
1	611	29.914242253335	1
1	613	29.928818702948	2
1	620	30.13103023123	1
1	631	30.347719326639	1
1	641	30.508135227503	1
1	651	30.747927022775	1
1	669	31.170313242344	1
1	686	31.892614348869	1
1	697	32.432196720347	1
1	708	33.829032724227	1
1	714	33.994731813961	1
1	722	34.187335015939	1
1	727	34.266590787493	1
1	741	34.549826848239	1
1	744	34.610238986335	1
1	755	34.767694192161	1
1	772	35.314927018171	1
1	788	36.122292698117	1
1	791	36.155231708351	1
1	806	36.663617197238	1
1	817	36.989886523467	1
1	820	37.025468134064	1
1	837	37.548626066619	1
1	850	38.011347907685	1
1	853	38.085604757862	1
1	870	38.879380728197	1
1	881	39.460061739553	1
1	884	39.476327550972	1
1	886	39.493074431683	2
1	898	39.796970188061	1
1	920	40.977111820586	1
1	931	41.757846677262	1
1	937	41.886203810718	1
1	952	44.1231222118	1
1	963	44.545032365903	1
1	974	44.983524761274	1
1	980	45.134927304229	1
1	983	45.154772110685	1
1	987	45.254493075102	1
1	1001	45.550170201837	1
1	1013	45.784538028827	1
1	1021	45.888771736834	1
1	1033	46.210677844505	1
1	1051	46.703840876808	1
1	1059	46.848003214967	1
1	1064	46.969241454969	1
1	1084	47.89560674269	1
1	1087	47.977437183376	1
1	1104	48.911880289769	1
1	1113	49.29597117793	1
1	1126	49.93724064321	1
1	1129	49.990135834313	1
1	1139	50.281854194662	1
1	1156	50.938670715402	1
1	1165	51.336246393841	1
1	1178	52.740052150089	1
1	1189	53.232648695648	1
1	1200	54.667799628758	1
1	1209	55.014109143818	1
1	1217	55.248901806094	1
1	1233	55.917849228287	1
1	1244	56.370710425364	1
1	1253	56.675714095754	1
1	1266	57.218043218478	1
1	1277	57.697585936162	1
1	1286	58.054853528603	1
1	1299	58.60211328103	1
1	1308	58.920395186342	1
1	1316	59.210565210906	1
1	1319	59.215021151484	1
1	1324	59.221769538238	2
1	1326	59.256925197633	3
1	1328	59.270053531499	4
1	1342	59.555355701971	2
1	1353	59.713516115182	1
1	1364	59.995887496408	1
1	1389	60.760352835115	1
1	1396	60.863178847155	1
1	1416	62.293169438321	1
1	1425	62.670367339601	1
1	1430	62.732724017412	1
1	1445	63.189728497519	1
1	1458	63.874267881242	1
1	1469	64.51240428282	1
1	1480	66.430378813193	1
1	1486	66.613305753797	1
1	1501	67.299958591882	1
1	1507	67.55904777354	1
1	1521	67.90121389713	1
1	1534	68.766402415934	1
1	1537	68.828911222637	1
1	1552	69.271222896245	1
1	1565	70.034331311716	1
1	1576	70.647296621967	1
1	1579	70.663850519234	1
1	1589	71.021119945135	1
1	1594	71.077602443154	1
1	1615	71.963762249024	1
1	1621	72.099930769904	1
1	1636	72.737625819076	1
1	1642	72.930736267174	1
1	1657	73.936671380647	1
1	1668	75.265097197959	1
1	1674	75.378804633865	1
1	1684	75.697412916879	1
1	1695	75.874704947432	1
1	1705	76.190360538603	1
1	1719	76.513305365922	1
1	1732	77.35609137061	1
1	1741	77.696310018832	1
1	1749	77.834582293111	1
1	1764	78.302416079647	1
1	1775	78.792527419515	1
1	1786	79.646978618827	1
1	1795	80.022030773524	1
1	1806	80.397126456959	1
1	1819	80.860498703181	1
1	1830	82.260615500055	1
1	1836	82.414780401768	1
1	1851	83.057341849105	1
1	1857	83.340575363599	1
1	1863	83.439043490646	1
1	1877	83.792668167249	1
1	1893	84.276099012985	1
1	1899	84.530975779477	1
1	1915	84.944067567692	1
1	1921	85.113542684526	1
1	1936	85.834244592703	1
1	1947	87.105385372955	1
1	1958	87.927002531138	1
1	1964	88.192385403385	1
1	1975	88.369741840781	1
1	1980	88.487714803186	1
1	1986	88.562188004819	1
1	2009	89.859861250625	1
1	2020	90.364335594956	1
1	2026	90.634142005009	1
1	2029	90.638313548797	1
1	2034	90.713558098811	2
1	2060	91.490520122698	1
1	2063	91.543050279733	1
1	2075	91.891705584955	1
1	2091	93.152693461441	1
1	2102	96.077444422331	1
1	2108	96.254236405427	1
1	2123	98.323091425375	1
1	2134	99.822136311746	1
1	2140	99.95092528643	1
1	2148	100.156692759374	1
1	2165	101.105110408094	1
1	2171	101.34923577632	1
1	2187	102.187071465048	1
1	2198	103.401794750128	1
1	2204	103.536476439025	1
1	2219	104.103028213624	1
1	2230	104.637826816415	1
1	2241	105.389438141279	1
1	2252	107.279300015221	1
1	2263	107.873500410223	1
1	2274	108.531080193699	1
1	2285	109.8834612235	1
1	2288	109.933718675057	1
1	2295	110.177735765246	1
1	2310	110.524915833046	1
1	2316	110.613746090568	1
1	2328	110.924029207433	1
1	2338	111.074091958929	1
1	2341	111.074464044645	1
1	2345	111.15629864873	2
1	2373	113.408460818982	1
1	2384	114.043740014013	1
1	2395	115.0940519202	1
1	2406	115.495549586632	1
1	2412	115.617995730792	1
1	2422	115.908507904122	1
1	2438	116.373420740334	1
1	2449	117.199845239691	1
1	2458	117.519130342572	1
1	2471	117.930578984839	1
1	2477	118.153026860799	1
1	2493	118.675230498261	1
1	2502	119.051989649388	1
1	2510	119.304388584146	1
1	2526	119.720389925583	1
1	2537	120.228257473517	1
1	2548	121.124784646256	1
1	2551	121.191170774755	1
1	2553	121.223607169098	2
1	2565	121.50648267025	1
1	2582	121.972650331325	1
1	2596	122.314467935994	1
1	2607	122.664667387206	1
1	2615	122.935123190549	1
1	2621	123.022477708772	1
1	2633	123.239730985908	1
1	2636	123.318318471678	1
1	2657	123.887560304035	1
1	2670	124.395396078721	1
1	2676	124.592731293143	1
1	2691	125.665121034079	1
1	2697	125.77453659429	1
1	2700	125.791245606883	1
1	2711	126.100489491923	1
1	2724	126.37981678505	1
1	2727	126.460659340925	1
1	2750	127.512088421785	1
1	2761	128.148741839261	1
1	2770	128.472357722726	1
1	2783	128.911417998218	1
1	2789	129.140511292761	1
1	2800	129.421200647221	1
1	2811	129.558847050385	1
1	2814	129.58299766455	1
1	2816	129.607714532002	2
1	2832	130.005088241999	1
1	2837	130.101375277972	1
1	2844	130.169015878664	1
1	2860	130.575855230488	1
1	2875	131.008053649002	1
1	2890	131.385655888385	1
1	2895	131.479064938845	1
1	2907	131.871939164834	1
1	2913	131.898877308511	1
1	2922	132.07653862723	1
1	2935	132.395386190139	1
1	2952	133.398199406438	1
1	2958	133.526424342577	1
1	2973	134.464908341623	1
1	2984	135.301305217269	1
1	2993	135.614704462243	1
1	2996	135.688904655301	1
1	3015	136.38477564172	1
1	3018	136.430157897967	1
1	3035	137.195403510356	1
1	3041	137.473118945121	1
1	3052	137.702628513309	1
1	3068	138.294041399904	1
1	3071	138.391631192878	1
1	3083	138.750077057808	1
1	3094	138.895835435211	1
1	3104	139.221125713436	1
1	3115	139.356434013059	1
1	3123	139.56524114251	1
1	3133	139.813945461261	1
1	3150	141.107286729587	1
1	3153	141.110902979417	1
1	3170	142.324733668911	1
1	3176	142.489604729246	1
1	3191	143.104938442878	1
1	3200	143.490028278301	1
1	3213	144.522515513661	1
1	3219	144.797523413305	1
1	3233	145.19557916363	1
1	3244	145.575037132648	1
1	3257	147.351150748526	1
1	3268	148.024836356393	1
1	3279	148.763495278487	1
1	3290	150.101883246535	1
1	3301	150.510263252053	1
1	3307	150.707523647606	1
1	3322	151.338206899253	1
1	3328	151.495955250923	1
1	3336	151.736101228211	1
1	3351	152.059446730445	1
1	3362	152.390333903874	1
1	3375	152.860646374881	1
1	3386	153.444786242967	1
1	3392	153.548452366825	1
1	3407	154.489248634824	1
1	3410	154.503445988297	1
1	3417	154.71925191234	1
1	3425	154.833325906563	1
1	3447	155.660464962443	1
1	3453	155.801052980947	1
1	3461	155.983558651434	1
1	3473	156.270202302293	1
1	3489	156.942912002013	1
1	3500	157.441295449844	1
1	3506	157.703880583802	1
1	3517	157.883235956942	1
1	3532	159.642148698931	1
1	3543	161.496826749162	1
1	3554	162.099797769794	1
1	3565	163.124344506167	1
1	3568	163.193550634768	1
1	3583	163.67830676886	1
1	3596	165.183312867542	1
1	3602	165.389472445576	1
1	3613	165.666924995165	1
1	3619	165.759928129246	1
1	3631	166.005415615144	1
1	3648	166.544423761422	1
1	3659	169.10165563476	1
1	3670	169.730077146505	1
1	3681	170.248578309524	1
1	3684	170.282771649737	1
1	3686	170.296472798378	2
1	3708	171.042558552299	1
1	3721	171.628962064577	1
1	3732	172.726405370825	1
1	3735	172.759075474068	1
1	3750	173.259215775155	1
1	3758	173.503592910305	1
1	3774	174.111198299338	1
1	3780	174.228363324133	1
1	3795	175.223874386939	1
1	3806	176.258667124217	1
1	3817	177.743932441144	1
1	3828	178.320315133305	1
1	3834	178.537152075157	1
1	3850	179.616726072846	1
1	3853	179.647239381281	1
1	3870	180.309909819993	1
1	3876	180.49613423516	1
1	3891	181.562016850115	1
1	3894	181.655694535044	1
1	3911	182.33632010544	1
1	3917	182.570561492021	1
1	3920	182.591792343214	1
1	3935	182.942352812112	1
1	3952	184.018682458474	1
1	3963	184.800178902887	1
1	3969	184.925762583974	1
1	3984	186.449084857018	1
1	3995	186.898511034265	1
1	4001	187.069630028674	1
1	4016	188.129590549595	1
1	4027	189.648014466595	1
1	4038	190.394666446709	1
1	4044	190.496364036155	1
1	4047	190.5510569506	1
1	4058	190.841020982071	1
1	4061	190.858298657989	1
1	4068	190.959050529456	1
1	4084	191.295111792321	1
1	4091	191.446104373763	1
1	4109	191.95425975025	1
1	4112	191.962938075927	1
1	4135	192.612536072851	1
1	4141	192.753902984727	1
1	4154	193.184994108314	1
1	4162	193.429291302507	1
1	4178	194.817467448832	1
1	4187	195.161217082981	1
1	4195	195.349265239942	1
1	4203	195.530138764415	1
1	4208	195.56709321493	1
1	4210	195.57365663481	2
1	4214	195.638673324099	2
1	4247	196.685849916032	1
1	4258	198.892247388187	1
1	4264	199.026903351378	1
1	4274	199.310596970233	1
1	4283	199.434123962424	1
2	7	1.133577525325	1
2	10	1.233577525325	1
2	25	2.86869561748	1
2	31	3.005545473251	1
2	46	4.022567516623	1
2	55	4.259586977546	1
2	68	4.638009405024	1
2	79	5.48567422983	1
2	85	5.618131398752	1
2	100	5.89252566381	1
2	105	5.99252566381	1
2	118	6.371675724019	1
2	129	6.653146595708	1
2	142	7.37949815991	1
2	151	7.636874288867	1
2	162	7.893893941382	1
2	175	8.263672431947	1
2	186	9.291881104633	1
2	197	9.617300370488	1
2	208	10.922116395572	1
2	221	11.327357588005	1
2	224	11.427357588005	1
2	237	11.798535375123	1
2	250	12.403074809507	1
2	261	13.118502254362	1
2	270	13.376151201545	1
2	283	13.999199323141	1
2	294	14.851804861739	1
2	307	15.33517875677	1
2	310	15.43517875677	1
2	318	15.623577164458	1
2	330	15.841136387436	1
2	338	16.011730577714	1
2	353	16.340740375117	1
2	366	18.162793612412	1
2	377	19.201778499412	1
2	388	19.404841697822	1
2	395	19.504841697822	1
2	398	19.604841697822	1
2	409	19.71142052575	2
2	414	19.81142052575	2
2	421	19.918213597066	3
2	446	21.951691427399	1
2	459	22.516000594769	1
2	462	22.616000594769	1
2	470	22.763179906348	1
2	480	22.957580367739	1
2	489	23.058456607091	2
2	494	23.158456607091	2
2	504	23.38536233928	2
2	511	23.512660061301	3
2	526	23.891225365414	2
2	539	24.141361873581	1
2	556	25.593430138225	1
2	567	26.725809959686	1
2	578	27.086200486044	1
2	587	27.298113007239	1
2	600	27.857884825573	1
2	615	29.949454394788	1
2	618	30.049454394788	1
2	623	30.149454394788	1
2	627	30.249454394788	2
2	637	30.447819326639	2
2	647	30.608235227503	2
2	657	30.848027022775	2
2	674	31.270413242344	1
2	689	31.992714348869	1
2	700	32.532296720347	1
2	711	33.929132724227	1
2	717	34.094831813961	1
2	729	34.287435015939	1
2	734	34.387435015939	1
2	748	34.649926848239	1
2	753	34.749926848239	1
2	760	34.867794192161	2
2	778	35.415027018171	1
2	793	36.222392698117	1
2	796	36.322392698117	1
2	811	36.763717197238	1
2	824	37.089986523467	1
2	827	37.189986523467	1
2	842	37.648726066619	1
2	855	38.111447907685	1
2	858	38.211447907685	1
2	873	38.979480728197	1
2	888	39.560161739553	1
2	891	39.660161739553	1
2	894	39.760161739553	1
2	903	39.897070188061	2
2	923	41.077211820586	1
2	934	41.857946677262	1
2	940	41.986303810718	1
2	955	44.2232222118	1
2	966	44.645132365903	1
2	977	45.083624761274	1
2	985	45.235027304229	1
2	992	45.335027304229	1
2	996	45.435027304229	2
2	1006	45.650270201837	2
2	1019	45.884638028827	1
2	1026	45.988871736834	2
2	1039	46.310777844505	1
2	1056	46.803940876808	1
2	1062	46.948103214967	1
2	1070	47.069341454969	1
2	1089	47.99570674269	1
2	1092	48.09570674269	1
2	1107	49.011980289769	1
2	1118	49.39607117793	1
2	1131	50.03734064321	1
2	1134	50.13734064321	1
2	1144	50.381954194662	1
2	1159	51.038770715402	1
2	1170	51.436346393841	1
2	1181	52.840152150089	1
2	1192	53.332748695648	1
2	1203	54.767899628758	1
2	1214	55.114209143818	1
2	1223	55.349001806094	1
2	1236	56.017949228287	1
2	1247	56.470810425364	1
2	1258	56.775814095754	1
2	1269	57.318143218478	1
2	1280	57.797685936162	1
2	1291	58.154953528603	1
2	1302	58.70221328103	1
2	1313	59.020495186342	1
2	1330	59.310665210906	1
2	1335	59.410665210906	1
2	1338	59.510665210906	1
2	1344	59.610665210906	2
2	1349	59.710665210906	2
2	1355	59.810665210906	3
2	1360	59.910665210906	3
2	1369	60.095987496408	4
2	1394	60.860452835115	1
2	1402	60.963278847155	1
2	1419	62.393269438321	1
2	1432	62.770467339601	1
2	1435	62.870467339601	1
2	1450	63.289828497519	1
2	1461	63.974367881242	1
2	1472	64.61250428282	1
2	1483	66.530478813193	1
2	1489	66.713405753797	1
2	1504	67.400058591882	1
2	1513	67.65914777354	1
2	1526	68.00131389713	1
2	1539	68.866502415934	1
2	1542	68.966502415934	1
2	1557	69.371322896245	1
2	1568	70.134431311716	1
2	1581	70.747396621967	1
2	1584	70.847396621967	1
2	1596	71.121219945135	1
2	1601	71.221219945135	1
2	1618	72.063862249024	1
2	1624	72.200030769904	1
2	1639	72.837725819076	1
2	1645	73.030836267174	1
2	1660	74.036771380647	1
2	1671	75.365197197959	1
2	1677	75.478904633865	1
2	1690	75.797512916879	1
2	1698	75.974804947432	1
2	1711	76.290460538603	1
2	1724	76.613405365922	1
2	1735	77.45619137061	1
2	1746	77.796410018832	1
2	1752	77.934682293111	1
2	1767	78.402516079647	1
2	1778	78.892627419515	1
2	1789	79.747078618827	1
2	1800	80.122130773524	1
2	1811	80.497226456959	1
2	1822	80.960598703181	1
2	1833	82.360715500055	1
2	1839	82.514880401768	1
2	1854	83.157441849105	1
2	1865	83.440675363599	1
2	1870	83.540675363599	1
2	1883	83.892768167249	1
2	1896	84.376199012985	1
2	1905	84.631075779477	1
2	1918	85.044167567692	1
2	1924	85.213642684526	1
2	1939	85.934344592703	1
2	1950	87.205485372955	1
2	1961	88.027102531138	1
2	1970	88.292485403385	1
2	1978	88.469841840781	1
2	1988	88.587814803186	1
2	1992	88.687814803186	2
2	2012	89.959961250625	1
2	2023	90.464435594956	1
2	2036	90.734242005009	1
2	2041	90.834242005009	1
2	2044	90.934242005009	1
2	2065	91.590620122698	1
2	2068	91.690620122698	1
2	2081	91.991805584955	1
2	2094	93.252793461441	1
2	2105	96.177544422331	1
2	2111	96.354336405427	1
2	2126	98.423191425375	1
2	2137	99.922236311746	1
2	2143	100.05102528643	1
2	2153	100.256792759374	1
2	2168	101.205210408094	1
2	2177	101.44933577632	1
2	2190	102.287171465048	1
2	2201	103.501894750128	1
2	2207	103.636576439025	1
2	2222	104.203128213624	1
2	2233	104.737926816415	1
2	2244	105.489538141279	1
2	2255	107.379400015221	1
2	2266	107.973600410223	1
2	2277	108.631180193699	1
2	2290	109.9835612235	1
2	2293	110.0835612235	1
2	2301	110.277835765246	1
2	2318	110.625015833046	1
2	2323	110.725015833046	1
2	2333	111.024129207433	1
2	2347	111.174191958929	1
2	2352	111.274191958929	1
2	2356	111.374191958929	2
2	2376	113.508560818982	1
2	2387	114.143840014013	1
2	2398	115.1941519202	1
2	2409	115.595649586632	1
2	2415	115.718095730792	1
2	2428	116.008607904122	1
2	2441	116.473520740334	1
2	2452	117.299945239691	1
2	2463	117.619230342572	1
2	2474	118.030678984839	1
2	2483	118.253126860799	1
2	2496	118.775330498261	1
2	2507	119.152089649388	1
2	2516	119.404488584146	1
2	2529	119.820489925583	1
2	2540	120.328357473517	1
2	2555	121.224884646256	1
2	2558	121.324884646256	1
2	2561	121.424884646256	1
2	2570	121.60658267025	2
2	2588	122.072750331325	1
2	2601	122.414567935994	1
2	2612	122.764767387206	1
2	2623	123.035223190549	1
2	2628	123.135223190549	1
2	2640	123.339830985908	1
2	2645	123.439830985908	1
2	2662	123.987660304035	1
2	2673	124.495496078721	1
2	2679	124.692831293143	1
2	2694	125.765221034079	1
2	2702	125.87463659429	1
2	2707	125.97463659429	1
2	2717	126.200589491923	1
2	2731	126.47991678505	1
2	2736	126.57991678505	1
2	2753	127.612188421785	1
2	2764	128.248841839261	1
2	2775	128.572457722726	1
2	2786	129.011517998218	1
2	2795	129.240611292761	1
2	2806	129.521300647221	1
2	2818	129.658947050385	1
2	2823	129.758947050385	1
2	2827	129.858947050385	2
2	2839	130.105188241999	2
2	2846	130.205188241999	2
2	2850	130.305188241999	3
2	2865	130.675955230488	2
2	2880	131.108153649002	1
2	2897	131.485755888385	1
2	2900	131.585755888385	1
2	2915	131.972039164834	1
2	2920	132.072039164834	1
2	2928	132.17663862723	1
2	2940	132.495486190139	1
2	2955	133.498299406438	1
2	2961	133.626524342577	1
2	2976	134.565008341623	1
2	2987	135.401405217269	1
2	3000	135.714804462243	1
2	3003	135.814804462243	1
2	3020	136.48487564172	1
2	3023	136.58487564172	1
2	3038	137.295503510356	1
2	3047	137.573218945121	1
2	3058	137.802728513309	1
2	3073	138.394141399904	1
2	3076	138.494141399904	1
2	3089	138.850177057808	1
2	3097	138.995935435211	1
2	3110	139.321225713436	1
2	3118	139.456534013059	1
2	3128	139.66534114251	1
2	3138	139.914045461261	1
2	3155	141.207386729587	1
2	3158	141.307386729587	1
2	3173	142.424833668911	1
2	3179	142.589704729246	1
2	3194	143.205038442878	1
2	3205	143.590128278301	1
2	3216	144.622615513661	1
2	3225	144.897623413305	1
2	3238	145.29567916363	1
2	3249	145.675137132648	1
2	3260	147.451250748526	1
2	3271	148.124936356393	1
2	3282	148.863595278487	1
2	3293	150.201983246535	1
2	3304	150.610363252053	1
2	3310	150.807623647606	1
2	3325	151.438306899253	1
2	3331	151.596055250923	1
2	3341	151.836201228211	1
2	3356	152.159546730445	1
2	3367	152.490433903874	1
2	3378	152.960746374881	1
2	3389	153.544886242967	1
2	3395	153.648552366825	1
2	3412	154.589348634824	1
2	3415	154.689348634824	1
2	3423	154.81935191234	1
2	3430	154.933425906563	2
2	3450	155.760564962443	1
2	3456	155.901152980947	1
2	3466	156.083658651434	1
2	3479	156.370302302293	1
2	3492	157.043012002013	1
2	3503	157.541395449844	1
2	3512	157.803980583802	1
2	3520	157.983335956942	1
2	3535	159.742248698931	1
2	3546	161.596926749162	1
2	3557	162.199897769794	1
2	3570	163.224444506167	1
2	3573	163.324444506167	1
2	3588	163.77840676886	1
2	3599	165.283412867542	1
2	3608	165.489572445576	1
2	3621	165.767024995165	1
2	3626	165.867024995165	1
2	3636	166.105515615144	1
2	3651	166.644523761422	1
2	3662	169.20175563476	1
2	3673	169.830177146505	1
2	3688	170.348678309524	1
2	3691	170.448678309524	1
2	3694	170.548678309524	1
2	3713	171.142658552299	1
2	3724	171.729062064577	1
2	3737	172.826505370825	1
2	3740	172.926505370825	1
2	3755	173.359315775155	1
2	3764	173.603692910305	1
2	3777	174.211298299338	1
2	3783	174.328463324133	1
2	3798	175.323974386939	1
2	3809	176.358767124217	1
2	3820	177.844032441144	1
2	3831	178.420415133305	1
2	3840	178.637252075157	1
2	3855	179.716826072846	1
2	3858	179.816826072846	1
2	3873	180.410009819993	1
2	3879	180.59623423516	1
2	3896	181.662116850115	1
2	3899	181.762116850115	1
2	3914	182.43642010544	1
2	3925	182.670661492021	1
2	3930	182.770661492021	1
2	3940	183.042452812112	1
2	3955	184.118782458474	1
2	3966	184.900278902887	1
2	3972	185.025862583974	1
2	3987	186.549184857018	1
2	3998	186.998611034265	1
2	4004	187.169730028674	1
2	4019	188.229690549595	1
2	4030	189.748114466595	1
2	4041	190.494766446709	1
2	4049	190.596464036155	1
2	4054	190.696464036155	1
2	4066	190.941120982071	1
2	4072	191.041120982071	2
2	4077	191.141120982071	2
2	4089	191.395211792321	2
2	4097	191.546204373763	2
2	4116	192.05435975025	1
2	4121	192.15435975025	1
2	4138	192.712636072851	1
2	4144	192.854002984727	1
2	4159	193.285094108314	1
2	4168	193.529391302507	1
2	4181	194.917567448832	1
2	4192	195.261317082981	1
2	4198	195.449365239942	1
2	4212	195.630238764415	1
2	4219	195.730238764415	1
2	4223	195.830238764415	2
2	4228	195.930238764415	2
2	4250	196.785949916032	1
2	4261	198.992347388187	1
2	4267	199.127003351378	1
2	4280	199.410696970233	1
2	4288	199.534223962424	1
3	12	1.333677525325	1
3	17	1.533677525325	1
3	33	3.06879561748	1
3	38	3.26879561748	1
3	52	4.222667516623	1
3	60	4.459686977546	1
3	71	4.838109405024	1
3	87	5.68577422983	1
3	97	5.88577422983	1
3	107	6.09262566381	1
3	115	6.29262566381	1
3	126	6.571775724019	1
3	134	6.853246595708	1
3	148	7.57959815991	1
3	159	7.836974288867	1
3	167	8.093993941382	1
3	178	8.463772431947	1
3	189	9.491981104633	1
3	200	9.817400370488	1
3	211	11.122216395572	1
3	226	11.527457588005	1
3	234	11.727457588005	1
3	242	11.998635375123	1
3	253	12.603174809507	1
3	267	13.318602254362	1
3	275	13.576251201545	1
3	286	14.199299323141	1
3	297	15.051904861739	1
3	315	15.53527875677	1
3	322	15.73527875677	1
3	335	15.93527875677	1
3	342	16.13527875677	1
3	350	16.33527875677	1
3	358	16.540840375117	1
3	369	18.362893612412	1
3	385	19.401878499412	1
3	399	19.604941697822	1
3	411	19.804941697822	1
3	423	20.004941697822	1
3	428	20.204941697822	1
3	433	20.404941697822	1
3	438	20.604941697822	1
3	449	22.151791427399	1
3	467	22.716100594769	1
3	477	22.916100594769	1
3	491	23.116100594769	1
3	501	23.316100594769	1
3	513	23.516100594769	1
3	518	23.716100594769	1
3	528	23.916100594769	1
3	536	24.116100594769	1
3	543	24.316100594769	1
3	548	24.516100594769	1
3	559	25.793530138225	1
3	570	26.925909959686	1
3	584	27.286300486044	1
3	592	27.498213007239	1
3	603	28.057984825573	1
3	624	30.149554394788	1
3	634	30.349554394788	1
3	644	30.549554394788	1
3	654	30.749554394788	1
3	661	30.949554394788	1
3	666	31.149554394788	1
3	676	31.349554394788	1
3	681	31.549554394788	1
3	692	32.192814348869	1
3	703	32.732396720347	1
3	719	34.129232724227	1
3	731	34.329232724227	1
3	738	34.529232724227	1
3	750	34.729232724227	1
3	762	34.929232724227	1
3	767	35.129232724227	1
3	775	35.329232724227	1
3	783	35.615127018171	1
3	798	36.422492698117	1
3	803	36.622492698117	1
3	814	36.963817197238	1
3	829	37.290086523467	1
3	834	37.490086523467	1
3	845	37.848826066619	1
3	860	38.311547907685	1
3	865	38.511547907685	1
3	876	39.179580728197	1
3	895	39.760261739553	1
3	905	39.960261739553	1
3	910	40.160261739553	1
3	915	40.360261739553	1
3	926	41.277311820586	1
3	942	42.058046677262	1
3	947	42.258046677262	1
3	958	44.4233222118	1
3	969	44.845232365903	1
3	989	45.283724761274	1
3	998	45.483724761274	1
3	1008	45.683724761274	1
3	1016	45.883724761274	1
3	1028	46.083724761274	1
3	1036	46.283724761274	1
3	1043	46.483724761274	1
3	1048	46.683724761274	1
3	1067	47.004040876808	1
3	1074	47.204040876808	1
3	1079	47.404040876808	1
3	1094	48.19580674269	1
3	1099	48.39580674269	1
3	1110	49.212080289769	1
3	1121	49.59617117793	1
3	1136	50.23744064321	1
3	1146	50.43744064321	1
3	1151	50.63744064321	1
3	1162	51.238870715402	1
3	1173	51.636446393841	1
3	1184	53.040252150089	1
3	1195	53.532848695648	1
3	1206	54.967999628758	1
3	1220	55.314309143818	1
3	1228	55.549101806094	1
3	1239	56.218049228287	1
3	1250	56.670910425364	1
3	1261	56.975914095754	1
3	1272	57.518243218478	1
3	1283	57.997785936162	1
3	1294	58.355053528603	1
3	1305	58.90231328103	1
3	1321	59.220595186342	1
3	1339	59.510765210906	1
3	1350	59.710765210906	1
3	1361	59.910765210906	1
3	1371	60.110765210906	1
3	1376	60.310765210906	1
3	1381	60.510765210906	1
3	1386	60.710765210906	1
3	1399	60.910765210906	1
3	1406	61.110765210906	1
3	1411	61.310765210906	1
3	1422	62.593369438321	1
3	1437	62.970567339601	1
3	1442	63.170567339601	1
3	1453	63.489928497519	1
3	1464	64.174467881242	1
3	1475	64.81260428282	1
3	1491	66.730578813193	1
3	1496	66.930578813193	1
3	1510	67.600158591882	1
3	1518	67.85924777354	1
3	1529	68.20141389713	1
3	1544	69.066602415934	1
3	1549	69.266602415934	1
3	1560	69.571422896245	1
3	1571	70.334531311716	1
3	1586	70.947496621967	1
3	1598	71.147496621967	1
3	1605	71.347496621967	1
3	1610	71.547496621967	1
3	1626	72.263962249024	1
3	1631	72.463962249024	1
3	1647	73.037825819076	1
3	1652	73.237825819076	1
3	1663	74.236871380647	1
3	1679	75.565297197959	1
3	1687	75.765297197959	1
3	1700	75.997612916879	1
3	1708	76.197612916879	1
3	1716	76.490560538603	1
3	1727	76.813505365922	1
3	1738	77.65629137061	1
3	1754	77.996510018832	1
3	1759	78.196510018832	1
3	1770	78.602616079647	1
3	1781	79.092727419515	1
3	1792	79.947178618827	1
3	1803	80.322230773524	1
3	1814	80.697326456959	1
3	1825	81.160698703181	1
3	1841	82.560815500055	1
3	1846	82.760815500055	1
3	1860	83.357541849105	1
3	1872	83.640775363599	1
3	1880	83.840775363599	1
3	1888	84.092868167249	1
3	1902	84.576299012985	1
3	1910	84.831175779477	1
3	1926	85.244267567692	1
3	1931	85.444267567692	1
3	1942	86.134444592703	1
3	1953	87.405585372955	1
3	1967	88.227202531138	1
3	1983	88.492585403385	1
3	1994	88.692585403385	1
3	1999	88.892585403385	1
3	2004	89.092585403385	1
3	2015	90.160061250625	1
3	2031	90.664535594956	1
3	2045	90.934342005009	1
3	2050	91.134342005009	1
3	2055	91.334342005009	1
3	2070	91.790720122698	1
3	2078	91.990720122698	1
3	2086	92.191905584955	1
3	2097	93.452893461441	1
3	2113	96.377644422331	1
3	2118	96.577644422331	1
3	2129	98.623291425375	1
3	2145	100.122336311746	1
3	2155	100.322336311746	1
3	2160	100.522336311746	1
3	2174	101.405310408094	1
3	2182	101.64943577632	1
3	2193	102.487271465048	1
3	2209	103.701994750128	1
3	2214	103.901994750128	1
3	2225	104.403228213624	1
3	2236	104.938026816415	1
3	2247	105.689638141279	1
3	2258	107.579500015221	1
3	2269	108.173700410223	1
3	2280	108.831280193699	1
3	2298	110.1836612235	1
3	2305	110.3836612235	1
3	2313	110.5836612235	1
3	2325	110.825115833046	1
3	2335	111.025115833046	1
3	2349	111.225115833046	1
3	2358	111.425115833046	1
3	2363	111.625115833046	1
3	2368	111.825115833046	1
3	2379	113.708660818982	1
3	2390	114.343940014013	1
3	2401	115.3942519202	1
3	2417	115.795749586632	1
3	2425	115.995749586632	1
3	2433	116.208707904122	1
3	2444	116.673620740334	1
3	2455	117.500045239691	1
3	2466	117.819330342572	1
3	2480	118.230778984839	1
3	2488	118.453226860799	1
3	2499	118.975430498261	1
3	2513	119.352189649388	1
3	2521	119.604588584146	1
3	2532	120.020589925583	1
3	2543	120.528457473517	1
3	2562	121.424984646256	1
3	2572	121.624984646256	1
3	2577	121.824984646256	1
3	2585	122.024984646256	1
3	2593	122.272850331325	1
3	2604	122.614667935994	1
3	2618	122.964867387206	1
3	2630	123.235323190549	1
3	2642	123.435323190549	1
3	2649	123.635323190549	1
3	2654	123.835323190549	1
3	2665	124.187760304035	1
3	2681	124.695596078721	1
3	2686	124.895596078721	1
3	2704	125.965321034079	1
3	2714	126.165321034079	1
3	2721	126.365321034079	1
3	2733	126.565321034079	1
3	2740	126.765321034079	1
3	2745	126.965321034079	1
3	2756	127.812288421785	1
3	2767	128.448941839261	1
3	2778	128.772557722726	1
3	2792	129.211617998218	1
3	2803	129.440711292761	1
3	2820	129.721400647221	1
3	2829	129.921400647221	1
3	2841	130.121400647221	1
3	2852	130.321400647221	1
3	2857	130.521400647221	1
3	2867	130.721400647221	1
3	2872	130.921400647221	1
3	2882	131.121400647221	1
3	2887	131.321400647221	1
3	2902	131.685855888385	1
3	2910	131.885855888385	1
3	2925	132.172139164834	1
3	2932	132.372139164834	1
3	2942	132.572139164834	1
3	2947	132.772139164834	1
3	2963	133.698399406438	1
3	2968	133.898399406438	1
3	2979	134.765108341623	1
3	2990	135.601505217269	1
3	3005	135.914904462243	1
3	3010	136.114904462243	1
3	3025	136.68497564172	1
3	3030	136.88497564172	1
3	3044	137.495603510356	1
3	3055	137.773318945121	1
3	3063	138.002828513309	1
3	3078	138.594241399904	1
3	3086	138.794241399904	1
3	3099	139.050277057808	1
3	3107	139.250277057808	1
3	3120	139.521325713436	1
3	3130	139.721325713436	1
3	3140	139.921325713436	1
3	3145	140.121325713436	1
3	3160	141.407486729587	1
3	3165	141.607486729587	1
3	3181	142.624933668911	1
3	3186	142.824933668911	1
3	3197	143.405138442878	1
3	3208	143.790228278301	1
3	3222	144.822715513661	1
3	3230	145.097723413305	1
3	3241	145.49577916363	1
3	3252	145.875237132648	1
3	3263	147.651350748526	1
3	3274	148.325036356393	1
3	3285	149.063695278487	1
3	3296	150.402083246535	1
3	3312	150.810463252053	1
3	3317	151.010463252053	1
3	3333	151.638406899253	1
3	3343	151.838406899253	1
3	3348	152.038406899253	1
3	3359	152.359646730445	1
3	3370	152.690533903874	1
3	3381	153.160846374881	1
3	3397	153.744986242967	1
3	3402	153.944986242967	1
3	3420	154.789448634824	1
3	3432	154.989448634824	1
3	3437	155.189448634824	1
3	3442	155.389448634824	1
3	3458	155.960664962443	1
3	3468	156.160664962443	1
3	3476	156.360664962443	1
3	3484	156.570402302293	1
3	3495	157.243112002013	1
3	3509	157.741495449844	1
3	3522	158.004080583802	1
3	3527	158.204080583802	1
3	3538	159.942348698931	1
3	3549	161.797026749162	1
3	3560	162.399997769794	1
3	3575	163.424544506167	1
3	3580	163.624544506167	1
3	3591	163.97850676886	1
3	3605	165.483512867542	1
3	3616	165.689672445576	1
3	3628	165.967124995165	1
3	3638	166.167124995165	1
3	3643	166.367124995165	1
3	3654	166.844623761422	1
3	3665	169.40185563476	1
3	3676	170.030277146505	1
3	3695	170.548778309524	1
3	3700	170.748778309524	1
3	3705	170.948778309524	1
3	3716	171.342758552299	1
3	3727	171.929162064577	1
3	3742	173.026605370825	1
3	3747	173.226605370825	1
3	3761	173.559415775155	1
3	3769	173.803792910305	1
3	3785	174.411398299338	1
3	3790	174.611398299338	1
3	3801	175.524074386939	1
3	3812	176.558867124217	1
3	3823	178.044132441144	1
3	3837	178.620515133305	1
3	3845	178.837352075157	1
3	3860	179.916926072846	1
3	3865	180.116926072846	1
3	3881	180.610109819993	1
3	3886	180.810109819993	1
3	3901	181.862216850115	1
3	3906	182.062216850115	1
3	3922	182.63652010544	1
3	3932	182.870761492021	1
3	3942	183.070761492021	1
3	3947	183.270761492021	1
3	3958	184.318882458474	1
3	3974	185.100378902887	1
3	3979	185.300378902887	1
3	3990	186.749284857018	1
3	4006	187.198711034265	1
3	4011	187.398711034265	1
3	4022	188.429790549595	1
3	4033	189.948214466595	1
3	4051	190.694866446709	1
3	4063	190.894866446709	1
3	4074	191.094866446709	1
3	4081	191.294866446709	1
3	4094	191.494866446709	1
3	4101	191.694866446709	1
3	4106	191.894866446709	1
3	4118	192.094866446709	1
3	4125	192.294866446709	1
3	4130	192.494866446709	1
3	4146	192.912736072851	1
3	4151	193.112736072851	1
3	4165	193.485194108314	1
3	4173	193.729491302507	1
3	4184	195.117667448832	1
3	4200	195.461417082981	1
3	4216	195.661417082981	1
3	4225	195.861417082981	1
3	4232	196.061417082981	1
3	4237	196.261417082981	1
3	4242	196.461417082981	1
3	4253	196.986049916032	1
3	4269	199.192447388187	1
3	4277	199.392447388187	1
3	4290	199.610796970233	1
3	4295	199.810796970233	1
4	14	1.433677525325	0.4002
4	19	1.633677525325	0.594611667531
4	35	3.16879561748	0.4002
4	40	3.36879561748	0.463350144229
4	57	4.322667516623	0.4002
4	65	4.559686977546	0.4002
4	73	4.938109405024	0.4002
4	89	5.78577422983	0.4002
4	102	5.98577422983	0.467742831078
4	109	6.19262566381	0.4002
4	120	6.39262566381	0.594467866123
4	131	6.671775724019	0.4002
4	136	6.953246595708	0.4002
4	153	7.67959815991	0.4002
4	164	7.936974288867	0.4002
4	172	8.193993941382	0.4002
4	180	8.563772431947	0.4002
4	194	9.591981104633	0.4002
4	202	9.917400370488	0.4002
4	213	11.222216395572	0.4002
4	228	11.627457588005	0.4002
4	239	11.827457588005	0.520980672165
4	244	12.098635375123	0.4002
4	255	12.703174809507	0.4002
4	272	13.418602254362	0.4002
4	277	13.676251201545	0.4002
4	288	14.299299323141	0.4002
4	299	15.151904861739	0.4002
4	319	15.63527875677	0.4002
4	327	15.83527875677	0.589444482052
4	339	16.03527875677	0.511801592312
4	344	16.23527875677	0.494242369334
4	355	16.43527875677	0.523648179056
4	360	16.640840375117	0.4002
4	371	18.462893612412	0.4002
4	392	19.501878499412	0.4002
4	406	19.704941697822	0.4002
4	418	19.904941697822	0.57254364084
4	425	20.104941697822	0.649080921666
4	430	20.304941697822	0.693621172072
4	435	20.504941697822	0.859584315231
4	440	20.704941697822	0.886828100756
4	451	22.251791427399	0.4002
4	471	22.816100594769	0.4002
4	486	23.016100594769	0.531799799651
4	495	23.216100594769	0.553020688421
4	508	23.416100594769	0.55862022703
4	515	23.616100594769	0.657743987678
4	523	23.816100594769	0.82095147874
4	530	24.016100594769	0.730838255489
4	540	24.216100594769	0.803540533468
4	545	24.416100594769	0.624975229355
4	550	24.616100594769	0.574838721188
4	561	25.893530138225	0.4002
4	575	27.025909959686	0.4002
4	589	27.386300486044	0.4002
4	594	27.598213007239	0.4002
4	605	28.157984825573	0.4002
4	628	30.249554394788	0.4002
4	638	30.449554394788	0.535312141453
4	648	30.649554394788	0.72073569184
4	658	30.849554394788	0.718524163558
4	663	31.049554394788	0.701835068149
4	671	31.249554394788	0.741419167285
4	678	31.449554394788	0.701627372013
4	683	31.649554394788	0.479241152444
4	694	32.292814348869	0.4002
4	705	32.832396720347	0.4002
4	724	34.229232724227	0.4002
4	735	34.429232724227	0.434500910266
4	745	34.629232724227	0.441897708288
4	757	34.829232724227	0.562641936734
4	764	35.029232724227	0.479405875988
4	769	35.229232724227	0.618993737892
4	780	35.429232724227	0.661538532066
4	785	35.715127018171	0.4002
4	800	36.522492698117	0.4002
4	808	36.722492698117	0.567260989766
4	821	37.063817197238	0.4002
4	831	37.390086523467	0.4002
4	839	37.590086523467	0.564618389403
4	847	37.948826066619	0.4002
4	862	38.411547907685	0.4002
4	867	38.611547907685	0.525943149823
4	878	39.279580728197	0.4002
4	900	39.860261739553	0.4002
4	907	40.060261739553	0.583934188581
4	912	40.260261739553	0.76718730787
4	917	40.460261739553	0.663291551492
4	928	41.377311820586	0.4002
4	944	42.158046677262	0.4002
4	949	42.358046677262	0.471842866544
4	960	44.5233222118	0.4002
4	971	44.945232365903	0.4002
4	993	45.383724761274	0.4002
4	1003	45.583724761274	0.448797457045
4	1010	45.783724761274	0.628952650589
4	1023	45.983724761274	0.729231686172
4	1030	46.183724761274	0.633554559437
4	1040	46.383724761274	0.599186732447
4	1045	46.583724761274	0.69495302444
4	1053	46.783724761274	0.573046916769
4	1071	47.104040876808	0.4002
4	1076	47.304040876808	0.456037661841
4	1081	47.504040876808	0.534799421839
4	1096	48.29580674269	0.4002
4	1101	48.49580674269	0.518369559314
4	1115	49.312080289769	0.4002
4	1123	49.69617117793	0.4002
4	1141	50.33744064321	0.4002
4	1148	50.53744064321	0.547304808897
4	1153	50.73744064321	0.455586448548
4	1167	51.338870715402	0.4002
4	1175	51.736446393841	0.4002
4	1186	53.140252150089	0.4002
4	1197	53.632848695648	0.4002
4	1211	55.067999628758	0.4002
4	1225	55.414309143818	0.4002
4	1230	55.649101806094	0.4002
4	1241	56.318049228287	0.4002
4	1255	56.770910425364	0.4002
4	1263	57.075914095754	0.4002
4	1274	57.618243218478	0.4002
4	1288	58.097785936162	0.4002
4	1296	58.455053528603	0.4002
4	1310	59.00231328103	0.4002
4	1332	59.320595186342	0.4002
4	1345	59.610765210906	0.4002
4	1356	59.810765210906	0.595744059422
4	1366	60.010765210906	0.788995672668
4	1373	60.210765210906	0.953840013273
4	1378	60.410765210906	1.140711679407
4	1383	60.610765210906	1.055409508935
4	1391	60.810765210906	1.097249095724
4	1403	61.010765210906	1.014877714498
4	1408	61.210765210906	0.450412375791
4	1413	61.410765210906	0.547586363751
4	1427	62.693369438321	0.4002
4	1439	63.070567339601	0.4002
4	1447	63.270567339601	0.537843322189
4	1455	63.589928497519	0.4002
4	1466	64.274467881242	0.4002
4	1477	64.91260428282	0.4002
4	1493	66.830578813193	0.4002
4	1498	67.030578813193	0.417273059396
4	1515	67.700158591882	0.4002
4	1523	67.95924777354	0.4002
4	1531	68.30141389713	0.4002
4	1546	69.166602415934	0.4002
4	1554	69.366602415934	0.537691193297
4	1562	69.671422896245	0.4002
4	1573	70.434531311716	0.4002
4	1591	71.047496621967	0.4002
4	1602	71.247496621967	0.583646102733
4	1607	71.447496621967	0.426376676832
4	1612	71.647496621967	0.569894178813
4	1628	72.363962249024	0.4002
4	1633	72.563962249024	0.46403147912
4	1649	73.137825819076	0.4002
4	1654	73.337825819076	0.407089551902
4	1665	74.336871380647	0.4002
4	1681	75.665297197959	0.4002
4	1692	75.865297197959	0.486492564094
4	1702	76.097612916879	0.4002
4	1713	76.297612916879	0.422907969447
4	1721	76.590560538603	0.4002
4	1729	76.913505365922	0.4002
4	1743	77.75629137061	0.4002
4	1756	78.096510018832	0.4002
4	1761	78.296510018832	0.461927725721
4	1772	78.702616079647	0.4002
4	1783	79.192727419515	0.4002
4	1797	80.047178618827	0.4002
4	1808	80.422230773524	0.4002
4	1816	80.797326456959	0.4002
4	1827	81.260698703181	0.4002
4	1843	82.660815500055	0.4002
4	1848	82.860815500055	0.446035098287
4	1867	83.457541849105	0.4002
4	1874	83.740775363599	0.4002
4	1885	83.940775363599	0.501731872953
4	1890	84.192868167249	0.4002
4	1907	84.676299012985	0.4002
4	1912	84.931175779477	0.4002
4	1928	85.344267567692	0.4002
4	1933	85.544267567692	0.430724883166
4	1944	86.234444592703	0.4002
4	1955	87.505585372955	0.4002
4	1972	88.327202531138	0.4002
4	1989	88.592585403385	0.4002
4	1996	88.792585403385	0.422843562604
4	2001	88.992585403385	0.504870600199
4	2006	89.192585403385	0.630397398566
4	2017	90.260061250625	0.4002
4	2038	90.764535594956	0.4002
4	2047	91.034342005009	0.4002
4	2052	91.234342005009	0.596028456212
4	2057	91.434342005009	0.720783906198
4	2072	91.890720122698	0.4002
4	2083	92.090720122698	0.547669842965
4	2088	92.291905584955	0.4002
4	2099	93.552893461441	0.4002
4	2115	96.477644422331	0.4002
4	2120	96.677644422331	0.423408016904
4	2131	98.723291425375	0.4002
4	2150	100.222336311746	0.4002
4	2157	100.422336311746	0.471411025316
4	2162	100.622336311746	0.465643552372
4	2179	101.505310408094	0.4002
4	2184	101.74943577632	0.4002
4	2195	102.587271465048	0.4002
4	2211	103.801994750128	0.4002
4	2216	104.001994750128	0.465518311103
4	2227	104.503228213624	0.4002
4	2238	105.038026816415	0.4002
4	2249	105.789638141279	0.4002
4	2260	107.679500015221	0.4002
4	2271	108.273700410223	0.4002
4	2282	108.931280193699	0.4002
4	2302	110.2836612235	0.4002
4	2307	110.4836612235	0.549942548443
4	2320	110.6836612235	0.505925458254
4	2330	110.925115833046	0.4002
4	2342	111.125115833046	0.511369742478
4	2353	111.325115833046	0.401086625613
4	2360	111.525115833046	0.451023874117
4	2365	111.725115833046	0.650651788401
4	2370	111.925115833046	0.768817184316
4	2381	113.808660818982	0.4002
4	2392	114.443940014013	0.4002
4	2403	115.4942519202	0.4002
4	2419	115.895749586632	0.4002
4	2430	116.095749586632	0.47775385584
4	2435	116.308707904122	0.4002
4	2446	116.773620740334	0.4002
4	2460	117.600045239691	0.4002
4	2468	117.919330342572	0.4002
4	2485	118.330778984839	0.4002
4	2490	118.553226860799	0.4002
4	2504	119.075430498261	0.4002
4	2518	119.452189649388	0.4002
4	2523	119.704588584146	0.4002
4	2534	120.120589925583	0.4002
4	2545	120.628457473517	0.4002
4	2567	121.524984646256	0.4002
4	2574	121.724984646256	0.533813871501
4	2579	121.924984646256	0.701377477158
4	2590	122.124984646256	0.618501976006
4	2598	122.372850331325	0.4002
4	2609	122.714667935994	0.4002
4	2625	123.064867387206	0.4002
4	2637	123.335323190549	0.4002
4	2646	123.535323190549	0.512845481777
4	2651	123.735323190549	0.495592204641
4	2659	123.935323190549	0.617004718871
4	2667	124.287760304035	0.4002
4	2683	124.795596078721	0.4002
4	2688	124.995596078721	0.402864785578
4	2708	126.065321034079	0.4002
4	2718	126.265321034079	0.490784439789
4	2728	126.465321034079	0.674075427196
4	2737	126.665321034079	0.564831542156
4	2742	126.865321034079	0.485504249029
4	2747	127.065321034079	0.604661693154
4	2758	127.912288421785	0.4002
4	2772	128.548941839261	0.4002
4	2780	128.872557722726	0.4002
4	2797	129.311617998218	0.4002
4	2808	129.540711292761	0.4002
4	2824	129.821400647221	0.4002
4	2834	130.021400647221	0.462553596836
4	2847	130.221400647221	0.638402982671
4	2854	130.421400647221	0.813686115219
4	2862	130.621400647221	0.616312405222
4	2869	130.821400647221	0.720025369249
4	2877	131.021400647221	0.852384768557
4	2884	131.221400647221	0.645545416733
4	2892	131.421400647221	0.413346998219
4	2904	131.785855888385	0.4002
4	2917	131.985855888385	0.50679094954
4	2929	132.272139164834	0.4002
4	2937	132.472139164834	0.573261856323
4	2944	132.672139164834	0.595600537604
4	2949	132.872139164834	0.476752974695
4	2965	133.798399406438	0.4002
4	2970	133.998399406438	0.471975063861
4	2981	134.865108341623	0.4002
4	2997	135.701505217269	0.4002
4	3007	136.014904462243	0.4002
4	3012	136.214904462243	0.525999806942
4	3027	136.78497564172	0.4002
4	3032	136.98497564172	0.554817743753
4	3049	137.595603510356	0.4002
4	3060	137.873318945121	0.4002
4	3065	138.102828513309	0.4002
4	3080	138.694241399904	0.4002
4	3091	138.894241399904	0.502610207026
4	3101	139.150277057808	0.4002
4	3112	139.350277057808	0.454441622597
4	3125	139.621325713436	0.4002
4	3135	139.821325713436	0.464891700377
4	3142	140.021325713436	0.456084570926
4	3147	140.221325713436	0.407380252175
4	3162	141.507486729587	0.4002
4	3167	141.707486729587	0.59658375017
4	3183	142.724933668911	0.4002
4	3188	142.924933668911	0.435328939665
4	3202	143.505138442878	0.4002
4	3210	143.890228278301	0.4002
4	3227	144.922715513661	0.4002
4	3235	145.197723413305	0.4002
4	3246	145.59577916363	0.4002
4	3254	145.975237132648	0.4002
4	3265	147.751350748526	0.4002
4	3276	148.425036356393	0.4002
4	3287	149.163695278487	0.4002
4	3298	150.502083246535	0.4002
4	3314	150.910463252053	0.4002
4	3319	151.110463252053	0.402939604447
4	3338	151.738406899253	0.4002
4	3345	151.938406899253	0.44245164833
4	3353	152.138406899253	0.402305671042
4	3364	152.459646730445	0.4002
4	3372	152.790533903874	0.4002
4	3383	153.260846374881	0.4002
4	3399	153.844986242967	0.4002
4	3404	154.044986242967	0.496533876142
4	3427	154.889448634824	0.4002
4	3434	155.089448634824	0.586002646527
4	3439	155.289448634824	0.570196722484
4	3444	155.489448634824	0.656122728261
4	3463	156.060664962443	0.4002
4	3470	156.260664962443	0.459611981496
4	3481	156.460664962443	0.477106311009
4	3486	156.670402302293	0.4002
4	3497	157.343112002013	0.4002
4	3514	157.841495449844	0.4002
4	3524	158.104080583802	0.4002
4	3529	158.304080583802	0.42084462686
4	3540	160.042348698931	0.4002
4	3551	161.897026749162	0.4002
4	3562	162.499997769794	0.4002
4	3577	163.524544506167	0.4002
4	3585	163.724544506167	0.530993871399
4	3593	164.07850676886	0.4002
4	3610	165.583512867542	0.4002
4	3623	165.789672445576	0.4002
4	3633	166.067124995165	0.4002
4	3640	166.267124995165	0.507196865919
4	3645	166.467124995165	0.461709380021
4	3656	166.944623761422	0.4002
4	3667	169.50185563476	0.4002
4	3678	170.130277146505	0.4002
4	3697	170.648778309524	0.4002
4	3702	170.848778309524	0.566006659787
4	3710	171.048778309524	0.752305511146
4	3718	171.442758552299	0.4002
4	3729	172.029162064577	0.4002
4	3744	173.126605370825	0.4002
4	3752	173.326605370825	0.567529896757
4	3766	173.659415775155	0.4002
4	3771	173.903792910305	0.4002
4	3787	174.511398299338	0.4002
4	3792	174.711398299338	0.483034975205
4	3803	175.624074386939	0.4002
4	3814	176.658867124217	0.4002
4	3825	178.144132441144	0.4002
4	3842	178.720515133305	0.4002
4	3847	178.937352075157	0.4002
4	3862	180.016926072846	0.4002
4	3867	180.216926072846	0.569686691565
4	3883	180.710109819993	0.4002
4	3888	180.910109819993	0.413975584833
4	3903	181.962216850115	0.4002
4	3908	182.162216850115	0.506522315071
4	3927	182.73652010544	0.4002
4	3937	182.970761492021	0.4002
4	3944	183.170761492021	0.578969148807
4	3949	183.370761492021	0.428408679909
4	3960	184.418882458474	0.4002
4	3976	185.200378902887	0.4002
4	3981	185.400378902887	0.474616318913
4	3992	186.849284857018	0.4002
4	4008	187.298711034265	0.4002
4	4013	187.498711034265	0.429081005591
4	4024	188.529790549595	0.4002
4	4035	190.048214466595	0.4002
4	4055	190.794866446709	0.4002
4	4069	190.994866446709	0.498502410554
4	4078	191.194866446709	0.643809496109
4	4086	191.394866446709	0.553845464638
4	4098	191.594866446709	0.73656778872
4	4103	191.794866446709	0.835815917253
4	4113	191.994866446709	0.699754654388
4	4122	192.194866446709	0.748762072946
4	4127	192.394866446709	0.440606696459
4	4132	192.594866446709	0.631928370782
4	4148	193.012736072851	0.4002
4	4156	193.212736072851	0.458833088124
4	4170	193.585194108314	0.4002
4	4175	193.829491302507	0.4002
4	4189	195.217667448832	0.4002
4	4205	195.561417082981	0.4002
4	4220	195.761417082981	0.412151843039
4	4229	195.961417082981	0.431278318566
4	4234	196.161417082981	0.594323868051
4	4239	196.361417082981	0.787760448171
4	4244	196.561417082981	0.922743758882
4	4255	197.086049916032	0.4002
4	4271	199.292447388187	0.4002
4	4285	199.492447388187	0.465544036809
4	4292	199.710796970233	0.4002
4	4297	199.910796970233	0.476673007809
5	14	1.433677525325	1
5	19	1.633677525325	1
5	35	3.16879561748	1
5	40	3.36879561748	1
5	57	4.322667516623	1
5	65	4.559686977546	1
5	73	4.938109405024	1
5	89	5.78577422983	1
5	102	5.98577422983	1
5	109	6.19262566381	1
5	120	6.39262566381	1
5	131	6.671775724019	1
5	136	6.953246595708	1
5	153	7.67959815991	1
5	164	7.936974288867	1
5	172	8.193993941382	1
5	180	8.563772431947	1
5	194	9.591981104633	1
5	202	9.917400370488	1
5	213	11.222216395572	1
5	228	11.627457588005	1
5	239	11.827457588005	1
5	244	12.098635375123	1
5	255	12.703174809507	1
5	272	13.418602254362	1
5	277	13.676251201545	1
5	288	14.299299323141	1
5	299	15.151904861739	1
5	319	15.63527875677	1
5	327	15.83527875677	1
5	339	16.03527875677	1
5	344	16.23527875677	1
5	355	16.43527875677	1
5	360	16.640840375117	1
5	371	18.462893612412	1
5	392	19.501878499412	1
5	406	19.704941697822	1
5	418	19.904941697822	1
5	425	20.104941697822	1
5	430	20.304941697822	1
5	435	20.504941697822	1
5	440	20.704941697822	1
5	451	22.251791427399	1
5	471	22.816100594769	1
5	486	23.016100594769	1
5	495	23.216100594769	1
5	508	23.416100594769	1
5	515	23.616100594769	1
5	523	23.816100594769	1
5	530	24.016100594769	1
5	540	24.216100594769	1
5	545	24.416100594769	1
5	550	24.616100594769	1
5	561	25.893530138225	1
5	575	27.025909959686	1
5	589	27.386300486044	1
5	594	27.598213007239	1
5	605	28.157984825573	1
5	628	30.249554394788	1
5	638	30.449554394788	1
5	648	30.649554394788	1
5	658	30.849554394788	1
5	663	31.049554394788	1
5	671	31.249554394788	1
5	678	31.449554394788	1
5	683	31.649554394788	1
5	694	32.292814348869	1
5	705	32.832396720347	1
5	724	34.229232724227	1
5	735	34.429232724227	1
5	745	34.629232724227	1
5	757	34.829232724227	1
5	764	35.029232724227	1
5	769	35.229232724227	1
5	780	35.429232724227	1
5	785	35.715127018171	1
5	800	36.522492698117	1
5	808	36.722492698117	1
5	821	37.063817197238	1
5	831	37.390086523467	1
5	839	37.590086523467	1
5	847	37.948826066619	1
5	862	38.411547907685	1
5	867	38.611547907685	1
5	878	39.279580728197	1
5	900	39.860261739553	1
5	907	40.060261739553	1
5	912	40.260261739553	1
5	917	40.460261739553	1
5	928	41.377311820586	1
5	944	42.158046677262	1
5	949	42.358046677262	1
5	960	44.5233222118	1
5	971	44.945232365903	1
5	993	45.383724761274	1
5	1003	45.583724761274	1
5	1010	45.783724761274	1
5	1023	45.983724761274	1
5	1030	46.183724761274	1
5	1040	46.383724761274	1
5	1045	46.583724761274	1
5	1053	46.783724761274	1
5	1071	47.104040876808	1
5	1076	47.304040876808	1
5	1081	47.504040876808	1
5	1096	48.29580674269	1
5	1101	48.49580674269	1
5	1115	49.312080289769	1
5	1123	49.69617117793	1
5	1141	50.33744064321	1
5	1148	50.53744064321	1
5	1153	50.73744064321	1
5	1167	51.338870715402	1
5	1175	51.736446393841	1
5	1186	53.140252150089	1
5	1197	53.632848695648	1
5	1211	55.067999628758	1
5	1225	55.414309143818	1
5	1230	55.649101806094	1
5	1241	56.318049228287	1
5	1255	56.770910425364	1
5	1263	57.075914095754	1
5	1274	57.618243218478	1
5	1288	58.097785936162	1
5	1296	58.455053528603	1
5	1310	59.00231328103	1
5	1332	59.320595186342	1
5	1345	59.610765210906	1
5	1356	59.810765210906	1
5	1366	60.010765210906	1
5	1373	60.210765210906	1
5	1378	60.410765210906	1
5	1383	60.610765210906	1
5	1391	60.810765210906	1
5	1403	61.010765210906	1
5	1408	61.210765210906	1
5	1413	61.410765210906	1
5	1427	62.693369438321	1
5	1439	63.070567339601	1
5	1447	63.270567339601	1
5	1455	63.589928497519	1
5	1466	64.274467881242	1
5	1477	64.91260428282	1
5	1493	66.830578813193	1
5	1498	67.030578813193	1
5	1515	67.700158591882	1
5	1523	67.95924777354	1
5	1531	68.30141389713	1
5	1546	69.166602415934	1
5	1554	69.366602415934	1
5	1562	69.671422896245	1
5	1573	70.434531311716	1
5	1591	71.047496621967	1
5	1602	71.247496621967	1
5	1607	71.447496621967	1
5	1612	71.647496621967	1
5	1628	72.363962249024	1
5	1633	72.563962249024	1
5	1649	73.137825819076	1
5	1654	73.337825819076	1
5	1665	74.336871380647	1
5	1681	75.665297197959	1
5	1692	75.865297197959	1
5	1702	76.097612916879	1
5	1713	76.297612916879	1
5	1721	76.590560538603	1
5	1729	76.913505365922	1
5	1743	77.75629137061	1
5	1756	78.096510018832	1
5	1761	78.296510018832	1
5	1772	78.702616079647	1
5	1783	79.192727419515	1
5	1797	80.047178618827	1
5	1808	80.422230773524	1
5	1816	80.797326456959	1
5	1827	81.260698703181	1
5	1843	82.660815500055	1
5	1848	82.860815500055	1
5	1867	83.457541849105	1
5	1874	83.740775363599	1
5	1885	83.940775363599	1
5	1890	84.192868167249	1
5	1907	84.676299012985	1
5	1912	84.931175779477	1
5	1928	85.344267567692	1
5	1933	85.544267567692	1
5	1944	86.234444592703	1
5	1955	87.505585372955	1
5	1972	88.327202531138	1
5	1989	88.592585403385	1
5	1996	88.792585403385	1
5	2001	88.992585403385	1
5	2006	89.192585403385	1
5	2017	90.260061250625	1
5	2038	90.764535594956	1
5	2047	91.034342005009	1
5	2052	91.234342005009	1
5	2057	91.434342005009	1
5	2072	91.890720122698	1
5	2083	92.090720122698	1
5	2088	92.291905584955	1
5	2099	93.552893461441	1
5	2115	96.477644422331	1
5	2120	96.677644422331	1
5	2131	98.723291425375	1
5	2150	100.222336311746	1
5	2157	100.422336311746	1
5	2162	100.622336311746	1
5	2179	101.505310408094	1
5	2184	101.74943577632	1
5	2195	102.587271465048	1
5	2211	103.801994750128	1
5	2216	104.001994750128	1
5	2227	104.503228213624	1
5	2238	105.038026816415	1
5	2249	105.789638141279	1
5	2260	107.679500015221	1
5	2271	108.273700410223	1
5	2282	108.931280193699	1
5	2302	110.2836612235	1
5	2307	110.4836612235	1
5	2320	110.6836612235	1
5	2330	110.925115833046	1
5	2342	111.125115833046	1
5	2353	111.325115833046	1
5	2360	111.525115833046	1
5	2365	111.725115833046	1
5	2370	111.925115833046	1
5	2381	113.808660818982	1
5	2392	114.443940014013	1
5	2403	115.4942519202	1
5	2419	115.895749586632	1
5	2430	116.095749586632	1
5	2435	116.308707904122	1
5	2446	116.773620740334	1
5	2460	117.600045239691	1
5	2468	117.919330342572	1
5	2485	118.330778984839	1
5	2490	118.553226860799	1
5	2504	119.075430498261	1
5	2518	119.452189649388	1
5	2523	119.704588584146	1
5	2534	120.120589925583	1
5	2545	120.628457473517	1
5	2567	121.524984646256	1
5	2574	121.724984646256	1
5	2579	121.924984646256	1
5	2590	122.124984646256	1
5	2598	122.372850331325	1
5	2609	122.714667935994	1
5	2625	123.064867387206	1
5	2637	123.335323190549	1
5	2646	123.535323190549	1
5	2651	123.735323190549	1
5	2659	123.935323190549	1
5	2667	124.287760304035	1
5	2683	124.795596078721	1
5	2688	124.995596078721	1
5	2708	126.065321034079	1
5	2718	126.265321034079	1
5	2728	126.465321034079	1
5	2737	126.665321034079	1
5	2742	126.865321034079	1
5	2747	127.065321034079	1
5	2758	127.912288421785	1
5	2772	128.548941839261	1
5	2780	128.872557722726	1
5	2797	129.311617998218	1
5	2808	129.540711292761	1
5	2824	129.821400647221	1
5	2834	130.021400647221	1
5	2847	130.221400647221	1
5	2854	130.421400647221	1
5	2862	130.621400647221	1
5	2869	130.821400647221	1
5	2877	131.021400647221	1
5	2884	131.221400647221	1
5	2892	131.421400647221	1
5	2904	131.785855888385	1
5	2917	131.985855888385	1
5	2929	132.272139164834	1
5	2937	132.472139164834	1
5	2944	132.672139164834	1
5	2949	132.872139164834	1
5	2965	133.798399406438	1
5	2970	133.998399406438	1
5	2981	134.865108341623	1
5	2997	135.701505217269	1
5	3007	136.014904462243	1
5	3012	136.214904462243	1
5	3027	136.78497564172	1
5	3032	136.98497564172	1
5	3049	137.595603510356	1
5	3060	137.873318945121	1
5	3065	138.102828513309	1
5	3080	138.694241399904	1
5	3091	138.894241399904	1
5	3101	139.150277057808	1
5	3112	139.350277057808	1
5	3125	139.621325713436	1
5	3135	139.821325713436	1
5	3142	140.021325713436	1
5	3147	140.221325713436	1
5	3162	141.507486729587	1
5	3167	141.707486729587	1
5	3183	142.724933668911	1
5	3188	142.924933668911	1
5	3202	143.505138442878	1
5	3210	143.890228278301	1
5	3227	144.922715513661	1
5	3235	145.197723413305	1
5	3246	145.59577916363	1
5	3254	145.975237132648	1
5	3265	147.751350748526	1
5	3276	148.425036356393	1
5	3287	149.163695278487	1
5	3298	150.502083246535	1
5	3314	150.910463252053	1
5	3319	151.110463252053	1
5	3338	151.738406899253	1
5	3345	151.938406899253	1
5	3353	152.138406899253	1
5	3364	152.459646730445	1
5	3372	152.790533903874	1
5	3383	153.260846374881	1
5	3399	153.844986242967	1
5	3404	154.044986242967	1
5	3427	154.889448634824	1
5	3434	155.089448634824	1
5	3439	155.289448634824	1
5	3444	155.489448634824	1
5	3463	156.060664962443	1
5	3470	156.260664962443	1
5	3481	156.460664962443	1
5	3486	156.670402302293	1
5	3497	157.343112002013	1
5	3514	157.841495449844	1
5	3524	158.104080583802	1
5	3529	158.304080583802	1
5	3540	160.042348698931	1
5	3551	161.897026749162	1
5	3562	162.499997769794	1
5	3577	163.524544506167	1
5	3585	163.724544506167	1
5	3593	164.07850676886	1
5	3610	165.583512867542	1
5	3623	165.789672445576	1
5	3633	166.067124995165	1
5	3640	166.267124995165	1
5	3645	166.467124995165	1
5	3656	166.944623761422	1
5	3667	169.50185563476	1
5	3678	170.130277146505	1
5	3697	170.648778309524	1
5	3702	170.848778309524	1
5	3710	171.048778309524	1
5	3718	171.442758552299	1
5	3729	172.029162064577	1
5	3744	173.126605370825	1
5	3752	173.326605370825	1
5	3766	173.659415775155	1
5	3771	173.903792910305	1
5	3787	174.511398299338	1
5	3792	174.711398299338	1
5	3803	175.624074386939	1
5	3814	176.658867124217	1
5	3825	178.144132441144	1
5	3842	178.720515133305	1
5	3847	178.937352075157	1
5	3862	180.016926072846	1
5	3867	180.216926072846	1
5	3883	180.710109819993	1
5	3888	180.910109819993	1
5	3903	181.962216850115	1
5	3908	182.162216850115	1
5	3927	182.73652010544	1
5	3937	182.970761492021	1
5	3944	183.170761492021	1
5	3949	183.370761492021	1
5	3960	184.418882458474	1
5	3976	185.200378902887	1
5	3981	185.400378902887	1
5	3992	186.849284857018	1
5	4008	187.298711034265	1
5	4013	187.498711034265	1
5	4024	188.529790549595	1
5	4035	190.048214466595	1
5	4055	190.794866446709	1
5	4069	190.994866446709	1
5	4078	191.194866446709	1
5	4086	191.394866446709	1
5	4098	191.594866446709	1
5	4103	191.794866446709	1
5	4113	191.994866446709	1
5	4122	192.194866446709	1
5	4127	192.394866446709	1
5	4132	192.594866446709	1
5	4148	193.012736072851	1
5	4156	193.212736072851	1
5	4170	193.585194108314	1
5	4175	193.829491302507	1
5	4189	195.217667448832	1
5	4205	195.561417082981	1
5	4220	195.761417082981	1
5	4229	195.961417082981	1
5	4234	196.161417082981	1
5	4239	196.361417082981	1
5	4244	196.561417082981	1
5	4255	197.086049916032	1
5	4271	199.292447388187	1
5	4285	199.492447388187	1
5	4292	199.710796970233	1
5	4297	199.910796970233	1

