version 3
run BaseVersion-5-20240511-20:48:36-11938
attr configname BaseVersion
attr datetime 20240511-20:48:36
attr datetimef 20240511-204836
attr experiment BaseVersion
attr inifile omnetpp.ini
attr iterationvars $genInterval=0.35
attr iterationvarsd genInterval=0.35
attr iterationvarsf genInterval=0.35-
attr measurement $genInterval=0.35
attr network Network
attr processid 11938
attr repetition 0
attr replication #0
attr resultdir results
attr runnumber 5
attr seedset 5
itervar genInterval 0.35
config network Network
config sim-time-limit 200s
config Network.nodeTx.gen.generationInterval exponential(0.35)
config Network.nodeTx.gen.packetByteSize 12500
config Network.nodeTx.queue.bufferSize 200
config Network.nodeRx.queue.bufferSize 200
config Network.queue.bufferSize 200

vector 0 Network.nodeTx.gen packetGen ETV
vector 1 Network.nodeTx.queue bufferSize ETV
vector 2 Network.queue bufferSize ETV
vector 3 Network.nodeRx.queue bufferSize ETV
vector 4 Network.nodeRx.sink Delay ETV
vector 5 Network.nodeRx.sink packetUsed ETV
0	1	0.087856992192	1
0	4	0.107723332959	1
0	21	0.823777783242	1
0	32	1.446707198619	1
0	35	1.527759485918	1
0	42	1.686009576054	1
0	62	2.563989467379	1
0	73	3.92361729734	1
0	79	4.158199226058	1
0	82	4.191139137606	1
0	97	4.522270639911	1
0	107	4.699161120275	1
0	124	5.207375288622	1
0	130	5.360384608913	1
0	140	5.616122168926	1
0	151	5.849493078192	1
0	160	5.97273320139	1
0	177	7.614523570689	1
0	180	7.687292658748	1
0	197	8.265397494041	1
0	200	8.294863175281	1
0	210	8.661760216099	1
0	227	9.131142660967	1
0	238	9.730298490325	1
0	244	9.934054186594	1
0	250	10.031278966658	1
0	255	10.091599136589	1
0	273	10.597525377366	1
0	289	11.339434011982	1
0	292	11.380575261141	1
0	297	11.492688790369	1
0	301	11.572611472865	1
0	312	11.759804295575	1
0	315	11.804186360201	1
0	322	11.927068024952	1
0	348	12.663097046349	1
0	360	13.009940641585	1
0	371	13.269520062536	1
0	385	13.573010127838	1
0	393	13.810149679565	1
0	407	14.130789489591	1
0	420	14.591490093033	1
0	426	14.699640041377	1
0	429	14.704780874439	1
0	433	14.822042602668	1
0	435	14.856347211501	1
0	442	14.958714448991	1
0	465	15.571876096645	1
0	475	15.710772984947	1
0	495	16.338223723274	1
0	500	16.392710622383	1
0	517	17.173013588239	1
0	520	17.23638381183	1
0	537	18.346026306061	1
0	548	19.508834266599	1
0	554	19.797242697141	1
0	570	20.925838695362	1
0	573	20.95905853321	1
0	578	21.03212653551	1
0	599	22.963669197701	1
0	602	22.972281591855	1
0	609	23.199411369809	1
0	615	23.279510360296	1
0	631	23.683730526241	1
0	646	24.104938602396	1
0	659	24.753804493207	1
0	670	25.282977795382	1
0	679	25.61808104735	1
0	682	25.626201098165	1
0	691	25.916089035664	1
0	704	26.217772018513	1
0	714	26.378464915345	1
0	717	26.379040147334	1
0	733	26.790007123509	1
0	745	27.043610581857	1
0	761	27.636416519095	1
0	770	27.993795371567	1
0	783	28.903404773762	1
0	794	30.388182891915	1
0	797	30.390195941243	1
0	802	30.495156170243	1
0	816	30.941394323519	1
0	833	31.509094650058	1
0	842	31.894021281637	1
0	855	32.609401624767	1
0	858	32.687399247017	1
0	875	33.583645408897	1
0	886	34.0011664475	1
0	889	34.00194228208	1
0	899	34.30176628656	1
0	909	34.523635978323	1
0	921	34.827029086004	1
0	937	36.222932756393	1
0	940	36.24627128352	1
0	947	36.424445262667	1
0	950	36.49272962711	1
0	971	37.080929595643	1
0	982	37.227170755811	1
0	992	37.503903185776	1
0	1006	37.832303759415	1
0	1019	38.347992472222	1
0	1022	38.424118586097	1
0	1032	38.656327682267	1
0	1035	38.701685773111	1
0	1037	38.7120260708	1
0	1067	39.666983428161	1
0	1070	39.698658435819	1
0	1075	39.82902813869	1
0	1079	39.870387165521	1
0	1090	40.095456796456	1
0	1098	40.196727058094	1
0	1101	40.219207870647	1
0	1134	41.391704394648	1
0	1140	41.504424816321	1
0	1150	41.854087700512	1
0	1156	41.94374663893	1
0	1175	42.537491539682	1
0	1186	43.540466814291	1
0	1192	43.832681709932	1
0	1203	43.998459100006	1
0	1216	44.351551104924	1
0	1224	44.521073685165	1
0	1239	45.105851681506	1
0	1245	45.231690327682	1
0	1260	46.146225488028	1
0	1263	46.222201992195	1
0	1280	47.075350190629	1
0	1291	47.541899739976	1
0	1302	48.151560630723	1
0	1313	49.069065397697	1
0	1316	49.103694315169	1
0	1328	49.507156779867	1
0	1337	49.663931088675	1
0	1347	49.857132774623	1
0	1350	49.869786959262	1
0	1363	50.162219201928	1
0	1376	50.438875903205	1
0	1381	50.523591685691	1
0	1400	51.080208992983	1
0	1405	51.13999782262	1
0	1407	51.158371761929	1
0	1429	51.790736488651	1
0	1432	51.863913650683	1
0	1451	52.516553944024	1
0	1457	52.675762977097	1
0	1470	53.036939134134	1
0	1475	53.134973688025	1
0	1480	53.185425630498	1
0	1499	53.740235862259	1
0	1502	53.808297522637	1
0	1511	53.960201408329	1
0	1519	54.094601075372	1
0	1534	54.4510895663	1
0	1551	55.544724399695	1
0	1557	55.782746539651	1
0	1563	55.8726754496	1
0	1575	56.179229318657	1
0	1592	56.953972334266	1
0	1603	57.934602640466	1
0	1614	58.878563866715	1
0	1625	59.884542398286	1
0	1628	59.915673500392	1
0	1630	59.957126529581	1
0	1649	60.540942001076	1
0	1665	61.190209687543	1
0	1676	63.006913620389	1
0	1682	63.155555460363	1
0	1690	63.307798867658	1
0	1693	63.344996913631	1
0	1704	63.576614794099	1
0	1714	63.745857105585	1
0	1731	64.220212142576	1
0	1742	64.470138119813	1
0	1753	64.633395215021	1
0	1768	65.769789368397	1
0	1771	65.782316011469	1
0	1776	65.944869777612	1
0	1780	66.002849701874	1
0	1782	66.007205993856	1
0	1789	66.143062332216	1
0	1814	66.830469831271	1
0	1820	66.874221711103	1
0	1822	66.915445631443	1
0	1833	67.07147382312	1
0	1844	67.299231917781	1
0	1859	67.717831631819	1
0	1881	68.381777035081	1
0	1892	68.931759357901	1
0	1898	69.184832547747	1
0	1909	69.39164675015	1
0	1920	69.598737674457	1
0	1936	70.834868525403	1
0	1947	71.399006521856	1
0	1953	71.649189011518	1
0	1956	71.656399765385	1
0	1968	71.889403361057	1
0	1981	72.186930861826	1
0	1984	72.206143097603	1
0	1995	72.391636312236	1
0	2000	72.490617886438	1
0	2026	73.963721165301	1
0	2037	74.457321258477	1
0	2048	75.023085838082	1
0	2057	75.368714164086	1
0	2060	75.388129589806	1
0	2077	75.87057923735	1
0	2080	75.944538104378	1
0	2099	77.483787018373	1
0	2105	77.694572627711	1
0	2119	78.006577985295	1
0	2132	78.431417827279	1
0	2138	78.67851111441	1
0	2147	78.819749829671	1
0	2152	78.905494207043	1
0	2161	79.061685504042	1
0	2173	79.360406455615	1
0	2193	80.250905062129	1
0	2204	80.783909504347	1
0	2215	81.858799232583	1
0	2226	82.479428113915	1
0	2232	82.66272938845	1
0	2235	82.759275703617	1
0	2256	83.560214915202	1
0	2267	84.235984758002	1
0	2273	84.376284229242	1
0	2276	84.43013871283	1
0	2278	84.460365674451	1
0	2299	84.959691643103	1
0	2309	85.221513673933	1
0	2326	86.170435909831	1
0	2335	86.548889595108	1
0	2348	86.989436119005	1
0	2359	87.771609007724	1
0	2362	87.819567678603	1
0	2379	88.994489238629	1
0	2382	89.040154066029	1
0	2397	89.554438216888	1
0	2408	89.879817672075	1
0	2421	90.377997065433	1
0	2432	91.816590062279	1
0	2443	92.249905279959	1
0	2454	93.071841692845	1
0	2465	93.495048515223	1
0	2471	93.600925725261	1
0	2486	94.111274746333	1
0	2495	94.429127757756	1
0	2508	95.711244723435	1
0	2514	95.853515624745	1
0	2522	96.017297762419	1
0	2532	96.223690924435	1
0	2535	96.254038436513	1
0	2551	96.61643811258	1
0	2556	96.71232546147	1
0	2565	96.858644742026	1
0	2570	96.946272192234	1
0	2591	97.596851166164	1
0	2602	97.755025848024	1
0	2615	98.101417983961	1
0	2628	98.683253235285	1
0	2631	98.761434203791	1
0	2633	98.78312640527	1
0	2640	98.950983293722	1
0	2651	99.160063091182	1
0	2664	99.419522716349	1
0	2684	100.006668366454	1
0	2695	100.400449194207	1
0	2703	100.507846376226	1
0	2708	100.623435313699	1
0	2711	100.646360324601	1
0	2730	101.136404981488	1
0	2735	101.233429864273	1
0	2751	101.656645359616	1
0	2754	101.687763239452	1
0	2759	101.723096932908	1
0	2780	102.300282428136	1
0	2783	102.337932766901	1
0	2791	102.403253589721	1
0	2797	102.550796477851	1
0	2804	102.626865897252	1
0	2825	103.227047792847	1
0	2842	103.816960969917	1
0	2853	104.721905229483	1
0	2864	105.303687524756	1
0	2875	105.800493966796	1
0	2884	106.112019216477	1
0	2897	106.851442938321	1
0	2908	107.713137139962	1
0	2919	108.386936992381	1
0	2922	108.408526978876	1
0	2924	108.473931444704	1
0	2948	109.647240403752	1
0	2957	109.954818940591	1
0	2965	110.251003146664	1
0	2976	110.402150821924	1
0	2981	110.528248376892	1
0	2999	110.997913321856	1
0	3012	111.609367098765	1
0	3015	111.619656666536	1
0	3025	111.996640702406	1
0	3030	112.063107251878	1
0	3051	113.569917670167	1
0	3054	113.620227418178	1
0	3056	113.660028378997	1
0	3080	115.033275942855	1
0	3089	115.337667414249	1
0	3102	116.278860699316	1
0	3108	116.50294074187	1
0	3124	116.931665077536	1
0	3133	117.301381005277	1
0	3146	118.26372380932	1
0	3149	118.360633896876	1
0	3164	118.828342003276	1
0	3167	118.839410717996	1
0	3174	119.00928100988	1
0	3185	119.284301256015	1
0	3205	120.055854968913	1
0	3211	120.214640860001	1
0	3221	120.514938349503	1
0	3237	121.294988477064	1
0	3248	121.913867704884	1
0	3254	122.129108962546	1
0	3257	122.164167515646	1
0	3269	122.354010790428	1
0	3272	122.400681731941	1
0	3288	122.751429361496	1
0	3303	123.201464792912	1
0	3314	123.463628107795	1
0	3320	123.545148374176	1
0	3339	124.682516177748	1
0	3345	124.840064169905	1
0	3360	125.384644939961	1
0	3371	126.398260889962	1
0	3377	126.638556870158	1
0	3393	127.113058271285	1
0	3396	127.196066961006	1
0	3403	127.39138114872	1
0	3418	127.715586506139	1
0	3421	127.779108512151	1
0	3441	128.262323326942	1
0	3449	128.525411118372	1
0	3465	129.018921323477	1
0	3468	129.059383876682	1
0	3485	130.822183108456	1
0	3496	131.247818574415	1
0	3499	131.334106625018	1
0	3516	131.871299065539	1
0	3522	132.065372056286	1
0	3537	132.751129997851	1
0	3543	132.944115286242	1
0	3558	133.368104710971	1
0	3564	133.502390583823	1
0	3579	134.311869931064	1
0	3585	134.470999129899	1
0	3600	134.977496169341	1
0	3606	135.204987512864	1
0	3622	135.703861923016	1
0	3628	135.977241156957	1
0	3634	136.00524987734	1
0	3641	136.113119210442	1
0	3643	136.149656637826	1
0	3647	136.200158302572	1
0	3654	136.314141507121	1
0	3660	136.439922059738	1
0	3667	136.497823451982	1
0	3669	136.549181869076	1
0	3675	136.589936611567	1
0	3682	136.723736758028	1
0	3693	136.952020945985	1
0	3711	137.349930147228	1
0	3721	137.486701016871	1
0	3733	137.808578253451	1
0	3748	138.226685819714	1
0	3783	140.28723150251	1
0	3789	140.481412995694	1
0	3799	140.769484460499	1
0	3815	141.425108590011	1
0	3821	141.703596950029	1
0	3832	141.924438022304	1
0	3846	142.284307716159	1
0	3859	142.976163601548	1
0	3870	143.43029289601	1
0	3873	143.452317540877	1
0	3883	143.78713708802	1
0	3888	143.842297926827	1
0	3902	144.153079173533	1
0	3914	144.519057966246	1
0	3928	144.844166119641	1
0	3936	145.015369799348	1
0	3944	145.168730140463	1
0	3954	145.385898112856	1
0	3971	145.911702403418	1
0	3974	145.951369218435	1
0	3984	146.276122233357	1
0	3989	146.344583283935	1
0	3996	146.474065599203	1
0	4009	146.77343126484	1
0	4015	146.872087039769	1
0	4028	147.152318873337	1
0	4031	147.178195387265	1
0	4042	147.399684185401	1
0	4052	147.549237579479	1
0	4072	148.198636468981	1
0	4075	148.20316243187	1
0	4085	148.327411995742	1
0	4087	148.390794372729	1
0	4103	148.741786642213	1
0	4106	148.763579497282	1
0	4117	148.946227816356	1
0	4124	149.060308965986	1
0	4134	149.286532606468	1
0	4144	149.436409617916	1
0	4167	150.150193412687	1
0	4179	150.463297751634	1
0	4190	150.629273930715	1
0	4205	151.151373565047	1
0	4211	151.382689541052	1
0	4225	151.725750689856	1
0	4228	151.778695874409	1
0	4235	151.839586642215	1
0	4237	151.867040899232	1
0	4263	152.651768746313	1
0	4276	153.059532293669	1
0	4287	153.518566252578	1
0	4298	154.118868602166	1
0	4304	154.35991120333	1
0	4318	154.695540468344	1
0	4329	155.056675521075	1
0	4342	155.849125043908	1
0	4348	156.098422771513	1
0	4362	156.446910875366	1
0	4367	156.511371445995	1
0	4384	157.07524087233	1
0	4393	157.434245798521	1
0	4401	157.591577171432	1
0	4416	159.144501831833	1
0	4419	159.154338385621	1
0	4434	159.669226532446	1
0	4447	160.596634124928	1
0	4450	160.66672474918	1
0	4460	160.956227318515	1
0	4465	161.000877143555	1
0	4486	161.667183124206	1
0	4497	162.599637553511	1
0	4503	162.795856142888	1
0	4518	163.639016205574	1
0	4529	164.073276744928	1
0	4540	164.557340150597	1
0	4551	165.259157401029	1
0	4562	165.75942414737	1
0	4568	165.954374436417	1
0	4571	166.008334789883	1
0	4592	167.337112896323	1
0	4603	167.921968665935	1
0	4612	168.293059700028	1
0	4617	168.367798329877	1
0	4622	168.454950229044	1
0	4626	168.513791199253	1
0	4628	168.521487522525	1
0	4639	168.704430436633	1
0	4653	169.082964683244	1
0	4656	169.083098723747	1
0	4660	169.166518037005	1
0	4686	169.820204815816	1
0	4693	169.929887971281	1
0	4696	169.991383829488	1
0	4717	170.545856470675	1
0	4735	171.016325077237	1
0	4738	171.03784120397	1
0	4750	171.343900525318	1
0	4757	171.489260307147	1
0	4775	172.004042771073	1
0	4783	172.297891429069	1
0	4797	172.618587205772	1
0	4808	172.991119239931	1
0	4821	174.130807719531	1
0	4827	174.370721347353	1
0	4838	174.537908794886	1
0	4848	174.83428652448	1
0	4859	175.074801512504	1
0	4875	176.436367924304	1
0	4881	176.580918417408	1
0	4896	177.080011593872	1
0	4907	177.555210018317	1
0	4918	179.565638030719	1
0	4924	179.690722282531	1
0	4939	180.550944170673	1
0	4950	181.11212983231	1
0	4961	182.042483047561	1
0	4964	182.073937464853	1
0	4966	182.112274339036	1
0	4971	182.206335903862	1
0	4973	182.213276413079	1
0	4982	182.415070313926	1
0	4988	182.513839237856	1
0	4995	182.560993816834	1
0	4997	182.571929033487	1
0	5003	182.651358290497	1
0	5005	182.717705773677	1
0	5035	183.3625004016	1
0	5055	183.97810466792	1
0	5062	184.141171055096	1
0	5092	185.083879739944	1
0	5095	185.170250180928	1
0	5112	185.920956423873	1
0	5123	186.576039373638	1
0	5126	186.581531429353	1
0	5136	186.881323252731	1
0	5143	187.002677060523	1
0	5156	187.354198716183	1
0	5173	187.881161107669	1
0	5184	188.650314652998	1
0	5190	188.883630407402	1
0	5206	189.321697523906	1
0	5217	189.851216572849	1
0	5223	189.959029898447	1
0	5238	191.957436265914	1
0	5241	191.960850776258	1
0	5243	191.992783737842	1
0	5255	192.271844370662	1
0	5258	192.331620721734	1
0	5276	192.761903814883	1
0	5286	192.97699121352	1
0	5304	193.55040467462	1
0	5317	194.752179411352	1
0	5320	194.826215488455	1
0	5322	194.827935928781	1
0	5336	195.179933579357	1
0	5342	195.255067702095	1
0	5365	196.231420401314	1
0	5371	196.424433909541	1
0	5376	196.52896395015	1
0	5396	197.314278951418	1
0	5402	197.435375461003	1
0	5417	197.959071987161	1
0	5423	198.153149048334	1
0	5426	198.245860476015	1
0	5440	198.542210645196	1
0	5445	198.615270682819	1
1	2	0.087856992192	1
1	5	0.107723332959	1
1	22	0.823777783242	1
1	33	1.446707198619	1
1	36	1.527759485918	1
1	43	1.686009576054	1
1	63	2.563989467379	1
1	74	3.92361729734	1
1	80	4.158199226058	1
1	83	4.191139137606	1
1	98	4.522270639911	1
1	108	4.699161120275	1
1	125	5.207375288622	1
1	131	5.360384608913	1
1	141	5.616122168926	1
1	152	5.849493078192	1
1	161	5.97273320139	1
1	178	7.614523570689	1
1	181	7.687292658748	1
1	198	8.265397494041	1
1	201	8.294863175281	1
1	211	8.661760216099	1
1	228	9.131142660967	1
1	239	9.730298490325	1
1	245	9.934054186594	1
1	251	10.031278966658	1
1	256	10.091599136589	1
1	274	10.597525377366	1
1	290	11.339434011982	1
1	293	11.380575261141	1
1	298	11.492688790369	1
1	302	11.572611472865	1
1	313	11.759804295575	1
1	316	11.804186360201	1
1	323	11.927068024952	1
1	349	12.663097046349	1
1	361	13.009940641585	1
1	372	13.269520062536	1
1	386	13.573010127838	1
1	394	13.810149679565	1
1	408	14.130789489591	1
1	421	14.591490093033	1
1	427	14.699640041377	1
1	430	14.704780874439	1
1	434	14.822042602668	1
1	436	14.856347211501	2
1	443	14.958714448991	2
1	466	15.571876096645	1
1	476	15.710772984947	1
1	496	16.338223723274	1
1	501	16.392710622383	1
1	518	17.173013588239	1
1	521	17.23638381183	1
1	538	18.346026306061	1
1	549	19.508834266599	1
1	555	19.797242697141	1
1	571	20.925838695362	1
1	574	20.95905853321	1
1	579	21.03212653551	1
1	600	22.963669197701	1
1	603	22.972281591855	1
1	610	23.199411369809	1
1	616	23.279510360296	1
1	632	23.683730526241	1
1	647	24.104938602396	1
1	660	24.753804493207	1
1	671	25.282977795382	1
1	680	25.61808104735	1
1	683	25.626201098165	1
1	692	25.916089035664	1
1	705	26.217772018513	1
1	715	26.378464915345	1
1	718	26.379040147334	1
1	734	26.790007123509	1
1	746	27.043610581857	1
1	762	27.636416519095	1
1	771	27.993795371567	1
1	784	28.903404773762	1
1	795	30.388182891915	1
1	798	30.390195941243	1
1	803	30.495156170243	1
1	817	30.941394323519	1
1	834	31.509094650058	1
1	843	31.894021281637	1
1	856	32.609401624767	1
1	859	32.687399247017	1
1	876	33.583645408897	1
1	887	34.0011664475	1
1	890	34.00194228208	1
1	900	34.30176628656	1
1	910	34.523635978323	1
1	922	34.827029086004	1
1	938	36.222932756393	1
1	941	36.24627128352	1
1	948	36.424445262667	1
1	951	36.49272962711	1
1	972	37.080929595643	1
1	983	37.227170755811	1
1	993	37.503903185776	1
1	1007	37.832303759415	1
1	1020	38.347992472222	1
1	1023	38.424118586097	1
1	1033	38.656327682267	1
1	1036	38.701685773111	1
1	1038	38.7120260708	2
1	1068	39.666983428161	1
1	1071	39.698658435819	1
1	1076	39.82902813869	1
1	1080	39.870387165521	1
1	1091	40.095456796456	1
1	1099	40.196727058094	1
1	1102	40.219207870647	1
1	1135	41.391704394648	1
1	1141	41.504424816321	1
1	1151	41.854087700512	1
1	1157	41.94374663893	1
1	1176	42.537491539682	1
1	1187	43.540466814291	1
1	1193	43.832681709932	1
1	1204	43.998459100006	1
1	1217	44.351551104924	1
1	1225	44.521073685165	1
1	1240	45.105851681506	1
1	1246	45.231690327682	1
1	1261	46.146225488028	1
1	1264	46.222201992195	1
1	1281	47.075350190629	1
1	1292	47.541899739976	1
1	1303	48.151560630723	1
1	1314	49.069065397697	1
1	1317	49.103694315169	1
1	1329	49.507156779867	1
1	1338	49.663931088675	1
1	1348	49.857132774623	1
1	1351	49.869786959262	1
1	1364	50.162219201928	1
1	1377	50.438875903205	1
1	1382	50.523591685691	1
1	1401	51.080208992983	1
1	1406	51.13999782262	1
1	1408	51.158371761929	2
1	1430	51.790736488651	1
1	1433	51.863913650683	1
1	1452	52.516553944024	1
1	1458	52.675762977097	1
1	1471	53.036939134134	1
1	1476	53.134973688025	1
1	1481	53.185425630498	1
1	1500	53.740235862259	1
1	1503	53.808297522637	1
1	1512	53.960201408329	1
1	1520	54.094601075372	1
1	1535	54.4510895663	1
1	1552	55.544724399695	1
1	1558	55.782746539651	1
1	1564	55.8726754496	1
1	1576	56.179229318657	1
1	1593	56.953972334266	1
1	1604	57.934602640466	1
1	1615	58.878563866715	1
1	1626	59.884542398286	1
1	1629	59.915673500392	1
1	1631	59.957126529581	2
1	1650	60.540942001076	1
1	1666	61.190209687543	1
1	1677	63.006913620389	1
1	1683	63.155555460363	1
1	1691	63.307798867658	1
1	1694	63.344996913631	1
1	1705	63.576614794099	1
1	1715	63.745857105585	1
1	1732	64.220212142576	1
1	1743	64.470138119813	1
1	1754	64.633395215021	1
1	1769	65.769789368397	1
1	1772	65.782316011469	1
1	1777	65.944869777612	1
1	1781	66.002849701874	1
1	1783	66.007205993856	2
1	1790	66.143062332216	2
1	1815	66.830469831271	1
1	1821	66.874221711103	1
1	1823	66.915445631443	2
1	1834	67.07147382312	1
1	1845	67.299231917781	1
1	1860	67.717831631819	1
1	1882	68.381777035081	1
1	1893	68.931759357901	1
1	1899	69.184832547747	1
1	1910	69.39164675015	1
1	1921	69.598737674457	1
1	1937	70.834868525403	1
1	1948	71.399006521856	1
1	1954	71.649189011518	1
1	1957	71.656399765385	1
1	1969	71.889403361057	1
1	1982	72.186930861826	1
1	1985	72.206143097603	1
1	1996	72.391636312236	1
1	2001	72.490617886438	1
1	2027	73.963721165301	1
1	2038	74.457321258477	1
1	2049	75.023085838082	1
1	2058	75.368714164086	1
1	2061	75.388129589806	1
1	2078	75.87057923735	1
1	2081	75.944538104378	1
1	2100	77.483787018373	1
1	2106	77.694572627711	1
1	2120	78.006577985295	1
1	2133	78.431417827279	1
1	2139	78.67851111441	1
1	2148	78.819749829671	1
1	2153	78.905494207043	1
1	2162	79.061685504042	1
1	2174	79.360406455615	1
1	2194	80.250905062129	1
1	2205	80.783909504347	1
1	2216	81.858799232583	1
1	2227	82.479428113915	1
1	2233	82.66272938845	1
1	2236	82.759275703617	1
1	2257	83.560214915202	1
1	2268	84.235984758002	1
1	2274	84.376284229242	1
1	2277	84.43013871283	1
1	2279	84.460365674451	2
1	2300	84.959691643103	1
1	2310	85.221513673933	1
1	2327	86.170435909831	1
1	2336	86.548889595108	1
1	2349	86.989436119005	1
1	2360	87.771609007724	1
1	2363	87.819567678603	1
1	2380	88.994489238629	1
1	2383	89.040154066029	1
1	2398	89.554438216888	1
1	2409	89.879817672075	1
1	2422	90.377997065433	1
1	2433	91.816590062279	1
1	2444	92.249905279959	1
1	2455	93.071841692845	1
1	2466	93.495048515223	1
1	2472	93.600925725261	1
1	2487	94.111274746333	1
1	2496	94.429127757756	1
1	2509	95.711244723435	1
1	2515	95.853515624745	1
1	2523	96.017297762419	1
1	2533	96.223690924435	1
1	2536	96.254038436513	1
1	2552	96.61643811258	1
1	2557	96.71232546147	1
1	2566	96.858644742026	1
1	2571	96.946272192234	1
1	2592	97.596851166164	1
1	2603	97.755025848024	1
1	2616	98.101417983961	1
1	2629	98.683253235285	1
1	2632	98.761434203791	1
1	2634	98.78312640527	2
1	2641	98.950983293722	1
1	2652	99.160063091182	1
1	2665	99.419522716349	1
1	2685	100.006668366454	1
1	2696	100.400449194207	1
1	2704	100.507846376226	1
1	2709	100.623435313699	1
1	2712	100.646360324601	1
1	2731	101.136404981488	1
1	2736	101.233429864273	1
1	2752	101.656645359616	1
1	2755	101.687763239452	1
1	2760	101.723096932908	2
1	2781	102.300282428136	1
1	2784	102.337932766901	1
1	2792	102.403253589721	1
1	2798	102.550796477851	1
1	2805	102.626865897252	1
1	2826	103.227047792847	1
1	2843	103.816960969917	1
1	2854	104.721905229483	1
1	2865	105.303687524756	1
1	2876	105.800493966796	1
1	2885	106.112019216477	1
1	2898	106.851442938321	1
1	2909	107.713137139962	1
1	2920	108.386936992381	1
1	2923	108.408526978876	1
1	2925	108.473931444704	2
1	2949	109.647240403752	1
1	2958	109.954818940591	1
1	2966	110.251003146664	1
1	2977	110.402150821924	1
1	2982	110.528248376892	1
1	3000	110.997913321856	1
1	3013	111.609367098765	1
1	3016	111.619656666536	1
1	3026	111.996640702406	1
1	3031	112.063107251878	1
1	3052	113.569917670167	1
1	3055	113.620227418178	1
1	3057	113.660028378997	2
1	3081	115.033275942855	1
1	3090	115.337667414249	1
1	3103	116.278860699316	1
1	3109	116.50294074187	1
1	3125	116.931665077536	1
1	3134	117.301381005277	1
1	3147	118.26372380932	1
1	3150	118.360633896876	1
1	3165	118.828342003276	1
1	3168	118.839410717996	1
1	3175	119.00928100988	1
1	3186	119.284301256015	1
1	3206	120.055854968913	1
1	3212	120.214640860001	1
1	3222	120.514938349503	1
1	3238	121.294988477064	1
1	3249	121.913867704884	1
1	3255	122.129108962546	1
1	3258	122.164167515646	1
1	3270	122.354010790428	1
1	3273	122.400681731941	1
1	3289	122.751429361496	1
1	3304	123.201464792912	1
1	3315	123.463628107795	1
1	3321	123.545148374176	1
1	3340	124.682516177748	1
1	3346	124.840064169905	1
1	3361	125.384644939961	1
1	3372	126.398260889962	1
1	3378	126.638556870158	1
1	3394	127.113058271285	1
1	3397	127.196066961006	1
1	3404	127.39138114872	1
1	3419	127.715586506139	1
1	3422	127.779108512151	1
1	3442	128.262323326942	1
1	3450	128.525411118372	1
1	3466	129.018921323477	1
1	3469	129.059383876682	1
1	3486	130.822183108456	1
1	3497	131.247818574415	1
1	3500	131.334106625018	1
1	3517	131.871299065539	1
1	3523	132.065372056286	1
1	3538	132.751129997851	1
1	3544	132.944115286242	1
1	3559	133.368104710971	1
1	3565	133.502390583823	1
1	3580	134.311869931064	1
1	3586	134.470999129899	1
1	3601	134.977496169341	1
1	3607	135.204987512864	1
1	3623	135.703861923016	1
1	3629	135.977241156957	1
1	3635	136.00524987734	1
1	3642	136.113119210442	1
1	3644	136.149656637826	2
1	3648	136.200158302572	2
1	3655	136.314141507121	2
1	3661	136.439922059738	2
1	3668	136.497823451982	2
1	3670	136.549181869076	3
1	3676	136.589936611567	3
1	3683	136.723736758028	3
1	3694	136.952020945985	2
1	3712	137.349930147228	1
1	3722	137.486701016871	1
1	3734	137.808578253451	1
1	3749	138.226685819714	1
1	3784	140.28723150251	1
1	3790	140.481412995694	1
1	3800	140.769484460499	1
1	3816	141.425108590011	1
1	3822	141.703596950029	1
1	3833	141.924438022304	1
1	3847	142.284307716159	1
1	3860	142.976163601548	1
1	3871	143.43029289601	1
1	3874	143.452317540877	1
1	3884	143.78713708802	1
1	3889	143.842297926827	1
1	3903	144.153079173533	1
1	3915	144.519057966246	1
1	3929	144.844166119641	1
1	3937	145.015369799348	1
1	3945	145.168730140463	1
1	3955	145.385898112856	1
1	3972	145.911702403418	1
1	3975	145.951369218435	1
1	3985	146.276122233357	1
1	3990	146.344583283935	1
1	3997	146.474065599203	1
1	4010	146.77343126484	1
1	4016	146.872087039769	1
1	4029	147.152318873337	1
1	4032	147.178195387265	1
1	4043	147.399684185401	1
1	4053	147.549237579479	1
1	4073	148.198636468981	1
1	4076	148.20316243187	1
1	4086	148.327411995742	1
1	4088	148.390794372729	2
1	4104	148.741786642213	1
1	4107	148.763579497282	1
1	4118	148.946227816356	1
1	4125	149.060308965986	1
1	4135	149.286532606468	1
1	4145	149.436409617916	1
1	4168	150.150193412687	1
1	4180	150.463297751634	1
1	4191	150.629273930715	1
1	4206	151.151373565047	1
1	4212	151.382689541052	1
1	4226	151.725750689856	1
1	4229	151.778695874409	1
1	4236	151.839586642215	1
1	4238	151.867040899232	2
1	4264	152.651768746313	1
1	4277	153.059532293669	1
1	4288	153.518566252578	1
1	4299	154.118868602166	1
1	4305	154.35991120333	1
1	4319	154.695540468344	1
1	4330	155.056675521075	1
1	4343	155.849125043908	1
1	4349	156.098422771513	1
1	4363	156.446910875366	1
1	4368	156.511371445995	1
1	4385	157.07524087233	1
1	4394	157.434245798521	1
1	4402	157.591577171432	1
1	4417	159.144501831833	1
1	4420	159.154338385621	1
1	4435	159.669226532446	1
1	4448	160.596634124928	1
1	4451	160.66672474918	1
1	4461	160.956227318515	1
1	4466	161.000877143555	1
1	4487	161.667183124206	1
1	4498	162.599637553511	1
1	4504	162.795856142888	1
1	4519	163.639016205574	1
1	4530	164.073276744928	1
1	4541	164.557340150597	1
1	4552	165.259157401029	1
1	4563	165.75942414737	1
1	4569	165.954374436417	1
1	4572	166.008334789883	1
1	4593	167.337112896323	1
1	4604	167.921968665935	1
1	4613	168.293059700028	1
1	4618	168.367798329877	1
1	4623	168.454950229044	1
1	4627	168.513791199253	1
1	4629	168.521487522525	2
1	4640	168.704430436633	1
1	4654	169.082964683244	1
1	4657	169.083098723747	1
1	4661	169.166518037005	2
1	4687	169.820204815816	1
1	4694	169.929887971281	1
1	4697	169.991383829488	1
1	4718	170.545856470675	1
1	4736	171.016325077237	1
1	4739	171.03784120397	1
1	4751	171.343900525318	1
1	4758	171.489260307147	1
1	4776	172.004042771073	1
1	4784	172.297891429069	1
1	4798	172.618587205772	1
1	4809	172.991119239931	1
1	4822	174.130807719531	1
1	4828	174.370721347353	1
1	4839	174.537908794886	1
1	4849	174.83428652448	1
1	4860	175.074801512504	1
1	4876	176.436367924304	1
1	4882	176.580918417408	1
1	4897	177.080011593872	1
1	4908	177.555210018317	1
1	4919	179.565638030719	1
1	4925	179.690722282531	1
1	4940	180.550944170673	1
1	4951	181.11212983231	1
1	4962	182.042483047561	1
1	4965	182.073937464853	1
1	4967	182.112274339036	2
1	4972	182.206335903862	2
1	4974	182.213276413079	3
1	4983	182.415070313926	2
1	4989	182.513839237856	2
1	4996	182.560993816834	2
1	4998	182.571929033487	3
1	5004	182.651358290497	3
1	5006	182.717705773677	4
1	5036	183.3625004016	1
1	5056	183.97810466792	1
1	5063	184.141171055096	1
1	5093	185.083879739944	1
1	5096	185.170250180928	1
1	5113	185.920956423873	1
1	5124	186.576039373638	1
1	5127	186.581531429353	1
1	5137	186.881323252731	1
1	5144	187.002677060523	1
1	5157	187.354198716183	1
1	5174	187.881161107669	1
1	5185	188.650314652998	1
1	5191	188.883630407402	1
1	5207	189.321697523906	1
1	5218	189.851216572849	1
1	5224	189.959029898447	1
1	5239	191.957436265914	1
1	5242	191.960850776258	1
1	5244	191.992783737842	2
1	5256	192.271844370662	1
1	5259	192.331620721734	1
1	5277	192.761903814883	1
1	5287	192.97699121352	1
1	5305	193.55040467462	1
1	5318	194.752179411352	1
1	5321	194.826215488455	1
1	5323	194.827935928781	2
1	5337	195.179933579357	1
1	5343	195.255067702095	1
1	5366	196.231420401314	1
1	5372	196.424433909541	1
1	5377	196.52896395015	1
1	5397	197.314278951418	1
1	5403	197.435375461003	1
1	5418	197.959071987161	1
1	5424	198.153149048334	1
1	5427	198.245860476015	1
1	5441	198.542210645196	1
1	5446	198.615270682819	1
2	7	0.187956992192	1
2	10	0.287956992192	1
2	25	0.923877783242	1
2	38	1.546807198619	1
2	41	1.646807198619	1
2	49	1.786109576054	1
2	66	2.664089467379	1
2	77	4.02371729734	1
2	88	4.258299226058	1
2	93	4.358299226058	1
2	103	4.622370639911	1
2	113	4.799261120275	1
2	128	5.307475288622	1
2	134	5.460484608913	1
2	147	5.716222168926	1
2	158	5.949593078192	1
2	166	6.07283320139	1
2	183	7.714623570689	1
2	186	7.814623570689	1
2	203	8.365497494041	1
2	206	8.465497494041	1
2	216	8.761860216099	1
2	231	9.231242660967	1
2	242	9.830398490325	1
2	253	10.034154186594	1
2	260	10.134154186594	1
2	263	10.234154186594	1
2	280	10.697625377366	1
2	295	11.439534011982	1
2	300	11.539534011982	1
2	305	11.639534011982	1
2	309	11.739534011982	2
2	321	11.859904295575	2
2	327	11.959904295575	3
2	332	12.059904295575	3
2	354	12.763197046349	1
2	367	13.110040641585	1
2	378	13.369620062536	1
2	391	13.673110127838	1
2	400	13.910249679565	1
2	413	14.230889489591	1
2	424	14.691590093033	1
2	432	14.799740041377	1
2	441	14.899740041377	1
2	447	14.999740041377	2
2	452	15.099740041377	2
2	456	15.199740041377	3
2	471	15.671976096645	2
2	481	15.810872984947	2
2	503	16.438323723274	1
2	506	16.538323723274	1
2	523	17.273113588239	1
2	526	17.373113588239	1
2	541	18.446126306061	1
2	552	19.608934266599	1
2	561	19.897342697141	1
2	576	21.025938695362	1
2	581	21.125938695362	1
2	584	21.225938695362	1
2	605	23.063769197701	1
2	608	23.163769197701	1
2	618	23.299511369809	1
2	622	23.399511369809	2
2	637	23.783830526241	1
2	652	24.205038602396	1
2	663	24.853904493207	1
2	674	25.383077795382	1
2	687	25.71818104735	1
2	690	25.81818104735	1
2	698	26.016189035664	1
2	710	26.317872018513	1
2	722	26.478564915345	1
2	727	26.578564915345	1
2	739	26.890107123509	1
2	752	27.143710581857	1
2	765	27.736516519095	1
2	776	28.093895371567	1
2	787	29.003504773762	1
2	800	30.488282891915	1
2	805	30.588282891915	1
2	808	30.688282891915	1
2	822	31.041494323519	1
2	837	31.609194650058	1
2	848	31.994121281637	1
2	861	32.709501624767	1
2	864	32.809501624767	1
2	879	33.683745408897	1
2	892	34.1012664475	1
2	895	34.2012664475	1
2	905	34.40186628656	1
2	915	34.623735978323	1
2	928	34.927129086004	1
2	943	36.323032756393	1
2	946	36.423032756393	1
2	956	36.524545262667	1
2	960	36.624545262667	2
2	978	37.181029595643	1
2	986	37.327270755811	1
2	999	37.604003185776	1
2	1012	37.932403759415	1
2	1025	38.448092472222	1
2	1028	38.548092472222	1
2	1042	38.756427682267	1
2	1047	38.856427682267	1
2	1051	38.956427682267	2
2	1073	39.767083428161	1
2	1078	39.867083428161	1
2	1083	39.967083428161	1
2	1087	40.067083428161	2
2	1097	40.195556796456	2
2	1106	40.296827058094	3
2	1111	40.396827058094	3
2	1138	41.491804394648	1
2	1144	41.604524816321	1
2	1159	41.954187700512	1
2	1164	42.054187700512	1
2	1179	42.637591539682	1
2	1190	43.640566814291	1
2	1199	43.932781709932	1
2	1207	44.098559100006	1
2	1222	44.451651104924	1
2	1228	44.621173685165	1
2	1243	45.205951681506	1
2	1249	45.331790327682	1
2	1266	46.246325488028	1
2	1269	46.346325488028	1
2	1284	47.175450190629	1
2	1295	47.641999739976	1
2	1306	48.251660630723	1
2	1319	49.169165397697	1
2	1322	49.269165397697	1
2	1335	49.607256779867	1
2	1343	49.764031088675	1
2	1355	49.957232774623	1
2	1360	50.057232774623	1
2	1370	50.262319201928	1
2	1384	50.538975903205	1
2	1389	50.638975903205	1
2	1410	51.180308992983	1
2	1413	51.280308992983	1
2	1416	51.380308992983	1
2	1437	51.890836488651	1
2	1440	51.990836488651	1
2	1455	52.616653944024	1
2	1461	52.775862977097	1
2	1478	53.137039134134	1
2	1483	53.237039134134	1
2	1486	53.337039134134	1
2	1507	53.840335862259	1
2	1510	53.940335862259	1
2	1518	54.060301408329	1
2	1525	54.194701075372	2
2	1540	54.5511895663	1
2	1555	55.644824399695	1
2	1566	55.882846539651	1
2	1571	55.982846539651	1
2	1581	56.279329318657	1
2	1596	57.054072334266	1
2	1607	58.034702640466	1
2	1618	58.978663866715	1
2	1633	59.984642398286	1
2	1636	60.084642398286	1
2	1639	60.184642398286	1
2	1656	60.641042001076	1
2	1669	61.290309687543	1
2	1680	63.107013620389	1
2	1686	63.255655460363	1
2	1698	63.407898867658	1
2	1703	63.507898867658	1
2	1710	63.676714794099	2
2	1720	63.845957105585	2
2	1738	64.320312142576	1
2	1749	64.570238119813	1
2	1757	64.733495215021	1
2	1774	65.869889368397	1
2	1779	65.969889368397	1
2	1786	66.069889368397	1
2	1792	66.169889368397	2
2	1797	66.269889368397	2
2	1801	66.369889368397	3
2	1825	66.930569831271	1
2	1829	67.030569831271	2
2	1836	67.130569831271	2
2	1840	67.230569831271	3
2	1850	67.399331917781	3
2	1865	67.817931631819	2
2	1885	68.481877035081	1
2	1896	69.031859357901	1
2	1905	69.284932547747	1
2	1916	69.49174675015	1
2	1927	69.698837674457	1
2	1940	70.934968525403	1
2	1951	71.499106521856	1
2	1962	71.749289011518	1
2	1967	71.849289011518	1
2	1975	71.989503361057	1
2	1989	72.287030861826	1
2	1994	72.387030861826	1
2	2003	72.491736312236	2
2	2008	72.591736312236	2
2	2030	74.063821165301	1
2	2041	74.557421258477	1
2	2052	75.123185838082	1
2	2065	75.468814164086	1
2	2068	75.568814164086	1
2	2085	75.97067923735	1
2	2088	76.07067923735	1
2	2103	77.583887018373	1
2	2112	77.794672627711	1
2	2125	78.106677985295	1
2	2136	78.531517827279	1
2	2145	78.77861111441	1
2	2155	78.919849829671	1
2	2160	79.019849829671	1
2	2167	79.161785504042	2
2	2180	79.460506455615	1
2	2197	80.351005062129	1
2	2208	80.884009504347	1
2	2219	81.958899232583	1
2	2230	82.579528113915	1
2	2238	82.76282938845	1
2	2243	82.86282938845	1
2	2260	83.660314915202	1
2	2271	84.336084758002	1
2	2281	84.476384229242	1
2	2286	84.576384229242	1
2	2290	84.676384229242	2
2	2305	85.059791643103	1
2	2315	85.321613673933	1
2	2330	86.270535909831	1
2	2341	86.648989595108	1
2	2352	87.089536119005	1
2	2365	87.871709007724	1
2	2368	87.971709007724	1
2	2385	89.094589238629	1
2	2388	89.194589238629	1
2	2403	89.654538216888	1
2	2414	89.979917672075	1
2	2425	90.478097065433	1
2	2436	91.916690062279	1
2	2447	92.350005279959	1
2	2458	93.171941692845	1
2	2469	93.595148515223	1
2	2475	93.701025725261	1
2	2490	94.211374746333	1
2	2501	94.529227757756	1
2	2512	95.811344723435	1
2	2518	95.953615624745	1
2	2528	96.117397762419	1
2	2540	96.323790924435	1
2	2545	96.423790924435	1
2	2559	96.71653811258	1
2	2564	96.81653811258	1
2	2573	96.958744742026	2
2	2578	97.058744742026	2
2	2598	97.696951166164	1
2	2606	97.855125848024	1
2	2621	98.201517983961	1
2	2636	98.783353235285	1
2	2639	98.883353235285	1
2	2644	98.983353235285	1
2	2648	99.083353235285	2
2	2658	99.260163091182	2
2	2670	99.519622716349	2
2	2690	100.106768366454	1
2	2701	100.500549194207	1
2	2707	100.607946376226	1
2	2717	100.723535313699	1
2	2721	100.823535313699	2
2	2738	101.236504981488	1
2	2743	101.336504981488	1
2	2762	101.756745359616	1
2	2767	101.856745359616	1
2	2770	101.956745359616	1
2	2789	102.400382428136	1
2	2796	102.500382428136	1
2	2801	102.600382428136	1
2	2807	102.700382428136	2
2	2812	102.800382428136	2
2	2831	103.327147792847	1
2	2846	103.917060969917	1
2	2857	104.822005229483	1
2	2868	105.403787524756	1
2	2879	105.900593966796	1
2	2890	106.212119216477	1
2	2901	106.951542938321	1
2	2912	107.813237139962	1
2	2927	108.487036992381	1
2	2930	108.587036992381	1
2	2933	108.687036992381	1
2	2952	109.747340403752	1
2	2963	110.054918940591	1
2	2972	110.351103146664	1
2	2980	110.502250821924	1
2	2988	110.628348376892	1
2	3005	111.098013321856	1
2	3018	111.709467098765	1
2	3021	111.809467098765	1
2	3033	112.096740702406	1
2	3038	112.196740702406	1
2	3059	113.670017670167	1
2	3062	113.770017670167	1
2	3065	113.870017670167	1
2	3084	115.133375942855	1
2	3095	115.437767414249	1
2	3106	116.378960699316	1
2	3115	116.60304074187	1
2	3128	117.031765077536	1
2	3139	117.401481005277	1
2	3152	118.36382380932	1
2	3155	118.46382380932	1
2	3172	118.928442003276	1
2	3177	119.028442003276	1
2	3180	119.128442003276	1
2	3192	119.384401256015	1
2	3209	120.155954968913	1
2	3215	120.314740860001	1
2	3228	120.615038349503	1
2	3241	121.395088477064	1
2	3252	122.013967704884	1
2	3263	122.229208962546	1
2	3268	122.329208962546	1
2	3278	122.454110790428	1
2	3282	122.554110790428	2
2	3295	122.851529361496	1
2	3310	123.301564792912	1
2	3323	123.563728107795	1
2	3328	123.663728107795	1
2	3343	124.782616177748	1
2	3349	124.940164169905	1
2	3364	125.484744939961	1
2	3375	126.498360889962	1
2	3384	126.738656870158	1
2	3399	127.213158271285	1
2	3402	127.313158271285	1
2	3410	127.49148114872	1
2	3427	127.815686506139	1
2	3432	127.915686506139	1
2	3447	128.362423326942	1
2	3456	128.625511118372	1
2	3471	129.119021323477	1
2	3474	129.219021323477	1
2	3489	130.922283108456	1
2	3502	131.347918574415	1
2	3505	131.447918574415	1
2	3520	131.971399065539	1
2	3526	132.165472056286	1
2	3541	132.851229997851	1
2	3547	133.044215286242	1
2	3562	133.468204710971	1
2	3568	133.602490583823	1
2	3583	134.411969931064	1
2	3589	134.571099129899	1
2	3604	135.077596169341	1
2	3613	135.305087512864	1
2	3626	135.803961923016	1
2	3637	136.077341156957	1
2	3646	136.177341156957	1
2	3651	136.277341156957	1
2	3657	136.377341156957	2
2	3664	136.477341156957	2
2	3672	136.577341156957	3
2	3679	136.677341156957	3
2	3685	136.777341156957	4
2	3690	136.877341156957	4
2	3696	136.977341156957	5
2	3701	137.077341156957	5
2	3705	137.177341156957	6
2	3717	137.450030147228	6
2	3727	137.586801016871	6
2	3740	137.908678253451	5
2	3755	138.326785819714	4
2	3787	140.38733150251	1
2	3793	140.581512995694	1
2	3806	140.869584460499	1
2	3819	141.525208590011	1
2	3828	141.803696950029	1
2	3839	142.024538022304	1
2	3852	142.384407716159	1
2	3863	143.076263601548	1
2	3876	143.53039289601	1
2	3879	143.63039289601	1
2	3891	143.88723708802	1
2	3896	143.98723708802	1
2	3908	144.253179173533	1
2	3921	144.619157966246	1
2	3934	144.944266119641	1
2	3940	145.115469799348	1
2	3950	145.268830140463	1
2	3960	145.485998112856	1
2	3977	146.011802403418	1
2	3980	146.111802403418	1
2	3992	146.376222233357	1
2	3999	146.476222233357	1
2	4003	146.576222233357	2
2	4018	146.87353126484	1
2	4022	146.97353126484	2
2	4037	147.252418873337	1
2	4041	147.352418873337	2
2	4049	147.499784185401	2
2	4059	147.649337579479	2
2	4081	148.298736468981	1
2	4090	148.398736468981	1
2	4093	148.498736468981	1
2	4097	148.598736468981	2
2	4111	148.841886642213	2
2	4116	148.941886642213	2
2	4123	149.046327816356	3
2	4131	149.160408965986	3
2	4141	149.386632606468	3
2	4151	149.536509617916	3
2	4173	150.250293412687	1
2	4186	150.563397751634	1
2	4194	150.729373930715	1
2	4209	151.251473565047	1
2	4218	151.482789541052	1
2	4233	151.825850689856	1
2	4240	151.925850689856	1
2	4243	152.025850689856	1
2	4247	152.125850689856	2
2	4269	152.751868746313	1
2	4280	153.159632293669	1
2	4291	153.618666252578	1
2	4302	154.218968602166	1
2	4311	154.46001120333	1
2	4324	154.795640468344	1
2	4335	155.156775521075	1
2	4346	155.949225043908	1
2	4355	156.198522771513	1
2	4370	156.547010875366	1
2	4373	156.647010875366	1
2	4388	157.17534087233	1
2	4399	157.534345798521	1
2	4405	157.691677171432	1
2	4422	159.244601831833	1
2	4425	159.344601831833	1
2	4440	159.769326532446	1
2	4453	160.696734124928	1
2	4456	160.796734124928	1
2	4468	161.056327318515	1
2	4473	161.156327318515	1
2	4490	161.767283124206	1
2	4501	162.699737553511	1
2	4507	162.895956142888	1
2	4522	163.739116205574	1
2	4533	164.173376744928	1
2	4544	164.657440150597	1
2	4555	165.359257401029	1
2	4566	165.85952414737	1
2	4574	166.054474436417	1
2	4579	166.154474436417	1
2	4596	167.437212896323	1
2	4607	168.022068665935	1
2	4620	168.393159700028	1
2	4625	168.493159700028	1
2	4632	168.593159700028	1
2	4636	168.693159700028	2
2	4643	168.793159700028	2
2	4647	168.893159700028	3
2	4663	169.183064683244	3
2	4668	169.283064683244	3
2	4672	169.383064683244	4
2	4692	169.920304815816	2
2	4702	170.029987971281	2
2	4706	170.129987971281	3
2	4724	170.645956470675	1
2	4743	171.116425077237	1
2	4746	171.216425077237	1
2	4756	171.444000525318	1
2	4764	171.589360307147	1
2	4781	172.104142771073	1
2	4790	172.397991429069	1
2	4803	172.718687205772	1
2	4814	173.091219239931	1
2	4825	174.230907719531	1
2	4834	174.470821347353	1
2	4842	174.638008794886	1
2	4855	174.93438652448	1
2	4866	175.174901512504	1
2	4879	176.536467924304	1
2	4885	176.681018417408	1
2	4900	177.180111593872	1
2	4911	177.655310018317	1
2	4922	179.665738030719	1
2	4928	179.790822282531	1
2	4943	180.651044170673	1
2	4954	181.21222983231	1
2	4969	182.142583047561	1
2	4976	182.242583047561	1
2	4979	182.342583047561	1
2	4985	182.442583047561	2
2	4992	182.542583047561	2
2	5000	182.642583047561	3
2	5009	182.742583047561	3
2	5013	182.842583047561	4
2	5018	182.942583047561	4
2	5022	183.042583047561	5
2	5027	183.142583047561	5
2	5041	183.4626004016	5
2	5061	184.07820466792	3
2	5069	184.241271055096	3
2	5098	185.183979739944	1
2	5101	185.283979739944	1
2	5116	186.021056423873	1
2	5129	186.676139373638	1
2	5132	186.776139373638	1
2	5142	186.981423252731	1
2	5150	187.102777060523	1
2	5162	187.454298716183	1
2	5177	187.981261107669	1
2	5188	188.750414652998	1
2	5197	188.983730407402	1
2	5210	189.421797523906	1
2	5221	189.951316572849	1
2	5227	190.059129898447	1
2	5246	192.057536265914	1
2	5249	192.157536265914	1
2	5252	192.257536265914	1
2	5263	192.371944370662	2
2	5268	192.471944370662	2
2	5283	192.862003814883	1
2	5293	193.07709121352	1
2	5310	193.65050467462	1
2	5325	194.852279411352	1
2	5328	194.952279411352	1
2	5331	195.052279411352	1
2	5345	195.280033579357	1
2	5349	195.380033579357	2
2	5369	196.331520401314	1
2	5375	196.524533909541	1
2	5383	196.62906395015	1
2	5400	197.414378951418	1
2	5406	197.535475461003	1
2	5421	198.059171987161	1
2	5429	198.253249048334	1
2	5434	198.353249048334	1
2	5448	198.642310645196	1
2	5453	198.742310645196	1
3	12	0.388056992192	1
3	17	0.588056992192	1
3	28	1.123977783242	1
3	46	1.746907198619	1
3	53	1.946907198619	1
3	58	2.146907198619	1
3	69	2.864189467379	1
3	85	4.22381729734	1
3	95	4.458399226058	1
3	105	4.658399226058	1
3	115	4.858399226058	1
3	120	5.058399226058	1
3	136	5.507575288622	1
3	144	5.707575288622	1
3	155	5.916322168926	1
3	168	6.149693078192	1
3	173	6.349693078192	1
3	188	7.914723570689	1
3	193	8.114723570689	1
3	208	8.565597494041	1
3	218	8.765597494041	1
3	223	8.965597494041	1
3	234	9.431342660967	1
3	248	10.030498490325	1
3	264	10.234254186594	1
3	269	10.434254186594	1
3	277	10.634254186594	1
3	285	10.897725377366	1
3	306	11.639634011982	1
3	318	11.839634011982	1
3	329	12.039634011982	1
3	336	12.239634011982	1
3	341	12.439634011982	1
3	346	12.639634011982	1
3	356	12.839634011982	1
3	364	13.039634011982	1
3	375	13.310140641585	1
3	383	13.569720062536	1
3	397	13.873210127838	1
3	405	14.110349679565	1
3	416	14.430989489591	1
3	438	14.891690093033	1
3	449	15.091690093033	1
3	458	15.291690093033	1
3	463	15.491690093033	1
3	473	15.691690093033	1
3	483	15.891690093033	1
3	488	16.091690093033	1
3	493	16.291690093033	1
3	508	16.638423723274	1
3	513	16.838423723274	1
3	528	17.473213588239	1
3	533	17.673213588239	1
3	544	18.646226306061	1
3	558	19.809034266599	1
3	566	20.097442697141	1
3	585	21.226038695362	1
3	590	21.426038695362	1
3	595	21.626038695362	1
3	613	23.263869197701	1
3	624	23.463869197701	1
3	629	23.663869197701	1
3	639	23.863869197701	1
3	644	24.063869197701	1
3	655	24.405138602396	1
3	666	25.054004493207	1
3	677	25.583177795382	1
3	695	25.91828104735	1
3	702	26.11828104735	1
3	712	26.31828104735	1
3	724	26.51828104735	1
3	731	26.71828104735	1
3	741	26.91828104735	1
3	749	27.11828104735	1
3	757	27.343810581857	1
3	768	27.936616519095	1
3	779	28.293995371567	1
3	790	29.203604773762	1
3	809	30.688382891915	1
3	814	30.888382891915	1
3	824	31.088382891915	1
3	829	31.288382891915	1
3	840	31.809294650058	1
3	851	32.194221281637	1
3	866	32.909601624767	1
3	871	33.109601624767	1
3	882	33.883845408897	1
3	897	34.3013664475	1
3	907	34.5013664475	1
3	917	34.7013664475	1
3	925	34.9013664475	1
3	933	35.127229086004	1
3	953	36.523132756393	1
3	962	36.723132756393	1
3	967	36.923132756393	1
3	975	37.123132756393	1
3	988	37.381129595643	1
3	996	37.581129595643	1
3	1004	37.804103185776	1
3	1015	38.132503759415	1
3	1030	38.648192472222	1
3	1044	38.848192472222	1
3	1053	39.048192472222	1
3	1058	39.248192472222	1
3	1063	39.448192472222	1
3	1084	39.967183428161	1
3	1094	40.167183428161	1
3	1108	40.367183428161	1
3	1115	40.567183428161	1
3	1120	40.767183428161	1
3	1125	40.967183428161	1
3	1130	41.167183428161	1
3	1146	41.691904394648	1
3	1154	41.891904394648	1
3	1166	42.154287700512	1
3	1171	42.354287700512	1
3	1182	42.837691539682	1
3	1196	43.840666814291	1
3	1209	44.132881709932	1
3	1214	44.332881709932	1
3	1230	44.651751104924	1
3	1235	44.851751104924	1
3	1251	45.406051681506	1
3	1256	45.606051681506	1
3	1271	46.446425488028	1
3	1276	46.646425488028	1
3	1287	47.375550190629	1
3	1298	47.842099739976	1
3	1309	48.451760630723	1
3	1324	49.369265397697	1
3	1332	49.569265397697	1
3	1345	49.807356779867	1
3	1357	50.007356779867	1
3	1367	50.207356779867	1
3	1374	50.407356779867	1
3	1386	50.607356779867	1
3	1393	50.807356779867	1
3	1398	51.007356779867	1
3	1417	51.380408992983	1
3	1422	51.580408992983	1
3	1427	51.780408992983	1
3	1442	52.090936488651	1
3	1447	52.290936488651	1
3	1463	52.816753944024	1
3	1468	53.016753944024	1
3	1487	53.337139134134	1
3	1492	53.537139134134	1
3	1497	53.737139134134	1
3	1515	54.040435862259	1
3	1527	54.240435862259	1
3	1532	54.440435862259	1
3	1542	54.640435862259	1
3	1547	54.840435862259	1
3	1561	55.844924399695	1
3	1573	56.082946539651	1
3	1583	56.282946539651	1
3	1588	56.482946539651	1
3	1599	57.254172334266	1
3	1610	58.234802640466	1
3	1621	59.178763866715	1
3	1640	60.184742398286	1
3	1645	60.384742398286	1
3	1653	60.584742398286	1
3	1661	60.841142001076	1
3	1672	61.490409687543	1
3	1688	63.307113620389	1
3	1700	63.507113620389	1
3	1712	63.707113620389	1
3	1722	63.907113620389	1
3	1727	64.107113620389	1
3	1735	64.307113620389	1
3	1746	64.520412142576	1
3	1759	64.770338119813	1
3	1764	64.970338119813	1
3	1787	66.069989368397	1
3	1798	66.269989368397	1
3	1805	66.469989368397	1
3	1810	66.669989368397	1
3	1818	66.869989368397	1
3	1831	67.069989368397	1
3	1842	67.269989368397	1
3	1852	67.469989368397	1
3	1857	67.669989368397	1
3	1867	67.869989368397	1
3	1872	68.069989368397	1
3	1877	68.269989368397	1
3	1888	68.681977035081	1
3	1902	69.231959357901	1
3	1913	69.485032547747	1
3	1924	69.69184675015	1
3	1932	69.898937674457	1
3	1943	71.135068525403	1
3	1959	71.699206521856	1
3	1972	71.949389011518	1
3	1979	72.149389011518	1
3	1991	72.349389011518	1
3	2005	72.549389011518	1
3	2012	72.749389011518	1
3	2017	72.949389011518	1
3	2022	73.149389011518	1
3	2033	74.263921165301	1
3	2044	74.757521258477	1
3	2055	75.323285838082	1
3	2070	75.668914164086	1
3	2075	75.868914164086	1
3	2090	76.17077923735	1
3	2095	76.37077923735	1
3	2109	77.783987018373	1
3	2117	77.994772627711	1
3	2128	78.306777985295	1
3	2142	78.731617827279	1
3	2157	78.97871111441	1
3	2169	79.17871111441	1
3	2177	79.37871111441	1
3	2184	79.57871111441	1
3	2189	79.77871111441	1
3	2200	80.551105062129	1
3	2211	81.084109504347	1
3	2222	82.158999232583	1
3	2240	82.779628113915	1
3	2247	82.979628113915	1
3	2252	83.179628113915	1
3	2263	83.860414915202	1
3	2283	84.536184758002	1
3	2292	84.736184758002	1
3	2297	84.936184758002	1
3	2307	85.136184758002	1
3	2317	85.336184758002	1
3	2322	85.536184758002	1
3	2333	86.470635909831	1
3	2344	86.849089595108	1
3	2355	87.289636119005	1
3	2370	88.071809007724	1
3	2375	88.271809007724	1
3	2390	89.294689238629	1
3	2395	89.494689238629	1
3	2406	89.854638216888	1
3	2417	90.180017672075	1
3	2428	90.678197065433	1
3	2439	92.116790062279	1
3	2450	92.550105279959	1
3	2461	93.372041692845	1
3	2477	93.795248515223	1
3	2482	93.995248515223	1
3	2493	94.411474746333	1
3	2504	94.729327757756	1
3	2520	96.011444723435	1
3	2530	96.211444723435	1
3	2542	96.411444723435	1
3	2549	96.611444723435	1
3	2561	96.811444723435	1
3	2575	97.011444723435	1
3	2582	97.211444723435	1
3	2587	97.411444723435	1
3	2595	97.611444723435	1
3	2608	97.897051166164	1
3	2613	98.097051166164	1
3	2624	98.401617983961	1
3	2645	98.983453235285	1
3	2655	99.183453235285	1
3	2662	99.383453235285	1
3	2672	99.583453235285	1
3	2677	99.783453235285	1
3	2682	99.983453235285	1
3	2693	100.306868366454	1
3	2714	100.700649194207	1
3	2723	100.900649194207	1
3	2728	101.100649194207	1
3	2740	101.300649194207	1
3	2747	101.500649194207	1
3	2757	101.700649194207	1
3	2771	101.956845359616	1
3	2776	102.156845359616	1
3	2786	102.356845359616	1
3	2802	102.600482428136	1
3	2813	102.800482428136	1
3	2818	103.000482428136	1
3	2823	103.200482428136	1
3	2833	103.400482428136	1
3	2838	103.600482428136	1
3	2849	104.117160969917	1
3	2860	105.022105229483	1
3	2871	105.603887524756	1
3	2882	106.100693966796	1
3	2893	106.412219216477	1
3	2904	107.151642938321	1
3	2915	108.013337139962	1
3	2934	108.687136992381	1
3	2939	108.887136992381	1
3	2944	109.087136992381	1
3	2955	109.947440403752	1
3	2969	110.255018940591	1
3	2985	110.551203146664	1
3	2992	110.751203146664	1
3	2997	110.951203146664	1
3	3008	111.298113321856	1
3	3023	111.909567098765	1
3	3035	112.109567098765	1
3	3042	112.309567098765	1
3	3047	112.509567098765	1
3	3066	113.870117670167	1
3	3071	114.070117670167	1
3	3076	114.270117670167	1
3	3087	115.333475942855	1
3	3098	115.637867414249	1
3	3112	116.579060699316	1
3	3120	116.80314074187	1
3	3131	117.231865077536	1
3	3142	117.601581005277	1
3	3157	118.56392380932	1
3	3162	118.76392380932	1
3	3181	119.128542003276	1
3	3189	119.328542003276	1
3	3196	119.528542003276	1
3	3201	119.728542003276	1
3	3217	120.356054968913	1
3	3225	120.556054968913	1
3	3233	120.815138349503	1
3	3244	121.595188477064	1
3	3260	122.214067704884	1
3	3275	122.429308962546	1
3	3284	122.629308962546	1
3	3292	122.829308962546	1
3	3299	123.029308962546	1
3	3307	123.229308962546	1
3	3318	123.501664792912	1
3	3330	123.763828107795	1
3	3335	123.963828107795	1
3	3351	124.982716177748	1
3	3356	125.182716177748	1
3	3367	125.684844939961	1
3	3381	126.698460889962	1
3	3389	126.938756870158	1
3	3407	127.413258271285	1
3	3414	127.613258271285	1
3	3424	127.813258271285	1
3	3434	128.015786506139	1
3	3439	128.215786506139	1
3	3453	128.562523326942	1
3	3461	128.825611118372	1
3	3476	129.319121323477	1
3	3481	129.519121323477	1
3	3492	131.122383108456	1
3	3507	131.548018574415	1
3	3512	131.748018574415	1
3	3528	132.171499065539	1
3	3533	132.371499065539	1
3	3549	133.051329997851	1
3	3554	133.251329997851	1
3	3570	133.668304710971	1
3	3575	133.868304710971	1
3	3591	134.612069931064	1
3	3596	134.812069931064	1
3	3610	135.277696169341	1
3	3618	135.505187512864	1
3	3632	136.004061923016	1
3	3652	136.277441156957	1
3	3665	136.477441156957	1
3	3680	136.677441156957	1
3	3691	136.877441156957	1
3	3702	137.077441156957	1
3	3709	137.277441156957	1
3	3719	137.477441156957	1
3	3729	137.677441156957	1
3	3737	137.877441156957	1
3	3744	138.077441156957	1
3	3752	138.277441156957	1
3	3759	138.477441156957	1
3	3764	138.677441156957	1
3	3769	138.877441156957	1
3	3774	139.077441156957	1
3	3779	139.277441156957	1
3	3795	140.58743150251	1
3	3803	140.78743150251	1
3	3811	141.069684460499	1
3	3825	141.725308590011	1
3	3836	142.003796950029	1
3	3844	142.224638022304	1
3	3855	142.584507716159	1
3	3866	143.276363601548	1
3	3881	143.73049289601	1
3	3893	143.93049289601	1
3	3900	144.13049289601	1
3	3910	144.33049289601	1
3	3918	144.53049289601	1
3	3926	144.819257966246	1
3	3942	145.144366119641	1
3	3952	145.344366119641	1
3	3962	145.544366119641	1
3	3967	145.744366119641	1
3	3982	146.211902403418	1
3	3994	146.411902403418	1
3	4005	146.611902403418	1
3	4013	146.811902403418	1
3	4024	147.011902403418	1
3	4034	147.211902403418	1
3	4046	147.411902403418	1
3	4056	147.611902403418	1
3	4063	147.811902403418	1
3	4068	148.011902403418	1
3	4078	148.211902403418	1
3	4094	148.498836468981	1
3	4101	148.698836468981	1
3	4113	148.898836468981	1
3	4128	149.098836468981	1
3	4138	149.298836468981	1
3	4148	149.498836468981	1
3	4155	149.698836468981	1
3	4160	149.898836468981	1
3	4165	150.098836468981	1
3	4175	150.298836468981	1
3	4183	150.498836468981	1
3	4196	150.763497751634	1
3	4201	150.963497751634	1
3	4215	151.451573565047	1
3	4223	151.682889541052	1
3	4244	152.025950689856	1
3	4251	152.225950689856	1
3	4256	152.425950689856	1
3	4261	152.625950689856	1
3	4272	152.951968746313	1
3	4283	153.359732293669	1
3	4294	153.818766252578	1
3	4308	154.419068602166	1
3	4316	154.66011120333	1
3	4327	154.995740468344	1
3	4338	155.356875521075	1
3	4352	156.149325043908	1
3	4360	156.398622771513	1
3	4375	156.747110875366	1
3	4380	156.947110875366	1
3	4391	157.37544087233	1
3	4407	157.734445798521	1
3	4412	157.934445798521	1
3	4427	159.444701831833	1
3	4432	159.644701831833	1
3	4443	159.969426532446	1
3	4458	160.896834124928	1
3	4470	161.096834124928	1
3	4477	161.296834124928	1
3	4482	161.496834124928	1
3	4493	161.967383124206	1
3	4509	162.899837553511	1
3	4514	163.099837553511	1
3	4525	163.939216205574	1
3	4536	164.373476744928	1
3	4547	164.857540150597	1
3	4558	165.559357401029	1
3	4576	166.05962414737	1
3	4583	166.25962414737	1
3	4588	166.45962414737	1
3	4599	167.637312896323	1
3	4610	168.222168665935	1
3	4633	168.593259700028	1
3	4644	168.793259700028	1
3	4651	168.993259700028	1
3	4665	169.193259700028	1
3	4674	169.393259700028	1
3	4679	169.593259700028	1
3	4684	169.793259700028	1
3	4699	169.993259700028	1
3	4708	170.193259700028	1
3	4713	170.393259700028	1
3	4721	170.593259700028	1
3	4728	170.793259700028	1
3	4733	170.993259700028	1
3	4748	171.316525077237	1
3	4761	171.516525077237	1
3	4768	171.716525077237	1
3	4773	171.916525077237	1
3	4787	172.304242771073	1
3	4795	172.598091429069	1
3	4806	172.918787205772	1
3	4817	173.291319239931	1
3	4831	174.431007719531	1
3	4844	174.670921347353	1
3	4852	174.870921347353	1
3	4863	175.13448652448	1
3	4871	175.375001512504	1
3	4887	176.736567924304	1
3	4892	176.936567924304	1
3	4903	177.380211593872	1
3	4914	177.855410018317	1
3	4930	179.865838030719	1
3	4935	180.065838030719	1
3	4946	180.851144170673	1
3	4957	181.41232983231	1
3	4980	182.342683047561	1
3	4993	182.542683047561	1
3	5010	182.742683047561	1
3	5019	182.942683047561	1
3	5028	183.142683047561	1
3	5033	183.342683047561	1
3	5043	183.542683047561	1
3	5048	183.742683047561	1
3	5053	183.942683047561	1
3	5066	184.142683047561	1
3	5073	184.342683047561	1
3	5078	184.542683047561	1
3	5083	184.742683047561	1
3	5088	184.942683047561	1
3	5103	185.384079739944	1
3	5108	185.584079739944	1
3	5119	186.221156423873	1
3	5134	186.876239373638	1
3	5147	187.076239373638	1
3	5154	187.276239373638	1
3	5164	187.476239373638	1
3	5169	187.676239373638	1
3	5180	188.181361107669	1
3	5194	188.950514652998	1
3	5202	189.183830407402	1
3	5213	189.621897523906	1
3	5229	190.151416572849	1
3	5234	190.351416572849	1
3	5253	192.257636265914	1
3	5265	192.457636265914	1
3	5272	192.657636265914	1
3	5280	192.857636265914	1
3	5290	193.057636265914	1
3	5297	193.257636265914	1
3	5302	193.457636265914	1
3	5313	193.85060467462	1
3	5332	195.052379411352	1
3	5340	195.252379411352	1
3	5351	195.452379411352	1
3	5356	195.652379411352	1
3	5361	195.852379411352	1
3	5380	196.531620401314	1
3	5387	196.731620401314	1
3	5392	196.931620401314	1
3	5408	197.614478951418	1
3	5413	197.814478951418	1
3	5431	198.259271987161	1
3	5438	198.459271987161	1
3	5450	198.659271987161	1
3	5457	198.859271987161	1
3	5462	199.059271987161	1
4	14	0.488056992192	0.4002
4	19	0.688056992192	0.580333659233
4	30	1.223977783242	0.4002
4	50	1.846907198619	0.4002
4	55	2.046907198619	0.519147712701
4	60	2.246907198619	0.560897622565
4	71	2.964189467379	0.4002
4	90	4.32381729734	0.4002
4	100	4.558399226058	0.4002
4	110	4.758399226058	0.567260088452
4	117	4.958399226058	0.436128586147
4	122	5.158399226058	0.459238105783
4	138	5.607575288622	0.4002
4	149	5.807575288622	0.447190679709
4	163	6.016322168926	0.4002
4	170	6.249693078192	0.4002
4	175	6.449693078192	0.476959876802
4	190	8.014723570689	0.4002
4	195	8.214723570689	0.527430911941
4	213	8.665597494041	0.4002
4	220	8.865597494041	0.57073431876
4	225	9.065597494041	0.403837277942
4	236	9.531342660967	0.4002
4	257	10.130498490325	0.4002
4	266	10.334254186594	0.4002
4	271	10.534254186594	0.502975219936
4	282	10.734254186594	0.642655050005
4	287	10.997725377366	0.4002
4	310	11.739634011982	0.4002
4	324	11.939634011982	0.559058750841
4	333	12.139634011982	0.646945221613
4	338	12.339634011982	0.767022539117
4	343	12.539634011982	0.779829716407
4	351	12.739634011982	0.935447651781
4	358	12.939634011982	1.01256598703
4	369	13.139634011982	0.476536965633
4	380	13.410140641585	0.4002
4	388	13.669720062536	0.4002
4	402	13.973210127838	0.4002
4	410	14.210349679565	0.4002
4	418	14.530989489591	0.4002
4	444	14.991690093033	0.4002
4	453	15.191690093033	0.492050051656
4	460	15.391690093033	0.686909218594
4	468	15.591690093033	0.769647490365
4	478	15.791690093033	0.935342881532
4	485	15.991690093033	1.032975644042
4	490	16.191690093033	0.619813996388
4	498	16.391690093033	0.680917108086
4	510	16.738423723274	0.4002
4	515	16.938423723274	0.545713100891
4	530	17.573213588239	0.4002
4	535	17.773213588239	0.536829776409
4	546	18.746226306061	0.4002
4	563	19.909034266599	0.4002
4	568	20.197442697141	0.4002
4	587	21.326038695362	0.4002
4	592	21.526038695362	0.566980162152
4	597	21.726038695362	0.693912159852
4	619	23.363869197701	0.4002
4	626	23.563869197701	0.591587605846
4	634	23.763869197701	0.564457827892
4	641	23.963869197701	0.684358837405
4	649	24.163869197701	0.48013867146
4	657	24.505138602396	0.4002
4	668	25.154004493207	0.4002
4	684	25.683177795382	0.4002
4	699	26.01828104735	0.4002
4	707	26.21828104735	0.592079949185
4	719	26.41828104735	0.502192011686
4	728	26.61828104735	0.400509028837
4	736	26.81828104735	0.439816132005
4	743	27.01828104735	0.639240900016
4	754	27.21828104735	0.428273923841
4	759	27.443810581857	0.4002
4	773	28.036616519095	0.4002
4	781	28.393995371567	0.4002
4	792	29.303604773762	0.4002
4	811	30.788382891915	0.4002
4	819	30.988382891915	0.598186950672
4	826	31.188382891915	0.693226721672
4	831	31.388382891915	0.446988568396
4	845	31.909294650058	0.4002
4	853	32.294221281637	0.4002
4	868	33.009601624767	0.4002
4	873	33.209601624767	0.52220237775
4	884	33.983845408897	0.4002
4	902	34.4013664475	0.4002
4	912	34.6013664475	0.59942416542
4	919	34.8013664475	0.49960016094
4	930	35.0013664475	0.477730469177
4	935	35.227229086004	0.4002
4	957	36.623132756393	0.4002
4	964	36.823132756393	0.576861472873
4	969	37.023132756393	0.598687493726
4	980	37.223132756393	0.730403129283
4	990	37.481129595643	0.4002
4	1001	37.681129595643	0.453958839832
4	1009	37.904103185776	0.4002
4	1017	38.232503759415	0.4002
4	1039	38.748192472222	0.4002
4	1048	38.948192472222	0.524073886125
4	1055	39.148192472222	0.491864789955
4	1060	39.348192472222	0.646506699111
4	1065	39.548192472222	0.836166401422
4	1088	40.067183428161	0.4002
4	1103	40.267183428161	0.568524992342
4	1112	40.467183428161	0.638155289471
4	1117	40.667183428161	0.79679626264
4	1122	40.867183428161	0.771726631705
4	1127	41.067183428161	0.870456370067
4	1132	41.267183428161	1.047975557514
4	1148	41.791904394648	0.4002
4	1161	41.991904394648	0.487479578327
4	1168	42.254287700512	0.4002
4	1173	42.454287700512	0.510541061582
4	1184	42.937691539682	0.4002
4	1201	43.940666814291	0.4002
4	1211	44.232881709932	0.4002
4	1219	44.432881709932	0.434422609926
4	1232	44.751751104924	0.4002
4	1237	44.951751104924	0.430677419759
4	1253	45.506051681506	0.4002
4	1258	45.706051681506	0.474361353824
4	1273	46.546425488028	0.4002
4	1278	46.746425488028	0.524223495833
4	1289	47.475550190629	0.4002
4	1300	47.942099739976	0.4002
4	1311	48.551760630723	0.4002
4	1326	49.469265397697	0.4002
4	1340	49.669265397697	0.565571082528
4	1352	49.907356779867	0.4002
4	1361	50.107356779867	0.443425691192
4	1371	50.307356779867	0.450224005244
4	1379	50.507356779867	0.637569820605
4	1390	50.707356779867	0.545137577939
4	1395	50.907356779867	0.468480876662
4	1403	51.107356779867	0.583765094176
4	1419	51.480408992983	0.4002
4	1424	51.680408992983	0.540411170363
4	1434	51.880408992983	0.722037231054
4	1444	52.190936488651	0.4002
4	1449	52.390936488651	0.527022837968
4	1465	52.916753944024	0.4002
4	1473	53.116753944024	0.440990966927
4	1489	53.437139134134	0.4002
4	1494	53.637139134134	0.502165446109
4	1504	53.837139134134	0.651713503636
4	1522	54.140435862259	0.4002
4	1529	54.340435862259	0.532138339622
4	1537	54.540435862259	0.58023445393
4	1544	54.740435862259	0.645834786887
4	1549	54.940435862259	0.489346295959
4	1568	55.944924399695	0.4002
4	1578	56.182946539651	0.4002
4	1585	56.382946539651	0.510271090051
4	1590	56.582946539651	0.403717220994
4	1601	57.354172334266	0.4002
4	1612	58.334802640466	0.4002
4	1623	59.278763866715	0.4002
4	1642	60.284742398286	0.4002
4	1647	60.484742398286	0.569068897894
4	1658	60.684742398286	0.727615868705
4	1663	60.941142001076	0.4002
4	1674	61.590409687543	0.4002
4	1695	63.407113620389	0.4002
4	1707	63.607113620389	0.451558160026
4	1717	63.807113620389	0.499314752731
4	1724	64.007113620389	0.662116706758
4	1729	64.207113620389	0.63049882629
4	1740	64.407113620389	0.661256514804
4	1751	64.620412142576	0.4002
4	1761	64.870338119813	0.4002
4	1766	65.070338119813	0.436942904792
4	1793	66.169989368397	0.4002
4	1802	66.369989368397	0.587673356928
4	1807	66.569989368397	0.625119590785
4	1812	66.769989368397	0.767139666523
4	1826	66.969989368397	0.962783374541
4	1837	67.169989368397	1.026927036181
4	1847	67.369989368397	0.539519537126
4	1854	67.569989368397	0.695767657294
4	1862	67.769989368397	0.854543736954
4	1869	67.969989368397	0.898515545277
4	1874	68.169989368397	0.870757450616
4	1879	68.369989368397	0.652157736578
4	1890	68.781977035081	0.4002
4	1907	69.331959357901	0.4002
4	1918	69.585032547747	0.4002
4	1929	69.79184675015	0.4002
4	1934	69.998937674457	0.4002
4	1945	71.235068525403	0.4002
4	1964	71.799206521856	0.4002
4	1976	72.049389011518	0.4002
4	1986	72.249389011518	0.592989246133
4	1998	72.449389011518	0.559985650461
4	2009	72.649389011518	0.462458149692
4	2014	72.849389011518	0.643245913915
4	2019	73.049389011518	0.657752699282
4	2024	73.249389011518	0.75877112508
4	2035	74.363921165301	0.4002
4	2046	74.857521258477	0.4002
4	2062	75.423285838082	0.4002
4	2072	75.768914164086	0.4002
4	2082	75.968914164086	0.58078457428
4	2092	76.27077923735	0.4002
4	2097	76.47077923735	0.526241132972
4	2114	77.883987018373	0.4002
4	2122	78.094772627711	0.4002
4	2130	78.406777985295	0.4002
4	2150	78.831617827279	0.4002
4	2164	79.07871111441	0.4002
4	2171	79.27871111441	0.458961284739
4	2181	79.47871111441	0.573216907367
4	2186	79.67871111441	0.617025610368
4	2191	79.87871111441	0.518304658795
4	2202	80.651105062129	0.4002
4	2213	81.184109504347	0.4002
4	2224	82.258999232583	0.4002
4	2244	82.879628113915	0.4002
4	2249	83.079628113915	0.416898725465
4	2254	83.279628113915	0.520352410298
4	2265	83.960414915202	0.4002
4	2287	84.636184758002	0.4002
4	2294	84.836184758002	0.45990052876
4	2302	85.036184758002	0.606046045172
4	2312	85.236184758002	0.775819083551
4	2319	85.436184758002	0.476493114899
4	2324	85.636184758002	0.414671084069
4	2338	86.570635909831	0.4002
4	2346	86.949089595108	0.4002
4	2357	87.389636119005	0.4002
4	2372	88.171809007724	0.4002
4	2377	88.371809007724	0.552241329121
4	2392	89.394689238629	0.4002
4	2400	89.594689238629	0.5545351726
4	2411	89.954638216888	0.4002
4	2419	90.280017672075	0.4002
4	2430	90.778197065433	0.4002
4	2441	92.216790062279	0.4002
4	2452	92.650105279959	0.4002
4	2463	93.472041692845	0.4002
4	2479	93.895248515223	0.4002
4	2484	94.095248515223	0.494322789962
4	2498	94.511474746333	0.4002
4	2506	94.829327757756	0.4002
4	2525	96.111444723435	0.4002
4	2537	96.311444723435	0.45792909869
4	2546	96.511444723435	0.494146961016
4	2554	96.711444723435	0.487753799
4	2568	96.911444723435	0.657406286922
4	2579	97.111444723435	0.495006610855
4	2584	97.311444723435	0.599119261965
4	2589	97.511444723435	0.652799981409
4	2600	97.711444723435	0.765172531201
4	2610	97.997051166164	0.4002
4	2618	98.197051166164	0.44202531814
4	2626	98.501617983961	0.4002
4	2649	99.083453235285	0.4002
4	2659	99.283453235285	0.522019031494
4	2667	99.483453235285	0.700326830015
4	2674	99.683453235285	0.732469941563
4	2679	99.883453235285	0.723390144103
4	2687	100.083453235285	0.663930518936
4	2698	100.406868366454	0.4002
4	2718	100.800649194207	0.4002
4	2725	101.000649194207	0.492802817981
4	2733	101.200649194207	0.577213880508
4	2744	101.400649194207	0.754288869606
4	2749	101.600649194207	0.464244212719
4	2764	101.800649194207	0.567219329934
4	2773	102.056845359616	0.4002
4	2778	102.256845359616	0.569082120164
4	2793	102.456845359616	0.733748426708
4	2808	102.700482428136	0.4002
4	2815	102.900482428136	0.562549661235
4	2820	103.100482428136	0.697228838415
4	2828	103.300482428136	0.749685950285
4	2835	103.500482428136	0.873616530884
4	2840	103.700482428136	0.473434635289
4	2851	104.217160969917	0.4002
4	2862	105.122105229483	0.4002
4	2873	105.703887524756	0.4002
4	2887	106.200693966796	0.4002
4	2895	106.512219216477	0.4002
4	2906	107.251642938321	0.4002
4	2917	108.113337139962	0.4002
4	2936	108.787136992381	0.4002
4	2941	108.987136992381	0.578610013505
4	2946	109.187136992381	0.713205547677
4	2960	110.047440403752	0.4002
4	2974	110.355018940591	0.4002
4	2989	110.651203146664	0.4002
4	2994	110.851203146664	0.44905232474
4	3002	111.051203146664	0.522954769772
4	3010	111.398113321856	0.4002
4	3028	112.009567098765	0.4002
4	3039	112.209567098765	0.589910432229
4	3044	112.409567098765	0.412926396359
4	3049	112.609567098765	0.546459846887
4	3068	113.970117670167	0.4002
4	3073	114.170117670167	0.549890251989
4	3078	114.370117670167	0.71008929117
4	3092	115.433475942855	0.4002
4	3100	115.737867414249	0.4002
4	3117	116.679060699316	0.4002
4	3122	116.90314074187	0.4002
4	3136	117.331865077536	0.4002
4	3144	117.701581005277	0.4002
4	3159	118.66392380932	0.4002
4	3169	118.86392380932	0.503289912444
4	3183	119.228542003276	0.4002
4	3193	119.428542003276	0.58913128528
4	3198	119.628542003276	0.619260993396
4	3203	119.828542003276	0.544240747261
4	3219	120.456054968913	0.4002
4	3230	120.656054968913	0.441414108912
4	3235	120.915138349503	0.4002
4	3246	121.695188477064	0.4002
4	3265	122.314067704884	0.4002
4	3279	122.529308962546	0.4002
4	3286	122.729308962546	0.5651414469
4	3296	122.929308962546	0.575298172118
4	3301	123.129308962546	0.728627230605
4	3312	123.329308962546	0.57787960105
4	3325	123.601664792912	0.4002
4	3332	123.863828107795	0.4002
4	3337	124.063828107795	0.518679733619
4	3353	125.082716177748	0.4002
4	3358	125.282716177748	0.442652007843
4	3369	125.784844939961	0.4002
4	3386	126.798460889962	0.4002
4	3391	127.038756870158	0.4002
4	3411	127.513258271285	0.4002
4	3416	127.713258271285	0.517191310279
4	3429	127.913258271285	0.521877122565
4	3436	128.115786506139	0.4002
4	3444	128.315786506139	0.536677993988
4	3458	128.662523326942	0.4002
4	3463	128.925611118372	0.4002
4	3478	129.419121323477	0.4002
4	3483	129.619121323477	0.559737446795
4	3494	131.222383108456	0.4002
4	3509	131.648018574415	0.4002
4	3514	131.848018574415	0.513911949397
4	3530	132.271499065539	0.4002
4	3535	132.471499065539	0.406127009253
4	3551	133.151329997851	0.4002
4	3556	133.351329997851	0.407214711609
4	3572	133.768304710971	0.4002
4	3577	133.968304710971	0.465914127148
4	3593	134.712069931064	0.4002
4	3598	134.912069931064	0.441070801165
4	3615	135.377696169341	0.4002
4	3620	135.605187512864	0.4002
4	3639	136.104061923016	0.4002
4	3658	136.377441156957	0.4002
4	3673	136.577441156957	0.572191279617
4	3686	136.777441156957	0.664321946515
4	3697	136.977441156957	0.827784519131
4	3706	137.177441156957	0.977282854385
4	3714	137.377441156957	1.063299649836
4	3724	137.577441156957	1.137519097219
4	3731	137.777441156957	1.279617704975
4	3741	137.977441156957	1.428259287881
4	3746	138.177441156957	1.58750454539
4	3756	138.377441156957	1.653704398929
4	3761	138.577441156957	1.625420210972
4	3766	138.777441156957	1.427511009729
4	3771	138.977441156957	1.490740140086
4	3776	139.177441156957	1.368862903506
4	3781	139.377441156957	1.150755337243
4	3797	140.68743150251	0.4002
4	3808	140.88743150251	0.406018506816
4	3813	141.169684460499	0.4002
4	3830	141.825308590011	0.4002
4	3841	142.103796950029	0.4002
4	3849	142.324638022304	0.4002
4	3857	142.684507716159	0.4002
4	3868	143.376363601548	0.4002
4	3886	143.83049289601	0.4002
4	3897	144.03049289601	0.578175355133
4	3905	144.23049289601	0.44335580799
4	3912	144.43049289601	0.588194969183
4	3923	144.63049289601	0.477413722477
4	3931	144.919257966246	0.4002
4	3947	145.244366119641	0.4002
4	3957	145.444366119641	0.428996320293
4	3964	145.644366119641	0.475635979178
4	3969	145.844366119641	0.458468006785
4	3987	146.311902403418	0.4002
4	4000	146.511902403418	0.560533184983
4	4007	146.711902403418	0.435780170061
4	4019	146.911902403418	0.567319119483
4	4026	147.111902403418	0.637836804215
4	4038	147.311902403418	0.538471138578
4	4050	147.511902403418	0.639815363649
4	4060	147.711902403418	0.559583530081
4	4065	147.911902403418	0.733707016153
4	4070	148.111902403418	0.712218218017
4	4083	148.311902403418	0.762664823939
4	4098	148.598836468981	0.4002
4	4108	148.798836468981	0.595674037111
4	4120	148.998836468981	0.671424473239
4	4132	149.198836468981	0.808042096252
4	4142	149.398836468981	0.657049826768
4	4152	149.598836468981	0.835256971699
4	4157	149.798836468981	0.852608652625
4	4162	149.998836468981	0.938527502995
4	4170	150.198836468981	0.912303862513
4	4177	150.398836468981	0.962426851065
4	4188	150.598836468981	0.448643056294
4	4198	150.863497751634	0.4002
4	4203	151.063497751634	0.434223820919
4	4220	151.551573565047	0.4002
4	4230	151.782889541052	0.4002
4	4248	152.125950689856	0.4002
4	4253	152.325950689856	0.547254815447
4	4258	152.525950689856	0.686364047641
4	4266	152.725950689856	0.858909790624
4	4274	153.051968746313	0.4002
4	4285	153.459732293669	0.4002
4	4296	153.918766252578	0.4002
4	4313	154.519068602166	0.4002
4	4321	154.76011120333	0.4002
4	4332	155.095740468344	0.4002
4	4340	155.456875521075	0.4002
4	4357	156.249325043908	0.4002
4	4365	156.498622771513	0.4002
4	4377	156.847110875366	0.4002
4	4382	157.047110875366	0.535739429371
4	4396	157.47544087233	0.4002
4	4409	157.834445798521	0.4002
4	4414	158.034445798521	0.442868627089
4	4429	159.544701831833	0.4002
4	4437	159.744701831833	0.590363446212
4	4445	160.069426532446	0.4002
4	4463	160.996834124928	0.4002
4	4474	161.196834124928	0.530109375748
4	4479	161.396834124928	0.440606806413
4	4484	161.596834124928	0.595956981373
4	4495	162.067383124206	0.4002
4	4511	162.999837553511	0.4002
4	4516	163.199837553511	0.403981410623
4	4527	164.039216205574	0.4002
4	4538	164.473476744928	0.4002
4	4549	164.957540150597	0.4002
4	4560	165.659357401029	0.4002
4	4580	166.15962414737	0.4002
4	4585	166.35962414737	0.405249710953
4	4590	166.55962414737	0.551289357487
4	4601	167.737312896323	0.4002
4	4615	168.322168665935	0.4002
4	4637	168.693259700028	0.4002
4	4648	168.893259700028	0.525461370151
4	4658	169.093259700028	0.638309470984
4	4669	169.293259700028	0.779468500775
4	4676	169.493259700028	0.971772177503
4	4681	169.693259700028	0.988829263395
4	4689	169.893259700028	0.810295016784
4	4703	170.093259700028	1.010160976281
4	4710	170.293259700028	1.126741663023
4	4715	170.493259700028	0.673054884212
4	4725	170.693259700028	0.763371728747
4	4730	170.893259700028	0.90187587054
4	4740	171.093259700028	0.547403229353
4	4753	171.416525077237	0.4002
4	4765	171.616525077237	0.578683873267
4	4770	171.816525077237	0.472624551919
4	4778	172.016525077237	0.52726477009
4	4792	172.404242771073	0.4002
4	4800	172.698091429069	0.4002
4	4811	173.018787205772	0.4002
4	4819	173.391319239931	0.4002
4	4836	174.531007719531	0.4002
4	4846	174.770921347353	0.4002
4	4857	174.970921347353	0.433012552467
4	4868	175.23448652448	0.4002
4	4873	175.475001512504	0.4002
4	4889	176.836567924304	0.4002
4	4894	177.036567924304	0.455649506896
4	4905	177.480211593872	0.4002
4	4916	177.955410018317	0.4002
4	4932	179.965838030719	0.4002
4	4937	180.165838030719	0.475115748188
4	4948	180.951144170673	0.4002
4	4959	181.51232983231	0.4002
4	4986	182.442683047561	0.4002
4	5001	182.642683047561	0.568745582708
4	5014	182.842683047561	0.730408708525
4	5023	183.042683047561	0.836347143699
4	5030	183.242683047561	1.029406634482
4	5038	183.442683047561	1.027612733635
4	5045	183.642683047561	1.128843809705
4	5050	183.842683047561	1.281689230727
4	5058	184.042683047561	1.470754014074
4	5070	184.242683047561	1.591324757064
4	5075	184.442683047561	1.724977273884
4	5080	184.642683047561	1.280182645961
4	5085	184.842683047561	0.864578379641
4	5090	185.042683047561	0.901511992465
4	5105	185.484079739944	0.4002
4	5110	185.684079739944	0.513829559016
4	5121	186.321156423873	0.4002
4	5139	186.976239373638	0.4002
4	5151	187.176239373638	0.594707944285
4	5159	187.376239373638	0.494916120907
4	5166	187.576239373638	0.573562313115
4	5171	187.776239373638	0.422040657455
4	5182	188.281361107669	0.4002
4	5199	189.050514652998	0.4002
4	5204	189.283830407402	0.4002
4	5215	189.721897523906	0.4002
4	5231	190.251416572849	0.4002
4	5236	190.451416572849	0.492386674402
4	5260	192.357636265914	0.4002
4	5269	192.557636265914	0.596785489656
4	5274	192.757636265914	0.764852528072
4	5284	192.957636265914	0.685791895252
4	5294	193.157636265914	0.82601554418
4	5299	193.357636265914	0.595732451031
4	5307	193.557636265914	0.580645052394
4	5315	193.95060467462	0.4002
4	5334	195.152379411352	0.4002
4	5346	195.352379411352	0.526163922897
4	5353	195.552379411352	0.724443482571
4	5358	195.752379411352	0.572445831995
4	5363	195.952379411352	0.697311709257
4	5384	196.631620401314	0.4002
4	5389	196.831620401314	0.407186491773
4	5394	197.031620401314	0.502656451164
4	5410	197.714478951418	0.4002
4	5415	197.914478951418	0.479103490415
4	5435	198.359271987161	0.4002
4	5443	198.559271987161	0.406122938827
4	5454	198.759271987161	0.513411511146
4	5459	198.959271987161	0.417061341965
4	5464	199.159271987161	0.544001304342
5	14	0.488056992192	1
5	19	0.688056992192	1
5	30	1.223977783242	1
5	50	1.846907198619	1
5	55	2.046907198619	1
5	60	2.246907198619	1
5	71	2.964189467379	1
5	90	4.32381729734	1
5	100	4.558399226058	1
5	110	4.758399226058	1
5	117	4.958399226058	1
5	122	5.158399226058	1
5	138	5.607575288622	1
5	149	5.807575288622	1
5	163	6.016322168926	1
5	170	6.249693078192	1
5	175	6.449693078192	1
5	190	8.014723570689	1
5	195	8.214723570689	1
5	213	8.665597494041	1
5	220	8.865597494041	1
5	225	9.065597494041	1
5	236	9.531342660967	1
5	257	10.130498490325	1
5	266	10.334254186594	1
5	271	10.534254186594	1
5	282	10.734254186594	1
5	287	10.997725377366	1
5	310	11.739634011982	1
5	324	11.939634011982	1
5	333	12.139634011982	1
5	338	12.339634011982	1
5	343	12.539634011982	1
5	351	12.739634011982	1
5	358	12.939634011982	1
5	369	13.139634011982	1
5	380	13.410140641585	1
5	388	13.669720062536	1
5	402	13.973210127838	1
5	410	14.210349679565	1
5	418	14.530989489591	1
5	444	14.991690093033	1
5	453	15.191690093033	1
5	460	15.391690093033	1
5	468	15.591690093033	1
5	478	15.791690093033	1
5	485	15.991690093033	1
5	490	16.191690093033	1
5	498	16.391690093033	1
5	510	16.738423723274	1
5	515	16.938423723274	1
5	530	17.573213588239	1
5	535	17.773213588239	1
5	546	18.746226306061	1
5	563	19.909034266599	1
5	568	20.197442697141	1
5	587	21.326038695362	1
5	592	21.526038695362	1
5	597	21.726038695362	1
5	619	23.363869197701	1
5	626	23.563869197701	1
5	634	23.763869197701	1
5	641	23.963869197701	1
5	649	24.163869197701	1
5	657	24.505138602396	1
5	668	25.154004493207	1
5	684	25.683177795382	1
5	699	26.01828104735	1
5	707	26.21828104735	1
5	719	26.41828104735	1
5	728	26.61828104735	1
5	736	26.81828104735	1
5	743	27.01828104735	1
5	754	27.21828104735	1
5	759	27.443810581857	1
5	773	28.036616519095	1
5	781	28.393995371567	1
5	792	29.303604773762	1
5	811	30.788382891915	1
5	819	30.988382891915	1
5	826	31.188382891915	1
5	831	31.388382891915	1
5	845	31.909294650058	1
5	853	32.294221281637	1
5	868	33.009601624767	1
5	873	33.209601624767	1
5	884	33.983845408897	1
5	902	34.4013664475	1
5	912	34.6013664475	1
5	919	34.8013664475	1
5	930	35.0013664475	1
5	935	35.227229086004	1
5	957	36.623132756393	1
5	964	36.823132756393	1
5	969	37.023132756393	1
5	980	37.223132756393	1
5	990	37.481129595643	1
5	1001	37.681129595643	1
5	1009	37.904103185776	1
5	1017	38.232503759415	1
5	1039	38.748192472222	1
5	1048	38.948192472222	1
5	1055	39.148192472222	1
5	1060	39.348192472222	1
5	1065	39.548192472222	1
5	1088	40.067183428161	1
5	1103	40.267183428161	1
5	1112	40.467183428161	1
5	1117	40.667183428161	1
5	1122	40.867183428161	1
5	1127	41.067183428161	1
5	1132	41.267183428161	1
5	1148	41.791904394648	1
5	1161	41.991904394648	1
5	1168	42.254287700512	1
5	1173	42.454287700512	1
5	1184	42.937691539682	1
5	1201	43.940666814291	1
5	1211	44.232881709932	1
5	1219	44.432881709932	1
5	1232	44.751751104924	1
5	1237	44.951751104924	1
5	1253	45.506051681506	1
5	1258	45.706051681506	1
5	1273	46.546425488028	1
5	1278	46.746425488028	1
5	1289	47.475550190629	1
5	1300	47.942099739976	1
5	1311	48.551760630723	1
5	1326	49.469265397697	1
5	1340	49.669265397697	1
5	1352	49.907356779867	1
5	1361	50.107356779867	1
5	1371	50.307356779867	1
5	1379	50.507356779867	1
5	1390	50.707356779867	1
5	1395	50.907356779867	1
5	1403	51.107356779867	1
5	1419	51.480408992983	1
5	1424	51.680408992983	1
5	1434	51.880408992983	1
5	1444	52.190936488651	1
5	1449	52.390936488651	1
5	1465	52.916753944024	1
5	1473	53.116753944024	1
5	1489	53.437139134134	1
5	1494	53.637139134134	1
5	1504	53.837139134134	1
5	1522	54.140435862259	1
5	1529	54.340435862259	1
5	1537	54.540435862259	1
5	1544	54.740435862259	1
5	1549	54.940435862259	1
5	1568	55.944924399695	1
5	1578	56.182946539651	1
5	1585	56.382946539651	1
5	1590	56.582946539651	1
5	1601	57.354172334266	1
5	1612	58.334802640466	1
5	1623	59.278763866715	1
5	1642	60.284742398286	1
5	1647	60.484742398286	1
5	1658	60.684742398286	1
5	1663	60.941142001076	1
5	1674	61.590409687543	1
5	1695	63.407113620389	1
5	1707	63.607113620389	1
5	1717	63.807113620389	1
5	1724	64.007113620389	1
5	1729	64.207113620389	1
5	1740	64.407113620389	1
5	1751	64.620412142576	1
5	1761	64.870338119813	1
5	1766	65.070338119813	1
5	1793	66.169989368397	1
5	1802	66.369989368397	1
5	1807	66.569989368397	1
5	1812	66.769989368397	1
5	1826	66.969989368397	1
5	1837	67.169989368397	1
5	1847	67.369989368397	1
5	1854	67.569989368397	1
5	1862	67.769989368397	1
5	1869	67.969989368397	1
5	1874	68.169989368397	1
5	1879	68.369989368397	1
5	1890	68.781977035081	1
5	1907	69.331959357901	1
5	1918	69.585032547747	1
5	1929	69.79184675015	1
5	1934	69.998937674457	1
5	1945	71.235068525403	1
5	1964	71.799206521856	1
5	1976	72.049389011518	1
5	1986	72.249389011518	1
5	1998	72.449389011518	1
5	2009	72.649389011518	1
5	2014	72.849389011518	1
5	2019	73.049389011518	1
5	2024	73.249389011518	1
5	2035	74.363921165301	1
5	2046	74.857521258477	1
5	2062	75.423285838082	1
5	2072	75.768914164086	1
5	2082	75.968914164086	1
5	2092	76.27077923735	1
5	2097	76.47077923735	1
5	2114	77.883987018373	1
5	2122	78.094772627711	1
5	2130	78.406777985295	1
5	2150	78.831617827279	1
5	2164	79.07871111441	1
5	2171	79.27871111441	1
5	2181	79.47871111441	1
5	2186	79.67871111441	1
5	2191	79.87871111441	1
5	2202	80.651105062129	1
5	2213	81.184109504347	1
5	2224	82.258999232583	1
5	2244	82.879628113915	1
5	2249	83.079628113915	1
5	2254	83.279628113915	1
5	2265	83.960414915202	1
5	2287	84.636184758002	1
5	2294	84.836184758002	1
5	2302	85.036184758002	1
5	2312	85.236184758002	1
5	2319	85.436184758002	1
5	2324	85.636184758002	1
5	2338	86.570635909831	1
5	2346	86.949089595108	1
5	2357	87.389636119005	1
5	2372	88.171809007724	1
5	2377	88.371809007724	1
5	2392	89.394689238629	1
5	2400	89.594689238629	1
5	2411	89.954638216888	1
5	2419	90.280017672075	1
5	2430	90.778197065433	1
5	2441	92.216790062279	1
5	2452	92.650105279959	1
5	2463	93.472041692845	1
5	2479	93.895248515223	1
5	2484	94.095248515223	1
5	2498	94.511474746333	1
5	2506	94.829327757756	1
5	2525	96.111444723435	1
5	2537	96.311444723435	1
5	2546	96.511444723435	1
5	2554	96.711444723435	1
5	2568	96.911444723435	1
5	2579	97.111444723435	1
5	2584	97.311444723435	1
5	2589	97.511444723435	1
5	2600	97.711444723435	1
5	2610	97.997051166164	1
5	2618	98.197051166164	1
5	2626	98.501617983961	1
5	2649	99.083453235285	1
5	2659	99.283453235285	1
5	2667	99.483453235285	1
5	2674	99.683453235285	1
5	2679	99.883453235285	1
5	2687	100.083453235285	1
5	2698	100.406868366454	1
5	2718	100.800649194207	1
5	2725	101.000649194207	1
5	2733	101.200649194207	1
5	2744	101.400649194207	1
5	2749	101.600649194207	1
5	2764	101.800649194207	1
5	2773	102.056845359616	1
5	2778	102.256845359616	1
5	2793	102.456845359616	1
5	2808	102.700482428136	1
5	2815	102.900482428136	1
5	2820	103.100482428136	1
5	2828	103.300482428136	1
5	2835	103.500482428136	1
5	2840	103.700482428136	1
5	2851	104.217160969917	1
5	2862	105.122105229483	1
5	2873	105.703887524756	1
5	2887	106.200693966796	1
5	2895	106.512219216477	1
5	2906	107.251642938321	1
5	2917	108.113337139962	1
5	2936	108.787136992381	1
5	2941	108.987136992381	1
5	2946	109.187136992381	1
5	2960	110.047440403752	1
5	2974	110.355018940591	1
5	2989	110.651203146664	1
5	2994	110.851203146664	1
5	3002	111.051203146664	1
5	3010	111.398113321856	1
5	3028	112.009567098765	1
5	3039	112.209567098765	1
5	3044	112.409567098765	1
5	3049	112.609567098765	1
5	3068	113.970117670167	1
5	3073	114.170117670167	1
5	3078	114.370117670167	1
5	3092	115.433475942855	1
5	3100	115.737867414249	1
5	3117	116.679060699316	1
5	3122	116.90314074187	1
5	3136	117.331865077536	1
5	3144	117.701581005277	1
5	3159	118.66392380932	1
5	3169	118.86392380932	1
5	3183	119.228542003276	1
5	3193	119.428542003276	1
5	3198	119.628542003276	1
5	3203	119.828542003276	1
5	3219	120.456054968913	1
5	3230	120.656054968913	1
5	3235	120.915138349503	1
5	3246	121.695188477064	1
5	3265	122.314067704884	1
5	3279	122.529308962546	1
5	3286	122.729308962546	1
5	3296	122.929308962546	1
5	3301	123.129308962546	1
5	3312	123.329308962546	1
5	3325	123.601664792912	1
5	3332	123.863828107795	1
5	3337	124.063828107795	1
5	3353	125.082716177748	1
5	3358	125.282716177748	1
5	3369	125.784844939961	1
5	3386	126.798460889962	1
5	3391	127.038756870158	1
5	3411	127.513258271285	1
5	3416	127.713258271285	1
5	3429	127.913258271285	1
5	3436	128.115786506139	1
5	3444	128.315786506139	1
5	3458	128.662523326942	1
5	3463	128.925611118372	1
5	3478	129.419121323477	1
5	3483	129.619121323477	1
5	3494	131.222383108456	1
5	3509	131.648018574415	1
5	3514	131.848018574415	1
5	3530	132.271499065539	1
5	3535	132.471499065539	1
5	3551	133.151329997851	1
5	3556	133.351329997851	1
5	3572	133.768304710971	1
5	3577	133.968304710971	1
5	3593	134.712069931064	1
5	3598	134.912069931064	1
5	3615	135.377696169341	1
5	3620	135.605187512864	1
5	3639	136.104061923016	1
5	3658	136.377441156957	1
5	3673	136.577441156957	1
5	3686	136.777441156957	1
5	3697	136.977441156957	1
5	3706	137.177441156957	1
5	3714	137.377441156957	1
5	3724	137.577441156957	1
5	3731	137.777441156957	1
5	3741	137.977441156957	1
5	3746	138.177441156957	1
5	3756	138.377441156957	1
5	3761	138.577441156957	1
5	3766	138.777441156957	1
5	3771	138.977441156957	1
5	3776	139.177441156957	1
5	3781	139.377441156957	1
5	3797	140.68743150251	1
5	3808	140.88743150251	1
5	3813	141.169684460499	1
5	3830	141.825308590011	1
5	3841	142.103796950029	1
5	3849	142.324638022304	1
5	3857	142.684507716159	1
5	3868	143.376363601548	1
5	3886	143.83049289601	1
5	3897	144.03049289601	1
5	3905	144.23049289601	1
5	3912	144.43049289601	1
5	3923	144.63049289601	1
5	3931	144.919257966246	1
5	3947	145.244366119641	1
5	3957	145.444366119641	1
5	3964	145.644366119641	1
5	3969	145.844366119641	1
5	3987	146.311902403418	1
5	4000	146.511902403418	1
5	4007	146.711902403418	1
5	4019	146.911902403418	1
5	4026	147.111902403418	1
5	4038	147.311902403418	1
5	4050	147.511902403418	1
5	4060	147.711902403418	1
5	4065	147.911902403418	1
5	4070	148.111902403418	1
5	4083	148.311902403418	1
5	4098	148.598836468981	1
5	4108	148.798836468981	1
5	4120	148.998836468981	1
5	4132	149.198836468981	1
5	4142	149.398836468981	1
5	4152	149.598836468981	1
5	4157	149.798836468981	1
5	4162	149.998836468981	1
5	4170	150.198836468981	1
5	4177	150.398836468981	1
5	4188	150.598836468981	1
5	4198	150.863497751634	1
5	4203	151.063497751634	1
5	4220	151.551573565047	1
5	4230	151.782889541052	1
5	4248	152.125950689856	1
5	4253	152.325950689856	1
5	4258	152.525950689856	1
5	4266	152.725950689856	1
5	4274	153.051968746313	1
5	4285	153.459732293669	1
5	4296	153.918766252578	1
5	4313	154.519068602166	1
5	4321	154.76011120333	1
5	4332	155.095740468344	1
5	4340	155.456875521075	1
5	4357	156.249325043908	1
5	4365	156.498622771513	1
5	4377	156.847110875366	1
5	4382	157.047110875366	1
5	4396	157.47544087233	1
5	4409	157.834445798521	1
5	4414	158.034445798521	1
5	4429	159.544701831833	1
5	4437	159.744701831833	1
5	4445	160.069426532446	1
5	4463	160.996834124928	1
5	4474	161.196834124928	1
5	4479	161.396834124928	1
5	4484	161.596834124928	1
5	4495	162.067383124206	1
5	4511	162.999837553511	1
5	4516	163.199837553511	1
5	4527	164.039216205574	1
5	4538	164.473476744928	1
5	4549	164.957540150597	1
5	4560	165.659357401029	1
5	4580	166.15962414737	1
5	4585	166.35962414737	1
5	4590	166.55962414737	1
5	4601	167.737312896323	1
5	4615	168.322168665935	1
5	4637	168.693259700028	1
5	4648	168.893259700028	1
5	4658	169.093259700028	1
5	4669	169.293259700028	1
5	4676	169.493259700028	1
5	4681	169.693259700028	1
5	4689	169.893259700028	1
5	4703	170.093259700028	1
5	4710	170.293259700028	1
5	4715	170.493259700028	1
5	4725	170.693259700028	1
5	4730	170.893259700028	1
5	4740	171.093259700028	1
5	4753	171.416525077237	1
5	4765	171.616525077237	1
5	4770	171.816525077237	1
5	4778	172.016525077237	1
5	4792	172.404242771073	1
5	4800	172.698091429069	1
5	4811	173.018787205772	1
5	4819	173.391319239931	1
5	4836	174.531007719531	1
5	4846	174.770921347353	1
5	4857	174.970921347353	1
5	4868	175.23448652448	1
5	4873	175.475001512504	1
5	4889	176.836567924304	1
5	4894	177.036567924304	1
5	4905	177.480211593872	1
5	4916	177.955410018317	1
5	4932	179.965838030719	1
5	4937	180.165838030719	1
5	4948	180.951144170673	1
5	4959	181.51232983231	1
5	4986	182.442683047561	1
5	5001	182.642683047561	1
5	5014	182.842683047561	1
5	5023	183.042683047561	1
5	5030	183.242683047561	1
5	5038	183.442683047561	1
5	5045	183.642683047561	1
5	5050	183.842683047561	1
5	5058	184.042683047561	1
5	5070	184.242683047561	1
5	5075	184.442683047561	1
5	5080	184.642683047561	1
5	5085	184.842683047561	1
5	5090	185.042683047561	1
5	5105	185.484079739944	1
5	5110	185.684079739944	1
5	5121	186.321156423873	1
5	5139	186.976239373638	1
5	5151	187.176239373638	1
5	5159	187.376239373638	1
5	5166	187.576239373638	1
5	5171	187.776239373638	1
5	5182	188.281361107669	1
5	5199	189.050514652998	1
5	5204	189.283830407402	1
5	5215	189.721897523906	1
5	5231	190.251416572849	1
5	5236	190.451416572849	1
5	5260	192.357636265914	1
5	5269	192.557636265914	1
5	5274	192.757636265914	1
5	5284	192.957636265914	1
5	5294	193.157636265914	1
5	5299	193.357636265914	1
5	5307	193.557636265914	1
5	5315	193.95060467462	1
5	5334	195.152379411352	1
5	5346	195.352379411352	1
5	5353	195.552379411352	1
5	5358	195.752379411352	1
5	5363	195.952379411352	1
5	5384	196.631620401314	1
5	5389	196.831620401314	1
5	5394	197.031620401314	1
5	5410	197.714478951418	1
5	5415	197.914478951418	1
5	5435	198.359271987161	1
5	5443	198.559271987161	1
5	5454	198.759271987161	1
5	5459	198.959271987161	1
5	5464	199.159271987161	1

