version 3
run FeedbackVersion-13-20240511-20:48:08-11935
attr configname FeedbackVersion
attr datetime 20240511-20:48:08
attr datetimef 20240511-204808
attr experiment FeedbackVersion
attr inifile omnetpp.ini
attr iterationvars $genInterval=0.75
attr iterationvarsd genInterval=0.75
attr iterationvarsf genInterval=0.75-
attr measurement $genInterval=0.75
attr network NetworkFV
attr processid 11935
attr repetition 0
attr replication #0
attr resultdir results
attr runnumber 13
attr seedset 13
itervar genInterval 0.75
config network NetworkFV
config sim-time-limit 200s
config NetworkFV.nodeTx.gen.generationInterval exponential(0.75)
config NetworkFV.nodeTx.gen.packetByteSize 12500
config NetworkFV.queueOne.bufferSize 200
config NetworkFV.nodeRx.queue.bufferSize 200
config NetworkFV.nodeTx.queue.bufferSize 2000000
config NetworkFV.queueZero.bufferSize 200

vector 0 NetworkFV.nodeRx.queue PacketsLost ETV
vector 1 NetworkFV.nodeRx.queue PacketsAsked ETV
vector 2 NetworkFV.queueOne bufferSize ETV
vector 3 NetworkFV.nodeTx.gen packetGen ETV
vector 4 NetworkFV.nodeTx.queue BufferSize ETV
vector 5 NetworkFV.nodeTx.queue PacketsSent ETV
vector 6 NetworkFV.queueZero bufferSize ETV
vector 7 NetworkFV.nodeRx.queue BufferSize ETV
vector 8 NetworkFV.nodeRx.sink Delay ETV
vector 9 NetworkFV.nodeRx.sink packetUsed ETV
0	1	0	1
0	6	0.2	1
0	7	0.4	1
0	8	0.6	1
0	9	0.8	1
0	10	1	1
0	14	1.2	1
0	22	1.4	1
0	40	1.9002	1
0	57	2.5006	1
0	58	2.8008	1
0	59	3.101	1
0	60	3.4012	1
0	67	3.7014	1
0	86	4.602	1
0	90	4.9022	1
0	100	5.5026	1
0	101	5.8028	1
0	102	6.103	1
0	103	6.4032	1
0	114	6.7034	1
0	124	7.0036	1
0	125	7.3038	1
0	126	7.604	1
0	127	7.9042	1
0	128	8.2044	1
0	129	8.5046	1
0	134	8.8048	1
0	142	9.105	1
0	153	9.4052	1
0	163	9.7054	1
0	164	10.0056	1
0	165	10.3058	1
0	166	10.606	1
0	167	10.9062	1
0	168	11.2064	1
0	173	11.5066	1
0	178	11.8068	1
0	189	12.107	1
0	200	12.7074	1
0	204	13.0076	1
0	229	13.9082	1
0	230	14.2084	1
0	234	14.5086	1
0	258	15.4092	1
0	275	16.0096	1
0	282	16.61	1
0	283	16.9102	1
0	290	17.2104	1
0	297	17.8108	1
0	298	18.111	1
0	309	18.4112	1
0	322	19.0116	1
0	345	19.9122	1
0	346	20.2124	1
0	353	20.5126	1
0	388	21.4132	1
0	405	22.0136	1
0	406	22.3138	1
0	407	22.614	1
0	408	22.9142	1
0	409	23.2144	1
0	415	23.5146	1
0	455	24.7154	1
0	466	25.3158	1
0	467	25.616	1
0	471	25.9162	1
0	487	26.5166	1
0	512	27.4172	1
0	523	28.0176	1
0	530	28.3178	1
0	567	29.5186	1
0	586	30.4192	1
0	587	30.7194	1
0	588	31.0196	1
0	593	31.3198	1
0	594	31.62	1
0	595	31.9202	1
0	596	32.2204	1
0	597	32.5206	1
0	598	32.8208	1
0	603	33.121	1
0	609	33.4212	1
0	620	33.7214	1
0	623	34.0216	1
0	630	34.3218	1
0	649	34.622	1
0	660	35.2224	1
0	661	35.5226	1
0	662	35.8228	1
0	663	36.123	1
0	664	36.4232	1
0	665	36.7234	1
0	676	37.0236	1
0	686	37.3238	1
0	687	37.624	1
0	694	37.9242	1
0	707	38.2244	1
0	708	38.5246	1
0	709	38.8248	1
0	710	39.125	1
0	711	39.4252	1
0	712	39.7254	1
0	717	40.0256	1
0	725	40.3258	1
0	736	40.626	1
0	746	40.9262	1
0	753	41.2264	1
0	764	41.8268	1
0	765	42.127	1
0	766	42.4272	1
0	767	42.7274	1
0	776	43.0276	1
0	840	44.5286	1
0	841	44.8288	1
0	848	45.129	1
0	904	46.63	1
0	905	46.9302	1
0	906	47.2304	1
0	910	47.5306	1
0	943	48.7314	1
0	953	49.3318	1
0	958	49.632	1
0	965	49.9322	1
0	978	50.5326	1
0	985	51.133	1
0	986	51.4332	1
0	993	51.7334	1
0	1014	52.0336	1
0	1031	52.634	1
0	1056	53.5346	1
0	1069	54.135	1
0	1098	55.0356	1
0	1111	55.636	1
0	1130	56.5366	1
0	1131	56.8368	1
0	1132	57.137	1
0	1133	57.4372	1
0	1138	57.7374	1
0	1139	58.0376	1
0	1146	58.3378	1
0	1153	58.9382	1
0	1164	59.2384	1
0	1204	60.4392	1
0	1230	61.64	1
0	1237	61.9402	1
0	1262	62.5406	1
0	1288	63.4412	1
0	1295	64.0416	1
0	1302	64.3418	1
0	1315	64.9422	1
0	1326	65.5426	1
0	1327	65.8428	1
0	1328	66.143	1
0	1329	66.4432	1
0	1333	66.7434	1
0	1343	67.3438	1
0	1354	67.644	1
0	1401	69.145	1
0	1411	69.4452	1
0	1458	70.646	1
0	1473	71.2464	1
0	1488	72.147	1
0	1495	72.4472	1
0	1529	73.3478	1
0	1533	73.648	1
0	1569	74.8488	1
0	1576	75.4492	1
0	1588	75.7494	1
0	1610	76.3498	1
0	1626	76.9502	1
0	1633	77.2504	1
0	1677	78.4512	1
0	1678	78.7514	1
0	1679	79.0516	1
0	1680	79.3518	1
0	1681	79.652	1
0	1682	79.9522	1
0	1687	80.2524	1
0	1688	80.5526	1
0	1689	80.8528	1
0	1690	81.153	1
0	1697	81.4532	1
0	1704	82.0536	1
0	1709	82.3538	1
0	1714	82.654	1
0	1719	82.9542	1
0	1720	83.2544	1
0	1730	83.5546	1
0	1740	83.8548	1
0	1741	84.155	1
0	1748	84.4552	1
0	1759	85.0556	1
0	1760	85.3558	1
0	1761	85.656	1
0	1762	85.9562	1
0	1763	86.2564	1
0	1764	86.5566	1
0	1769	86.8568	1
0	1770	87.157	1
0	1771	87.4572	1
0	1772	87.7574	1
0	1773	88.0576	1
0	1774	88.3578	1
0	1785	88.658	1
0	1790	88.9582	1
0	1798	89.2584	1
0	1803	89.5586	1
0	1807	89.8588	1
0	1820	90.159	1
0	1823	90.4592	1
0	1833	90.7594	1
0	1871	91.9602	1
0	1872	92.2604	1
0	1881	92.5606	1
0	2047	96.4632	1
0	2054	97.0636	1
0	2055	97.3638	1
0	2062	97.664	1
0	2069	98.2644	1
0	2070	98.5646	1
0	2075	98.8648	1
0	2076	99.165	1
0	2077	99.4652	1
0	2078	99.7654	1
0	2079	100.0656	1
0	2080	100.3658	1
0	2090	100.666	1
0	2112	101.5666	1
0	2113	101.8668	1
0	2117	102.167	1
0	2127	102.7674	1
0	2128	103.0676	1
0	2135	103.3678	1
0	2149	103.668	1
0	2156	103.9682	1
0	2166	104.2684	1
0	2167	104.5686	1
0	2168	104.8688	1
0	2169	105.169	1
0	2170	105.4692	1
0	2171	105.7694	1
0	2176	106.0696	1
0	2181	106.3698	1
0	2186	106.67	1
0	2187	106.9702	1
0	2191	107.2704	1
0	2207	107.5706	1
0	2210	107.8708	1
0	2211	108.171	1
0	2212	108.4712	1
0	2213	108.7714	1
0	2214	109.0716	1
0	2222	109.3718	1
0	2230	109.672	1
0	2244	109.9722	1
0	2262	110.2724	1
0	2273	110.8728	1
0	2274	111.173	1
0	2275	111.4732	1
0	2282	111.7734	1
0	2405	115.0756	1
0	2406	115.3758	1
0	2410	115.676	1
0	2434	116.5766	1
0	2453	117.4772	1
0	2454	117.7774	1
0	2459	118.0776	1
0	2460	118.3778	1
0	2461	118.678	1
0	2462	118.9782	1
0	2473	119.2784	1
0	2500	120.179	1
0	2520	120.4792	1
0	2533	121.0796	1
0	2537	121.3798	1
0	2547	121.9802	1
0	2548	122.2804	1
0	2555	122.5806	1
0	2572	123.181	1
0	2609	124.3818	1
0	2610	124.682	1
0	2611	124.9822	1
0	2612	125.2824	1
0	2613	125.5826	1
0	2614	125.8828	1
0	2619	126.183	1
0	2620	126.4832	1
0	2621	126.7834	1
0	2630	127.0836	1
0	2646	127.3838	1
0	2649	127.684	1
0	2656	127.9842	1
0	2678	128.8848	1
0	2679	129.185	1
0	2680	129.4852	1
0	2684	129.7854	1
0	2702	130.686	1
0	2703	130.9862	1
0	2708	131.2864	1
0	2709	131.5866	1
0	2710	131.8868	1
0	2711	132.187	1
0	2718	132.4872	1
0	2728	133.0876	1
1	1	0	2
1	14	1.2	1
1	24	1.428003725266	0
1	32	1.6	1
1	48	2.129114652722	2
1	77	4.004078449948	3
1	103	6.4032	1
1	116	6.784293232792	1
1	129	8.5046	0
1	134	8.8048	0
1	142	9.105	1
1	155	9.462891625837	1
1	168	11.2064	0
1	173	11.5066	0
1	178	11.8068	1
1	191	12.160831237514	2
1	220	13.426756526211	3
1	260	15.428941798555	4
1	298	18.111	2
1	324	19.205149012025	2
1	355	20.533618740183	3
1	396	21.68573588026	5
1	415	23.5146	2
1	434	23.921328671674	2
1	457	24.721355330163	4
1	514	27.524087095046	6
1	588	31.0196	3
1	598	32.8208	1
1	614	33.679452657685	1
1	632	34.401366938796	1
1	651	34.734132206428	2
1	665	36.7234	1
1	678	37.1165845594	1
1	699	38.079032276382	1
1	712	39.7254	0
1	717	40.0256	0
1	725	40.3258	1
1	738	40.650908959847	1
1	755	41.230682090741	2
1	786	43.304380141861	4
1	831	44.205051718703	6
1	895	46.26877266674	9
1	953	49.3318	4
1	993	51.7334	1
1	1006	51.876791567909	1
1	1016	52.076791567909	2
1	1041	52.97851674707	3
1	1083	54.701170284866	5
1	1133	57.4372	2
1	1166	59.342140056641	2
1	1192	59.849370632293	4
1	1242	62.031148983698	6
1	1317	65.088494774343	9
1	1343	67.3438	4
1	1392	68.776971522596	4
1	1443	70.156747763001	6
1	1520	73.039050116588	10
1	1610	76.3498	5
1	1662	77.825211056788	5
1	1682	79.9522	2
1	1704	82.0536	0
1	1709	82.3538	0
1	1714	82.654	1
1	1732	83.574030703454	1
1	1750	84.575607982921	2
1	1764	86.5566	1
1	1774	88.3578	0
1	1785	88.658	0
1	1790	88.9582	0
1	1798	89.2584	1
1	1814	90.097456571362	1
1	1838	90.778905052773	2
1	1862	91.431557577869	3
1	1899	93.004628567458	5
1	1957	94.243226546992	8
1	2032	96.061159650314	12
1	2070	98.5646	6
1	2080	100.3658	2
1	2103	101.092281888194	2
1	2135	103.3678	1
1	2141	103.493564974732	1
1	2158	104.011989256329	1
1	2171	105.7694	0
1	2176	106.0696	0
1	2181	106.3698	1
1	2201	107.502143454393	1
1	2214	109.0716	0
1	2222	109.3718	0
1	2230	109.672	1
1	2246	110.026776979465	1
1	2264	110.369323916777	2
1	2298	112.136330563141	4
1	2341	113.164910448145	6
1	2396	114.476422096033	9
1	2454	117.7774	5
1	2500	120.179	1
1	2514	120.386458003115	1
1	2524	120.586458003115	2
1	2557	122.688184579276	3
1	2600	123.930320102568	5
1	2614	125.8828	2
1	2640	127.297693128935	2
1	2669	128.288407848125	4
1	2703	130.9862	2
1	2728	133.0876	0
2	2	0	1
2	15	1.2	1
2	26	1.428003725266	1
2	33	1.6	1
2	50	2.129114652722	1
2	79	4.004078449948	1
2	104	6.4032	1
2	118	6.784293232792	1
2	130	8.5046	1
2	135	8.8048	1
2	143	9.105	1
2	157	9.462891625837	1
2	169	11.2064	1
2	174	11.5066	1
2	179	11.8068	1
2	193	12.160831237514	1
2	222	13.426756526211	1
2	262	15.428941798555	1
2	299	18.111	1
2	326	19.205149012025	1
2	357	20.533618740183	1
2	398	21.68573588026	1
2	416	23.5146	1
2	436	23.921328671674	1
2	459	24.721355330163	1
2	516	27.524087095046	1
2	589	31.0196	1
2	599	32.8208	1
2	616	33.679452657685	1
2	634	34.401366938796	1
2	653	34.734132206428	1
2	666	36.7234	1
2	680	37.1165845594	1
2	701	38.079032276382	1
2	713	39.7254	1
2	718	40.0256	1
2	726	40.3258	1
2	740	40.650908959847	1
2	757	41.230682090741	1
2	788	43.304380141861	1
2	833	44.205051718703	1
2	897	46.26877266674	1
2	954	49.3318	1
2	994	51.7334	1
2	1008	51.876791567909	1
2	1018	52.076791567909	1
2	1043	52.97851674707	1
2	1085	54.701170284866	1
2	1134	57.4372	1
2	1168	59.342140056641	1
2	1194	59.849370632293	1
2	1244	62.031148983698	1
2	1319	65.088494774343	1
2	1344	67.3438	1
2	1394	68.776971522596	1
2	1445	70.156747763001	1
2	1522	73.039050116588	1
2	1611	76.3498	1
2	1664	77.825211056788	1
2	1683	79.9522	1
2	1705	82.0536	1
2	1710	82.3538	1
2	1715	82.654	1
2	1734	83.574030703454	1
2	1752	84.575607982921	1
2	1765	86.5566	1
2	1775	88.3578	1
2	1786	88.658	1
2	1791	88.9582	1
2	1799	89.2584	1
2	1816	90.097456571362	1
2	1840	90.778905052773	1
2	1864	91.431557577869	1
2	1901	93.004628567458	1
2	1959	94.243226546992	1
2	2034	96.061159650314	1
2	2071	98.5646	1
2	2081	100.3658	1
2	2105	101.092281888194	1
2	2136	103.3678	1
2	2143	103.493564974732	1
2	2160	104.011989256329	1
2	2172	105.7694	1
2	2177	106.0696	1
2	2182	106.3698	1
2	2203	107.502143454393	1
2	2215	109.0716	1
2	2223	109.3718	1
2	2231	109.672	1
2	2248	110.026776979465	1
2	2266	110.369323916777	1
2	2300	112.136330563141	1
2	2343	113.164910448145	1
2	2398	114.476422096033	1
2	2455	117.7774	1
2	2501	120.179	1
2	2516	120.386458003115	1
2	2526	120.586458003115	1
2	2559	122.688184579276	1
2	2602	123.930320102568	1
2	2615	125.8828	1
2	2642	127.297693128935	1
2	2671	128.288407848125	1
2	2704	130.9862	1
2	2729	133.0876	1
3	11	1.127803725266	1
3	37	1.828914652722	1
3	44	2.032319771982	1
3	61	3.503878449948	1
3	87	4.808019759619	1
3	108	6.484093232792	1
3	139	9.01462728034	1
3	147	9.162691625837	1
3	183	11.860631237514	1
3	201	12.926556526211	1
3	216	13.37965259994	1
3	231	14.424374554323	1
3	252	15.128741798555	1
3	269	15.829856574624	1
3	284	16.950354819353	1
3	303	18.135341882729	1
3	316	18.904949012025	1
3	330	19.273268932926	1
3	347	20.233418740183	1
3	361	20.545449958846	1
3	364	20.572198727019	1
3	385	21.38553588026	1
3	392	21.65138264198	1
3	410	23.421128671674	1
3	413	23.466349316678	1
3	449	24.421155330163	1
3	468	25.880158021005	1
3	481	26.358573345658	1
3	491	26.708505310571	1
3	506	27.223887095046	1
3	524	28.07810653225	1
3	536	28.521409930962	1
3	543	28.743477870412	1
3	561	29.310663608352	1
3	571	29.630965067668	1
3	604	33.379252657685	1
3	607	33.386345668785	1
3	624	34.101166938796	1
3	638	34.433932206428	1
3	646	34.583051023471	1
3	670	36.8163845594	1
3	688	37.778832276382	1
3	695	37.96316082597	1
3	722	40.062133088704	1
3	730	40.350708959847	1
3	747	40.930482090741	1
3	768	42.804180141861	1
3	782	43.280533959993	1
3	792	43.304851718703	1
3	822	44.039339581479	1
3	825	44.089813957637	1
3	842	44.967664625544	1
3	869	45.713007290856	1
3	882	45.96857266674	1
3	907	47.521068100919	1
3	911	47.561780814004	1
3	913	47.568346264188	1
3	940	48.73055721982	1
3	959	49.760079351647	1
3	972	50.319743297255	1
3	987	51.576591567909	1
3	998	51.740984734775	1
3	1001	51.800037831014	1
3	1025	52.47831674707	1
3	1050	53.279645363109	1
3	1063	53.867086303586	1
3	1075	54.400970284866	1
3	1092	54.85138428616	1
3	1105	55.341660972118	1
3	1117	55.879094242937	1
3	1140	58.214544476815	1
3	1154	59.041940056641	1
3	1157	59.041949085227	1
3	1159	59.13642430302	1
3	1172	59.349170632293	1
3	1175	59.437858364452	1
3	1201	60.372060632191	1
3	1231	61.730948983698	1
3	1238	62.025266684614	1
3	1251	62.26331154971	1
3	1259	62.506567308841	1
3	1282	63.228540619086	1
3	1296	64.120219421751	1
3	1309	64.788294774343	1
3	1330	66.66913528247	1
3	1348	67.539287553397	1
3	1355	67.749545057068	1
3	1367	68.017285806437	1
3	1384	68.476771522596	1
3	1402	69.21021737638	1
3	1408	69.428977604248	1
3	1412	69.49882698549	1
3	1430	69.856547763001	1
3	1452	70.435072130979	1
3	1465	71.13084914689	1
3	1468	71.182644388855	1
3	1489	72.292698581672	1
3	1496	72.538850116588	1
3	1499	72.591600577453	1
3	1507	72.680007464395	1
3	1530	73.548982419467	1
3	1548	74.136649621452	1
3	1563	74.732636149498	1
3	1577	75.469311618716	1
3	1583	75.580674486963	1
3	1600	76.095901354592	1
3	1603	76.173883476942	1
3	1627	77.113677296377	1
3	1634	77.325011056788	1
3	1643	77.498381502622	1
3	1651	77.621848824701	1
3	1691	81.321118967575	1
3	1721	83.273830703454	1
3	1727	83.420586115023	1
3	1742	84.275407982921	1
3	1779	88.390633076103	1
3	1782	88.594153988002	1
3	1795	89.166220829616	1
3	1804	89.797256571362	1
3	1808	89.868688596647	1
3	1824	90.478705052773	1
3	1830	90.720415030244	1
3	1834	90.777053736094	1
3	1846	90.931357577869	1
3	1873	92.304428567458	1
3	1889	92.753228314674	1
3	1907	93.143026546992	1
3	1926	93.556834919058	1
3	1933	93.674212119853	1
3	1936	93.676398296694	1
3	1942	93.835291457933	1
3	1965	94.360959650314	1
3	1989	94.866910031572	1
3	2007	95.332522229833	1
3	2041	96.266181808471	1
3	2056	97.445373683857	1
3	2085	100.592081888194	1
3	2088	100.601480596236	1
3	2114	102.159781826423	1
3	2129	103.193364974732	1
3	2150	103.711789256329	1
3	2188	107.201943454393	1
3	2192	107.286635229731	1
3	2197	107.444388331192	1
3	2219	109.277610501255	1
3	2227	109.38607851882	1
3	2235	109.726576979465	1
3	2241	109.876416494283	1
3	2252	110.069123916777	1
3	2255	110.091802085175	1
3	2276	111.636130563141	1
3	2288	112.017766460852	1
3	2294	112.127714481829	1
3	2306	112.264710448145	1
3	2315	112.46697435745	1
3	2317	112.497581229158	1
3	2347	113.176222096033	1
3	2407	115.671713298987	1
3	2428	116.294164963156	1
3	2438	116.62698111179	1
3	2463	119.021425637282	1
3	2466	119.042021165616	1
3	2479	119.494829250351	1
3	2497	120.086258003115	1
3	2508	120.18980687629	1
3	2534	121.315871223575	1
3	2549	122.387984579276	1
3	2566	123.013944152809	1
3	2573	123.182835328556	1
3	2589	123.630120102568	1
3	2595	123.775062821714	1
3	2622	126.797493128935	1
3	2636	127.228507095919	1
3	2650	127.788207848125	1
3	2662	128.100140856714	1
3	2681	129.726767473064	1
3	2712	132.290977864017	1
3	2725	133.040603688743	1
3	2736	133.156364535205	1
3	2739	133.244985036273	1
3	2752	134.641099555816	1
3	2756	135.070958689504	1
3	2762	135.901107195894	1
3	2765	136.085009647461	1
3	2769	136.171824490084	1
3	2773	136.582552515399	1
3	2776	136.65184751358	1
3	2782	137.398928980993	1
3	2793	139.945236993444	1
3	2798	140.301943736764	1
3	2801	140.46397426132	1
3	2804	140.480201041145	1
3	2807	140.544287806733	1
3	2820	143.431987848708	1
3	2824	143.66738900853	1
3	2830	144.732853479158	1
3	2836	145.520499814136	1
3	2839	145.544261675028	1
3	2844	146.137790330177	1
3	2849	146.81063252022	1
3	2855	147.705468604432	1
3	2860	148.361718837953	1
3	2872	150.836337466483	1
3	2879	152.16731316057	1
3	2883	152.411321551111	1
3	2889	153.413695008347	1
3	2893	153.613259187229	1
3	2902	155.418492155978	1
3	2910	156.819998725268	1
3	2916	157.973824654668	1
3	2920	158.164232102143	1
3	2924	158.543019937172	1
3	2930	159.418765792057	1
3	2934	159.720978525281	1
3	2938	159.845957581517	1
3	2942	160.274715107668	1
3	2946	160.445453635074	1
3	2949	160.671116895434	1
3	2953	160.723611031106	1
3	2962	162.570551786362	1
3	2968	163.608731232074	1
3	2972	163.785316319377	1
3	2975	163.934227148316	1
3	2979	164.215377774833	1
3	2983	164.314892911973	1
3	2986	164.491125763614	1
3	2990	164.682108467077	1
3	2995	165.267629503319	1
3	2999	165.513444798937	1
3	3003	165.846535853404	1
3	3006	165.872341040418	1
3	3014	167.582404560272	1
3	3018	167.802578252006	1
3	3024	168.530846493455	1
3	3029	169.359745032103	1
3	3032	169.404534242478	1
3	3039	170.474618680316	1
3	3044	170.943405373376	1
3	3047	171.135556896059	1
3	3051	171.282673997059	1
3	3056	171.992445768233	1
3	3063	173.053488322359	1
3	3072	174.878487836175	1
3	3087	178.44735854432	1
3	3092	179.03238576486	1
3	3106	182.374688688282	1
3	3110	182.725926589786	1
3	3114	183.01481344606	1
3	3117	183.024779839408	1
3	3129	185.693156101193	1
3	3136	187.019119576881	1
3	3143	188.055397774818	1
3	3150	189.327304750604	1
3	3153	189.34393181394	1
3	3156	189.406239891117	1
3	3159	189.469699722128	1
3	3163	189.610962258163	1
3	3167	190.004088878688	1
3	3175	191.369898372835	1
3	3182	192.699313508821	1
3	3187	193.322174039912	1
3	3195	194.779173861353	1
3	3199	195.102009805726	1
3	3202	195.105272758948	1
3	3205	195.222765718079	1
3	3209	195.416580681595	1
3	3212	195.494367979146	1
3	3217	196.067436163971	1
3	3222	196.683480880538	1
3	3226	196.883608469143	1
3	3232	197.812184657935	1
3	3237	198.323932381	1
4	12	1.127803725266	1
4	38	1.828914652722	1
4	45	2.032319771982	1
4	62	3.503878449948	2
4	88	4.808019759619	1
4	109	6.484093232792	1
4	140	9.01462728034	1
4	148	9.162691625837	2
4	184	11.860631237514	2
4	202	12.926556526211	2
4	217	13.37965259994	1
4	232	14.424374554323	2
4	253	15.128741798555	1
4	270	15.829856574624	1
4	285	16.950354819353	1
4	304	18.135341882729	1
4	317	18.904949012025	1
4	331	19.273268932926	1
4	348	20.233418740183	1
4	362	20.545449958846	1
4	365	20.572198727019	1
4	386	21.38553588026	1
4	393	21.65138264198	1
4	411	23.421128671674	2
4	414	23.466349316678	2
4	450	24.421155330163	1
4	469	25.880158021005	1
4	482	26.358573345658	1
4	492	26.708505310571	1
4	507	27.223887095046	1
4	525	28.07810653225	1
4	537	28.521409930962	1
4	544	28.743477870412	1
4	562	29.310663608352	1
4	572	29.630965067668	1
4	605	33.379252657685	1
4	608	33.386345668785	1
4	625	34.101166938796	2
4	639	34.433932206428	2
4	647	34.583051023471	2
4	671	36.8163845594	3
4	689	37.778832276382	3
4	696	37.96316082597	3
4	723	40.062133088704	4
4	731	40.350708959847	5
4	748	40.930482090741	5
4	769	42.804180141861	5
4	783	43.280533959993	4
4	793	43.304851718703	5
4	823	44.039339581479	2
4	826	44.089813957637	3
4	843	44.967664625544	4
4	870	45.713007290856	1
4	883	45.96857266674	1
4	908	47.521068100919	1
4	912	47.561780814004	1
4	914	47.568346264188	2
4	941	48.73055721982	1
4	960	49.760079351647	1
4	973	50.319743297255	1
4	988	51.576591567909	1
4	999	51.740984734775	1
4	1002	51.800037831014	1
4	1026	52.47831674707	2
4	1051	53.279645363109	1
4	1064	53.867086303586	1
4	1076	54.400970284866	1
4	1093	54.85138428616	1
4	1106	55.341660972118	1
4	1118	55.879094242937	1
4	1141	58.214544476815	1
4	1155	59.041940056641	1
4	1158	59.041949085227	1
4	1160	59.13642430302	2
4	1173	59.349170632293	3
4	1176	59.437858364452	3
4	1202	60.372060632191	3
4	1232	61.730948983698	1
4	1239	62.025266684614	1
4	1252	62.26331154971	2
4	1260	62.506567308841	1
4	1283	63.228540619086	1
4	1297	64.120219421751	1
4	1310	64.788294774343	1
4	1331	66.66913528247	1
4	1349	67.539287553397	1
4	1356	67.749545057068	1
4	1368	68.017285806437	1
4	1385	68.476771522596	1
4	1403	69.21021737638	1
4	1409	69.428977604248	1
4	1413	69.49882698549	1
4	1431	69.856547763001	1
4	1453	70.435072130979	1
4	1466	71.13084914689	1
4	1469	71.182644388855	1
4	1490	72.292698581672	1
4	1497	72.538850116588	1
4	1500	72.591600577453	1
4	1508	72.680007464395	1
4	1531	73.548982419467	2
4	1549	74.136649621452	1
4	1564	74.732636149498	1
4	1578	75.469311618716	1
4	1584	75.580674486963	1
4	1601	76.095901354592	1
4	1604	76.173883476942	1
4	1628	77.113677296377	1
4	1635	77.325011056788	1
4	1644	77.498381502622	1
4	1652	77.621848824701	1
4	1692	81.321118967575	1
4	1722	83.273830703454	1
4	1728	83.420586115023	1
4	1743	84.275407982921	2
4	1780	88.390633076103	2
4	1783	88.594153988002	3
4	1796	89.166220829616	4
4	1805	89.797256571362	5
4	1809	89.868688596647	5
4	1825	90.478705052773	6
4	1831	90.720415030244	6
4	1835	90.777053736094	7
4	1847	90.931357577869	8
4	1874	92.304428567458	7
4	1890	92.753228314674	5
4	1908	93.143026546992	6
4	1927	93.556834919058	2
4	1934	93.674212119853	3
4	1937	93.676398296694	4
4	1943	93.835291457933	5
4	1966	94.360959650314	6
4	1990	94.866910031572	1
4	2008	95.332522229833	1
4	2042	96.266181808471	1
4	2057	97.445373683857	1
4	2086	100.592081888194	1
4	2089	100.601480596236	1
4	2115	102.159781826423	1
4	2130	103.193364974732	1
4	2151	103.711789256329	1
4	2189	107.201943454393	1
4	2193	107.286635229731	1
4	2198	107.444388331192	2
4	2220	109.277610501255	3
4	2228	109.38607851882	4
4	2236	109.726576979465	5
4	2242	109.876416494283	5
4	2253	110.069123916777	6
4	2256	110.091802085175	6
4	2277	111.636130563141	7
4	2289	112.017766460852	6
4	2295	112.127714481829	7
4	2307	112.264710448145	8
4	2316	112.46697435745	6
4	2318	112.497581229158	7
4	2348	113.176222096033	7
4	2408	115.671713298987	2
4	2429	116.294164963156	1
4	2439	116.62698111179	1
4	2464	119.021425637282	1
4	2467	119.042021165616	1
4	2480	119.494829250351	1
4	2498	120.086258003115	1
4	2509	120.18980687629	1
4	2535	121.315871223575	1
4	2550	122.387984579276	1
4	2567	123.013944152809	1
4	2574	123.182835328556	1
4	2590	123.630120102568	1
4	2596	123.775062821714	1
4	2623	126.797493128935	2
4	2637	127.228507095919	1
4	2651	127.788207848125	2
4	2663	128.100140856714	1
4	2682	129.726767473064	2
4	2713	132.290977864017	1
4	2726	133.040603688743	1
4	2737	133.156364535205	1
4	2740	133.244985036273	2
4	2753	134.641099555816	3
4	2757	135.070958689504	4
4	2763	135.901107195894	5
4	2766	136.085009647461	6
4	2770	136.171824490084	7
4	2774	136.582552515399	8
4	2777	136.65184751358	9
4	2783	137.398928980993	10
4	2794	139.945236993444	11
4	2799	140.301943736764	12
4	2802	140.46397426132	13
4	2805	140.480201041145	14
4	2808	140.544287806733	15
4	2821	143.431987848708	16
4	2825	143.66738900853	17
4	2831	144.732853479158	18
4	2837	145.520499814136	19
4	2840	145.544261675028	20
4	2845	146.137790330177	21
4	2850	146.81063252022	22
4	2856	147.705468604432	23
4	2861	148.361718837953	24
4	2873	150.836337466483	25
4	2880	152.16731316057	26
4	2884	152.411321551111	27
4	2890	153.413695008347	28
4	2894	153.613259187229	29
4	2903	155.418492155978	30
4	2911	156.819998725268	31
4	2917	157.973824654668	32
4	2921	158.164232102143	33
4	2925	158.543019937172	34
4	2931	159.418765792057	35
4	2935	159.720978525281	36
4	2939	159.845957581517	37
4	2943	160.274715107668	38
4	2947	160.445453635074	39
4	2950	160.671116895434	40
4	2954	160.723611031106	41
4	2963	162.570551786362	42
4	2969	163.608731232074	43
4	2973	163.785316319377	44
4	2976	163.934227148316	45
4	2980	164.215377774833	46
4	2984	164.314892911973	47
4	2987	164.491125763614	48
4	2991	164.682108467077	49
4	2996	165.267629503319	50
4	3000	165.513444798937	51
4	3004	165.846535853404	52
4	3007	165.872341040418	53
4	3015	167.582404560272	54
4	3019	167.802578252006	55
4	3025	168.530846493455	56
4	3030	169.359745032103	57
4	3033	169.404534242478	58
4	3040	170.474618680316	59
4	3045	170.943405373376	60
4	3048	171.135556896059	61
4	3052	171.282673997059	62
4	3057	171.992445768233	63
4	3064	173.053488322359	64
4	3073	174.878487836175	65
4	3088	178.44735854432	66
4	3093	179.03238576486	67
4	3107	182.374688688282	68
4	3111	182.725926589786	69
4	3115	183.01481344606	70
4	3118	183.024779839408	71
4	3130	185.693156101193	72
4	3137	187.019119576881	73
4	3144	188.055397774818	74
4	3151	189.327304750604	75
4	3154	189.34393181394	76
4	3157	189.406239891117	77
4	3160	189.469699722128	78
4	3164	189.610962258163	79
4	3168	190.004088878688	80
4	3176	191.369898372835	81
4	3183	192.699313508821	82
4	3188	193.322174039912	83
4	3196	194.779173861353	84
4	3200	195.102009805726	85
4	3203	195.105272758948	86
4	3206	195.222765718079	87
4	3210	195.416580681595	88
4	3213	195.494367979146	89
4	3218	196.067436163971	90
4	3223	196.683480880538	91
4	3227	196.883608469143	92
4	3233	197.812184657935	93
4	3238	198.323932381	94
5	13	1.127803725266	1
5	39	1.828914652722	2
5	63	3.503878449948	3
5	64	3.603878449948	4
5	89	4.808019759619	5
5	110	6.484093232792	6
5	149	9.162691625837	7
5	185	11.860631237514	8
5	203	12.926556526211	9
5	205	13.026556526211	10
5	233	14.424374554323	11
5	235	14.524374554323	12
5	254	15.128741798555	13
5	271	15.829856574624	14
5	286	16.950354819353	15
5	305	18.135341882729	16
5	318	18.904949012025	17
5	332	19.273268932926	18
5	349	20.233418740183	19
5	363	20.545449958846	20
5	368	20.645449958846	21
5	387	21.38553588026	22
5	412	23.421128671674	23
5	420	23.521128671674	24
5	423	23.621128671674	25
5	451	24.421155330163	26
5	470	25.880158021005	27
5	483	26.358573345658	28
5	493	26.708505310571	29
5	508	27.223887095046	30
5	526	28.07810653225	31
5	538	28.521409930962	32
5	545	28.743477870412	33
5	563	29.310663608352	34
5	573	29.630965067668	35
5	606	33.379252657685	36
5	626	34.101166938796	37
5	640	34.433932206428	38
5	672	36.8163845594	39
5	690	37.778832276382	40
5	732	40.350708959847	41
5	749	40.930482090741	42
5	770	42.804180141861	43
5	771	42.904180141861	44
5	794	43.304851718703	45
5	798	43.404851718703	46
5	801	43.504851718703	47
5	803	43.604851718703	48
5	844	44.967664625544	49
5	845	45.067664625544	50
5	849	45.167664625544	51
5	851	45.267664625544	52
5	871	45.713007290856	53
5	884	45.96857266674	54
5	909	47.521068100919	55
5	915	47.621068100919	56
5	918	47.721068100919	57
5	942	48.73055721982	58
5	961	49.760079351647	59
5	974	50.319743297255	60
5	989	51.576591567909	61
5	1000	51.740984734775	62
5	1027	52.47831674707	63
5	1028	52.57831674707	64
5	1052	53.279645363109	65
5	1065	53.867086303586	66
5	1077	54.400970284866	67
5	1094	54.85138428616	68
5	1107	55.341660972118	69
5	1119	55.879094242937	70
5	1142	58.214544476815	71
5	1156	59.041940056641	72
5	1174	59.349170632293	73
5	1179	59.449170632293	74
5	1203	60.372060632191	75
5	1205	60.472060632191	76
5	1208	60.572060632191	77
5	1233	61.730948983698	78
5	1253	62.26331154971	79
5	1254	62.36331154971	80
5	1261	62.506567308841	81
5	1284	63.228540619086	82
5	1298	64.120219421751	83
5	1311	64.788294774343	84
5	1332	66.66913528247	85
5	1350	67.539287553397	86
5	1357	67.749545057068	87
5	1369	68.017285806437	88
5	1386	68.476771522596	89
5	1404	69.21021737638	90
5	1410	69.428977604248	91
5	1417	69.528977604248	92
5	1432	69.856547763001	93
5	1454	70.435072130979	94
5	1467	71.13084914689	95
5	1470	71.23084914689	96
5	1491	72.292698581672	97
5	1498	72.538850116588	98
5	1504	72.638850116588	99
5	1532	73.548982419467	100
5	1534	73.648982419467	101
5	1550	74.136649621452	102
5	1565	74.732636149498	103
5	1579	75.469311618716	104
5	1585	75.580674486963	105
5	1602	76.095901354592	106
5	1605	76.195901354592	107
5	1629	77.113677296377	108
5	1636	77.325011056788	109
5	1645	77.498381502622	110
5	1653	77.621848824701	111
5	1693	81.321118967575	112
5	1723	83.273830703454	113
5	1744	84.275407982921	114
5	1806	89.797256571362	115
5	1826	90.478705052773	116
5	1848	90.931357577869	117
5	1849	91.031357577869	118
5	1875	92.304428567458	119
5	1876	92.404428567458	120
5	1879	92.504428567458	121
5	1909	93.143026546992	122
5	1911	93.243026546992	123
5	1914	93.343026546992	124
5	1916	93.443026546992	125
5	1922	93.543026546992	126
5	1967	94.360959650314	127
5	1969	94.460959650314	128
5	1972	94.560959650314	129
5	1974	94.660959650314	130
5	1980	94.760959650314	131
5	1984	94.860959650314	132
5	1991	94.960959650314	133
5	2009	95.332522229833	134
5	2043	96.266181808471	135
5	2058	97.445373683857	136
5	2087	100.592081888194	137
5	2091	100.692081888194	138
5	2116	102.159781826423	139
5	2131	103.193364974732	140
5	2152	103.711789256329	141
5	2190	107.201943454393	142
5	2237	109.726576979465	143
5	2254	110.069123916777	144
5	2278	111.636130563141	145
5	2279	111.736130563141	146
5	2308	112.264710448145	147
5	2309	112.364710448145	148
5	2313	112.464710448145	149
5	2319	112.564710448145	150
5	2349	113.176222096033	151
5	2353	113.276222096033	152
5	2356	113.376222096033	153
5	2358	113.476222096033	154
5	2364	113.576222096033	155
5	2368	113.676222096033	156
5	2409	115.671713298987	157
5	2411	115.771713298987	158
5	2430	116.294164963156	159
5	2440	116.62698111179	160
5	2465	119.021425637282	161
5	2468	119.121425637282	162
5	2481	119.494829250351	163
5	2499	120.086258003115	164
5	2510	120.18980687629	165
5	2536	121.315871223575	166
5	2551	122.387984579276	167
5	2568	123.013944152809	168
5	2575	123.182835328556	169
5	2591	123.630120102568	170
5	2624	126.797493128935	171
5	2625	126.897493128935	172
5	2652	127.788207848125	173
5	2653	127.888207848125	174
5	2683	129.726767473064	175
5	2685	129.826767473064	176
5	2714	132.290977864017	177
5	2727	133.040603688743	178
6	20	1.227903725266	1
6	42	1.929014652722	1
6	65	3.603978449948	1
6	69	3.703978449948	1
6	92	4.908119759619	1
6	112	6.584193232792	1
6	151	9.262791625837	1
6	187	11.960731237514	1
6	206	13.026656526211	1
6	209	13.126656526211	1
6	236	14.524474554323	1
6	239	14.624474554323	1
6	256	15.228841798555	1
6	273	15.929956574624	1
6	288	17.050454819353	1
6	307	18.235441882729	1
6	320	19.005049012025	1
6	337	19.373368932926	1
6	351	20.333518740183	1
6	369	20.645549958846	1
6	372	20.745549958846	1
6	390	21.48563588026	1
6	421	23.521228671674	1
6	424	23.621228671674	1
6	427	23.721228671674	1
6	453	24.521255330163	1
6	473	25.980258021005	1
6	485	26.458673345658	1
6	497	26.808605310571	1
6	510	27.323987095046	1
6	528	28.17820653225	1
6	541	28.621509930962	1
6	550	28.843577870412	1
6	565	29.410763608352	1
6	577	29.731065067668	1
6	611	33.479352657685	1
6	628	34.201266938796	1
6	644	34.534032206428	1
6	674	36.9164845594	1
6	692	37.878932276382	1
6	734	40.450808959847	1
6	751	41.030582090741	1
6	772	42.904280141861	1
6	775	43.004280141861	1
6	799	43.404951718703	1
6	802	43.504951718703	1
6	805	43.604951718703	1
6	810	43.704951718703	2
6	846	45.067764625544	1
6	850	45.167764625544	1
6	853	45.267764625544	1
6	857	45.367764625544	2
6	876	45.813107290856	1
6	890	46.06867266674	1
6	916	47.621168100919	1
6	919	47.721168100919	1
6	922	47.821168100919	1
6	945	48.83065721982	1
6	963	49.860179351647	1
6	976	50.419843297255	1
6	991	51.676691567909	1
6	1004	51.841084734775	1
6	1029	52.57841674707	1
6	1033	52.67841674707	1
6	1054	53.379745363109	1
6	1067	53.967186303586	1
6	1080	54.501070284866	1
6	1096	54.95148428616	1
6	1109	55.441760972118	1
6	1122	55.979194242937	1
6	1144	58.314644476815	1
6	1162	59.142040056641	1
6	1180	59.449270632293	1
6	1184	59.549270632293	1
6	1206	60.472160632191	1
6	1209	60.572160632191	1
6	1212	60.672160632191	1
6	1235	61.831048983698	1
6	1255	62.36341154971	1
6	1258	62.46341154971	1
6	1267	62.606667308841	1
6	1286	63.328640619086	1
6	1300	64.220319421751	1
6	1313	64.888394774343	1
6	1335	66.76923528247	1
6	1352	67.639387553397	1
6	1362	67.849645057068	1
6	1374	68.117385806437	1
6	1389	68.576871522596	1
6	1406	69.31031737638	1
6	1418	69.529077604248	1
6	1423	69.629077604248	1
6	1437	69.956647763001	1
6	1456	70.535172130979	1
6	1471	71.23094914689	1
6	1475	71.33094914689	1
6	1493	72.392798581672	1
6	1505	72.638950116588	1
6	1512	72.738950116588	1
6	1535	73.649082419467	1
6	1538	73.749082419467	1
6	1554	74.236749621452	1
6	1567	74.832736149498	1
6	1581	75.569411618716	1
6	1587	75.680774486963	1
6	1606	76.196001354592	1
6	1609	76.296001354592	1
6	1631	77.213777296377	1
6	1641	77.425111056788	1
6	1650	77.598481502622	1
6	1658	77.721948824701	1
6	1695	81.421218967575	1
6	1725	83.373930703454	1
6	1746	84.375507982921	1
6	1811	89.897356571362	1
6	1828	90.578805052773	1
6	1850	91.031457577869	1
6	1854	91.131457577869	1
6	1877	92.404528567458	1
6	1880	92.504528567458	1
6	1884	92.604528567458	1
6	1912	93.243126546992	1
6	1915	93.343126546992	1
6	1918	93.443126546992	1
6	1923	93.543126546992	2
6	1930	93.643126546992	2
6	1970	94.461059650314	1
6	1973	94.561059650314	1
6	1976	94.661059650314	1
6	1981	94.761059650314	2
6	1986	94.861059650314	2
6	1992	94.961059650314	3
6	1998	95.061059650314	3
6	2013	95.432622229833	3
6	2045	96.366281808471	1
6	2060	97.545473683857	1
6	2092	100.692181888194	1
6	2095	100.792181888194	1
6	2119	102.259881826423	1
6	2133	103.293464974732	1
6	2154	103.811889256329	1
6	2195	107.302043454393	1
6	2239	109.826676979465	1
6	2260	110.169223916777	1
6	2280	111.736230563141	1
6	2284	111.836230563141	1
6	2310	112.364810448145	1
6	2314	112.464810448145	1
6	2321	112.564810448145	1
6	2325	112.664810448145	2
6	2354	113.276322096033	1
6	2357	113.376322096033	1
6	2360	113.476322096033	1
6	2365	113.576322096033	2
6	2370	113.676322096033	2
6	2374	113.776322096033	3
6	2412	115.771813298987	1
6	2415	115.871813298987	1
6	2432	116.394264963156	1
6	2444	116.72708111179	1
6	2469	119.121525637282	1
6	2472	119.221525637282	1
6	2487	119.594929250351	1
6	2506	120.186358003115	1
6	2512	120.28990687629	1
6	2539	121.415971223575	1
6	2553	122.488084579276	1
6	2570	123.114044152809	1
6	2577	123.282935328556	1
6	2593	123.730220102568	1
6	2626	126.897593128935	1
6	2629	126.997593128935	1
6	2654	127.888307848125	1
6	2658	127.988307848125	1
6	2686	129.826867473064	1
6	2689	129.926867473064	1
6	2716	132.391077864017	1
6	2734	133.140703688743	1
7	24	1.428003725266	1
7	48	2.129114652722	1
7	71	3.804078449948	1
7	77	4.004078449948	1
7	95	5.108219759619	1
7	116	6.784293232792	1
7	155	9.462891625837	1
7	191	12.160831237514	1
7	211	13.226756526211	1
7	220	13.426756526211	1
7	241	14.724574554323	1
7	247	14.924574554323	1
7	260	15.428941798555	1
7	277	16.130056574624	1
7	292	17.250554819353	1
7	311	18.435541882729	1
7	324	19.205149012025	1
7	340	19.573468932926	1
7	355	20.533618740183	1
7	375	20.845649958846	1
7	380	21.045649958846	1
7	396	21.68573588026	1
7	428	23.721328671674	1
7	434	23.921328671674	1
7	444	24.121328671674	1
7	457	24.721355330163	1
7	476	26.180358021005	1
7	489	26.658773345658	1
7	501	27.008705310571	1
7	514	27.524087095046	1
7	532	28.37830653225	1
7	547	28.821609930962	1
7	556	29.043677870412	1
7	569	29.610863608352	1
7	581	29.931165067668	1
7	614	33.679452657685	1
7	632	34.401366938796	1
7	651	34.734132206428	1
7	678	37.1165845594	1
7	699	38.079032276382	1
7	738	40.650908959847	1
7	755	41.230682090741	1
7	778	43.104380141861	1
7	786	43.304380141861	1
7	806	43.605051718703	1
7	814	43.805051718703	1
7	820	44.005051718703	1
7	831	44.205051718703	1
7	854	45.267864625544	1
7	862	45.467864625544	1
7	867	45.667864625544	1
7	878	45.867864625544	1
7	887	46.067864625544	1
7	895	46.26877266674	1
7	923	47.821268100919	1
7	929	48.021268100919	1
7	935	48.221268100919	1
7	948	49.03075721982	1
7	967	50.060279351647	1
7	980	50.619943297255	1
7	1006	51.876791567909	1
7	1016	52.076791567909	1
7	1035	52.77851674707	1
7	1041	52.97851674707	1
7	1058	53.579845363109	1
7	1071	54.167286303586	1
7	1083	54.701170284866	1
7	1100	55.15158428616	1
7	1113	55.641860972118	1
7	1125	56.179294242937	1
7	1148	58.514744476815	1
7	1166	59.342140056641	1
7	1186	59.649370632293	1
7	1192	59.849370632293	1
7	1213	60.672260632191	1
7	1219	60.872260632191	1
7	1225	61.072260632191	1
7	1242	62.031148983698	1
7	1264	62.56351154971	1
7	1271	62.76351154971	1
7	1277	62.96351154971	1
7	1290	63.528740619086	1
7	1304	64.420419421751	1
7	1317	65.088494774343	1
7	1338	66.96933528247	1
7	1359	67.839487553397	1
7	1371	68.049745057068	1
7	1380	68.317485806437	1
7	1392	68.776971522596	1
7	1415	69.51041737638	1
7	1425	69.729177604248	1
7	1434	69.929177604248	1
7	1443	70.156747763001	1
7	1460	70.735272130979	1
7	1477	71.43104914689	1
7	1483	71.63104914689	1
7	1502	72.592898581672	1
7	1515	72.839050116588	1
7	1520	73.039050116588	1
7	1540	73.849182419467	1
7	1546	74.049182419467	1
7	1558	74.436849621452	1
7	1571	75.032836149498	1
7	1590	75.769511618716	1
7	1595	75.969511618716	1
7	1616	76.396101354592	1
7	1621	76.596101354592	1
7	1638	77.413877296377	1
7	1655	77.625211056788	1
7	1662	77.825211056788	1
7	1672	78.025211056788	1
7	1699	81.621318967575	1
7	1732	83.574030703454	1
7	1750	84.575607982921	1
7	1814	90.097456571362	1
7	1838	90.778905052773	1
7	1856	91.231557577869	1
7	1862	91.431557577869	1
7	1885	92.604628567458	1
7	1893	92.804628567458	1
7	1899	93.004628567458	1
7	1919	93.443226546992	1
7	1931	93.643226546992	1
7	1946	93.843226546992	1
7	1951	94.043226546992	1
7	1957	94.243226546992	1
7	1977	94.661159650314	1
7	1987	94.861159650314	1
7	1999	95.061159650314	1
7	2004	95.261159650314	1
7	2015	95.461159650314	1
7	2021	95.661159650314	1
7	2026	95.861159650314	1
7	2032	96.061159650314	1
7	2049	96.566381808471	1
7	2064	97.745573683857	1
7	2097	100.892281888194	1
7	2103	101.092281888194	1
7	2122	102.459981826423	1
7	2141	103.493564974732	1
7	2158	104.011989256329	1
7	2201	107.502143454393	1
7	2246	110.026776979465	1
7	2264	110.369323916777	1
7	2286	111.936330563141	1
7	2298	112.136330563141	1
7	2322	112.564910448145	1
7	2330	112.764910448145	1
7	2335	112.964910448145	1
7	2341	113.164910448145	1
7	2361	113.476422096033	1
7	2371	113.676422096033	1
7	2379	113.876422096033	1
7	2384	114.076422096033	1
7	2390	114.276422096033	1
7	2396	114.476422096033	1
7	2417	115.971913298987	1
7	2423	116.171913298987	1
7	2436	116.594364963156	1
7	2448	116.92718111179	1
7	2475	119.321625637282	1
7	2483	119.521625637282	1
7	2492	119.795029250351	1
7	2514	120.386458003115	1
7	2524	120.586458003115	1
7	2542	121.616071223575	1
7	2557	122.688184579276	1
7	2579	123.314144152809	1
7	2585	123.514144152809	1
7	2600	123.930320102568	1
7	2632	127.097693128935	1
7	2640	127.297693128935	1
7	2660	128.088407848125	1
7	2669	128.288407848125	1
7	2691	130.026967473064	1
7	2697	130.226967473064	1
7	2720	132.591177864017	1
7	2743	133.340803688743	1
8	30	1.528003725266	0.4002
8	55	2.229114652722	0.4002
8	73	3.904078449948	1.871758677966
8	83	4.104078449948	0.6002
8	98	5.208219759619	0.4002
8	122	6.884293232792	0.4002
8	161	9.562891625837	0.548264345497
8	197	12.260831237514	3.098139611677
8	214	13.326756526211	1.466125288697
8	226	13.526756526211	0.6002
8	244	14.824574554323	1.444921954383
8	249	15.024574554323	0.6002
8	266	15.528941798555	0.4002
8	279	16.230056574624	0.4002
8	294	17.350554819353	0.4002
8	313	18.535541882729	0.4002
8	333	19.305149012025	0.4002
8	343	19.673468932926	0.4002
8	366	20.633618740183	0.4002
8	377	20.945649958846	0.4002
8	383	21.145649958846	0.573451231827
8	403	21.78573588026	0.4002
8	431	23.821328671674	2.169946029694
8	440	24.021328671674	0.6002
8	446	24.221328671674	0.754979354996
8	463	24.821355330163	0.4002
8	479	26.280358021005	0.4002
8	494	26.758773345658	0.4002
8	503	27.108705310571	0.4002
8	520	27.624087095046	0.4002
8	534	28.47830653225	0.4002
8	553	28.921609930962	0.4002
8	558	29.143677870412	0.4002
8	574	29.710863608352	0.4002
8	583	30.031165067668	0.4002
8	621	33.779452657685	0.4002
8	641	34.501366938796	1.115021270011
8	657	34.834132206428	0.732965267632
8	684	37.2165845594	2.782652352972
8	705	38.179032276382	3.595981252911
8	744	40.750908959847	3.934524400447
8	761	41.330682090741	3.551849814359
8	780	43.204380141861	5.241219315891
8	796	43.404380141861	3.342247053157
8	811	43.705051718703	3.354342758856
8	816	43.905051718703	2.974569627962
8	828	44.105051718703	1.300871576842
8	838	44.305051718703	1.02451775871
8	858	45.367864625544	2.063012906841
8	864	45.567864625544	1.528525044065
8	873	45.767864625544	1.678050667907
8	880	45.967864625544	1.0002
8	892	46.167864625544	0.454857334688
8	902	46.36877266674	0.4002
8	926	47.921268100919	0.4002
8	931	48.121268100919	0.559487286915
8	937	48.321268100919	0.752921836731
8	951	49.13075721982	0.4002
8	969	50.160279351647	0.4002
8	982	50.719943297255	0.4002
8	1012	51.976791567909	0.4002
8	1022	52.176791567909	0.435806833134
8	1037	52.87851674707	1.078478916056
8	1047	53.07851674707	0.6002
8	1060	53.679845363109	0.4002
8	1073	54.267286303586	0.4002
8	1090	54.801170284866	0.4002
8	1102	55.25158428616	0.4002
8	1115	55.741860972118	0.4002
8	1128	56.279294242937	0.4002
8	1150	58.614744476815	0.4002
8	1177	59.442140056641	0.4002
8	1188	59.749370632293	0.707421547066
8	1198	59.949370632293	0.812946329273
8	1216	60.772260632191	1.423089999898
8	1221	60.972260632191	1.534402267739
8	1227	61.172260632191	0.8002
8	1248	62.131148983698	0.4002
8	1268	62.66351154971	0.638244865096
8	1274	62.86351154971	0.6002
8	1279	63.06351154971	0.556944240869
8	1292	63.628740619086	0.4002
8	1306	64.520419421751	0.4002
8	1323	65.188494774343	0.4002
8	1341	67.06933528247	0.4002
8	1364	67.939487553397	0.4002
8	1376	68.149745057068	0.4002
8	1382	68.417485806437	0.4002
8	1399	68.876971522596	0.4002
8	1420	69.61041737638	0.4002
8	1428	69.829177604248	0.4002
8	1439	70.029177604248	0.530350618758
8	1449	70.256747763001	0.4002
8	1462	70.835272130979	0.4002
8	1479	71.53104914689	0.4002
8	1485	71.73104914689	0.548404758035
8	1509	72.692898581672	0.4002
8	1517	72.939050116588	0.4002
8	1527	73.139050116588	0.547449539135
8	1543	73.949182419467	1.269174955072
8	1551	74.149182419467	0.6002
8	1560	74.536849621452	0.4002
8	1573	75.132836149498	0.4002
8	1592	75.869511618716	0.4002
8	1598	76.069511618716	0.488837131753
8	1618	76.496101354592	0.4002
8	1624	76.696101354592	0.52221787765
8	1646	77.513877296377	0.4002
8	1659	77.725211056788	0.4002
8	1669	77.925211056788	0.426829554166
8	1674	78.125211056788	0.503362232087
8	1701	81.721318967575	0.4002
8	1738	83.674030703454	0.4002
8	1756	84.675607982921	1.255021867898
8	1821	90.197456571362	5.922048588441
8	1844	90.878905052773	2.48827197667
8	1858	91.331557577869	2.737403589867
8	1868	91.531557577869	2.365336748253
8	1887	92.704628567458	2.907371996096
8	1896	92.904628567458	3.035939970811
8	1905	93.104628567458	2.625923514685
8	1924	93.543226546992	2.822811516748
8	1939	93.743226546992	2.966172810898
8	1948	93.943226546992	3.011868969123
8	1954	94.143226546992	1.838797979534
8	1963	94.343226546992	1.589998232318
8	1982	94.761159650314	1.618133103322
8	1993	94.961159650314	1.404324731256
8	2001	95.161159650314	1.486947530461
8	2010	95.361159650314	1.68476135362
8	2017	95.561159650314	1.725868192381
8	2023	95.761159650314	1.4002
8	2029	95.961159650314	1.094249618742
8	2038	96.161159650314	0.828637420481
8	2051	96.666381808471	0.4002
8	2066	97.845573683857	0.4002
8	2100	100.992281888194	0.4002
8	2109	101.192281888194	0.590801291958
8	2125	102.559981826423	0.4002
8	2147	103.593564974732	0.4002
8	2164	104.111989256329	0.4002
8	2208	107.602143454393	0.4002
8	2257	110.126776979465	2.840141749734
8	2270	110.469323916777	3.024935585585
8	2291	112.036330563141	2.758720061886
8	2304	112.236330563141	2.850252044321
8	2326	112.664910448145	2.93833346868
8	2332	112.864910448145	2.988493953862
8	2338	113.064910448145	2.995786531368
8	2350	113.264910448145	3.17310836297
8	2366	113.576422096033	1.940291532892
8	2375	113.776422096033	1.758655635181
8	2381	113.976422096033	1.848707614204
8	2387	114.176422096033	1.911711647888
8	2392	114.376422096033	1.909447738583
8	2402	114.576422096033	2.078840866875
8	2420	116.071913298987	2.895691202954
8	2425	116.271913298987	0.6002
8	2441	116.694364963156	0.4002
8	2450	117.02718111179	0.4002
8	2477	119.421625637282	0.4002
8	2489	119.621625637282	0.579604471666
8	2495	119.895029250351	0.4002
8	2521	120.486458003115	0.4002
8	2530	120.686458003115	0.496651126825
8	2545	121.716071223575	0.4002
8	2563	122.788184579276	0.4002
8	2581	123.414144152809	0.4002
8	2587	123.614144152809	0.431308824253
8	2606	124.030320102568	0.4002
8	2634	127.197693128935	3.422630307221
8	2647	127.397693128935	0.6002
8	2665	128.188407848125	0.959900752206
8	2675	128.388407848125	0.6002
8	2694	130.126967473064	2.02682661635
8	2699	130.326967473064	0.6002
8	2722	132.691177864017	0.4002
8	2746	133.440803688743	0.4002
9	30	1.528003725266	1
9	55	2.229114652722	1
9	73	3.904078449948	1
9	83	4.104078449948	1
9	98	5.208219759619	1
9	122	6.884293232792	1
9	161	9.562891625837	1
9	197	12.260831237514	1
9	214	13.326756526211	1
9	226	13.526756526211	1
9	244	14.824574554323	1
9	249	15.024574554323	1
9	266	15.528941798555	1
9	279	16.230056574624	1
9	294	17.350554819353	1
9	313	18.535541882729	1
9	333	19.305149012025	1
9	343	19.673468932926	1
9	366	20.633618740183	1
9	377	20.945649958846	1
9	383	21.145649958846	1
9	403	21.78573588026	1
9	431	23.821328671674	1
9	440	24.021328671674	1
9	446	24.221328671674	1
9	463	24.821355330163	1
9	479	26.280358021005	1
9	494	26.758773345658	1
9	503	27.108705310571	1
9	520	27.624087095046	1
9	534	28.47830653225	1
9	553	28.921609930962	1
9	558	29.143677870412	1
9	574	29.710863608352	1
9	583	30.031165067668	1
9	621	33.779452657685	1
9	641	34.501366938796	1
9	657	34.834132206428	1
9	684	37.2165845594	1
9	705	38.179032276382	1
9	744	40.750908959847	1
9	761	41.330682090741	1
9	780	43.204380141861	1
9	796	43.404380141861	1
9	811	43.705051718703	1
9	816	43.905051718703	1
9	828	44.105051718703	1
9	838	44.305051718703	1
9	858	45.367864625544	1
9	864	45.567864625544	1
9	873	45.767864625544	1
9	880	45.967864625544	1
9	892	46.167864625544	1
9	902	46.36877266674	1
9	926	47.921268100919	1
9	931	48.121268100919	1
9	937	48.321268100919	1
9	951	49.13075721982	1
9	969	50.160279351647	1
9	982	50.719943297255	1
9	1012	51.976791567909	1
9	1022	52.176791567909	1
9	1037	52.87851674707	1
9	1047	53.07851674707	1
9	1060	53.679845363109	1
9	1073	54.267286303586	1
9	1090	54.801170284866	1
9	1102	55.25158428616	1
9	1115	55.741860972118	1
9	1128	56.279294242937	1
9	1150	58.614744476815	1
9	1177	59.442140056641	1
9	1188	59.749370632293	1
9	1198	59.949370632293	1
9	1216	60.772260632191	1
9	1221	60.972260632191	1
9	1227	61.172260632191	1
9	1248	62.131148983698	1
9	1268	62.66351154971	1
9	1274	62.86351154971	1
9	1279	63.06351154971	1
9	1292	63.628740619086	1
9	1306	64.520419421751	1
9	1323	65.188494774343	1
9	1341	67.06933528247	1
9	1364	67.939487553397	1
9	1376	68.149745057068	1
9	1382	68.417485806437	1
9	1399	68.876971522596	1
9	1420	69.61041737638	1
9	1428	69.829177604248	1
9	1439	70.029177604248	1
9	1449	70.256747763001	1
9	1462	70.835272130979	1
9	1479	71.53104914689	1
9	1485	71.73104914689	1
9	1509	72.692898581672	1
9	1517	72.939050116588	1
9	1527	73.139050116588	1
9	1543	73.949182419467	1
9	1551	74.149182419467	1
9	1560	74.536849621452	1
9	1573	75.132836149498	1
9	1592	75.869511618716	1
9	1598	76.069511618716	1
9	1618	76.496101354592	1
9	1624	76.696101354592	1
9	1646	77.513877296377	1
9	1659	77.725211056788	1
9	1669	77.925211056788	1
9	1674	78.125211056788	1
9	1701	81.721318967575	1
9	1738	83.674030703454	1
9	1756	84.675607982921	1
9	1821	90.197456571362	1
9	1844	90.878905052773	1
9	1858	91.331557577869	1
9	1868	91.531557577869	1
9	1887	92.704628567458	1
9	1896	92.904628567458	1
9	1905	93.104628567458	1
9	1924	93.543226546992	1
9	1939	93.743226546992	1
9	1948	93.943226546992	1
9	1954	94.143226546992	1
9	1963	94.343226546992	1
9	1982	94.761159650314	1
9	1993	94.961159650314	1
9	2001	95.161159650314	1
9	2010	95.361159650314	1
9	2017	95.561159650314	1
9	2023	95.761159650314	1
9	2029	95.961159650314	1
9	2038	96.161159650314	1
9	2051	96.666381808471	1
9	2066	97.845573683857	1
9	2100	100.992281888194	1
9	2109	101.192281888194	1
9	2125	102.559981826423	1
9	2147	103.593564974732	1
9	2164	104.111989256329	1
9	2208	107.602143454393	1
9	2257	110.126776979465	1
9	2270	110.469323916777	1
9	2291	112.036330563141	1
9	2304	112.236330563141	1
9	2326	112.664910448145	1
9	2332	112.864910448145	1
9	2338	113.064910448145	1
9	2350	113.264910448145	1
9	2366	113.576422096033	1
9	2375	113.776422096033	1
9	2381	113.976422096033	1
9	2387	114.176422096033	1
9	2392	114.376422096033	1
9	2402	114.576422096033	1
9	2420	116.071913298987	1
9	2425	116.271913298987	1
9	2441	116.694364963156	1
9	2450	117.02718111179	1
9	2477	119.421625637282	1
9	2489	119.621625637282	1
9	2495	119.895029250351	1
9	2521	120.486458003115	1
9	2530	120.686458003115	1
9	2545	121.716071223575	1
9	2563	122.788184579276	1
9	2581	123.414144152809	1
9	2587	123.614144152809	1
9	2606	124.030320102568	1
9	2634	127.197693128935	1
9	2647	127.397693128935	1
9	2665	128.188407848125	1
9	2675	128.388407848125	1
9	2694	130.126967473064	1
9	2699	130.326967473064	1
9	2722	132.691177864017	1
9	2746	133.440803688743	1

