version 3
run FeedbackVersion-8-20240511-20:48:08-11935
attr configname FeedbackVersion
attr datetime 20240511-20:48:08
attr datetimef 20240511-204808
attr experiment FeedbackVersion
attr inifile omnetpp.ini
attr iterationvars $genInterval=0.5
attr iterationvarsd genInterval=0.5
attr iterationvarsf genInterval=0.5-
attr measurement $genInterval=0.5
attr network NetworkFV
attr processid 11935
attr repetition 0
attr replication #0
attr resultdir results
attr runnumber 8
attr seedset 8
itervar genInterval 0.5
config network NetworkFV
config sim-time-limit 200s
config NetworkFV.nodeTx.gen.generationInterval exponential(0.5)
config NetworkFV.nodeTx.gen.packetByteSize 12500
config NetworkFV.queueOne.bufferSize 200
config NetworkFV.nodeRx.queue.bufferSize 200
config NetworkFV.nodeTx.queue.bufferSize 2000000
config NetworkFV.queueZero.bufferSize 200

vector 0 NetworkFV.nodeRx.queue PacketsLost ETV
vector 1 NetworkFV.nodeRx.queue PacketsAsked ETV
vector 2 NetworkFV.queueOne bufferSize ETV
vector 3 NetworkFV.nodeTx.gen packetGen ETV
vector 4 NetworkFV.nodeTx.queue BufferSize ETV
vector 5 NetworkFV.nodeTx.queue PacketsSent ETV
vector 6 NetworkFV.queueZero bufferSize ETV
vector 7 NetworkFV.nodeRx.queue BufferSize ETV
vector 8 NetworkFV.nodeRx.sink Delay ETV
vector 9 NetworkFV.nodeRx.sink packetUsed ETV
0	1	0	1
0	6	0.2	1
0	7	0.4	1
0	8	0.6	1
0	9	0.8	1
0	10	1	1
0	19	1.2	1
0	50	2.0004	1
0	51	2.3006	1
0	52	2.6008	1
0	59	2.901	1
0	81	3.8016	1
0	88	4.1018	1
0	123	5.3026	1
0	133	5.6028	1
0	188	7.1038	1
0	195	7.404	1
0	243	8.905	1
0	247	9.2052	1
0	263	9.8056	1
0	274	10.406	1
0	275	10.7062	1
0	282	11.0064	1
0	329	12.5074	1
0	339	13.1078	1
0	367	14.0084	1
0	378	14.6088	1
0	385	14.909	1
0	402	15.5094	1
0	463	17.3106	1
0	464	17.6108	1
0	465	17.911	1
0	472	18.2112	1
0	479	18.8116	1
0	483	19.1118	1
0	552	20.6128	1
0	553	20.913	1
0	554	21.2132	1
0	555	21.5134	1
0	556	21.8136	1
0	565	22.1138	1
0	584	22.414	1
0	702	24.8156	1
0	703	25.1158	1
0	704	25.416	1
0	713	25.7162	1
0	725	26.3166	1
0	726	26.6168	1
0	737	26.917	1
0	774	27.8176	1
0	784	28.418	1
0	785	28.7182	1
0	786	29.0184	1
0	787	29.3186	1
0	788	29.6188	1
0	798	29.919	1
0	814	30.2192	1
0	826	30.5194	1
0	864	31.7202	1
0	871	32.0204	1
0	908	33.2212	1
0	909	33.5214	1
0	910	33.8216	1
0	921	34.1218	1
0	1113	38.925	1
0	1130	39.5254	1
0	1166	40.7262	1
0	1170	41.0264	1
0	1180	41.6268	1
0	1190	41.927	1
0	1209	42.8276	1
0	1210	43.1278	1
0	1211	43.428	1
0	1212	43.7282	1
0	1213	44.0284	1
0	1220	44.3286	1
0	1258	45.2292	1
0	1289	45.8296	1
0	1322	46.7302	1
0	1407	49.1318	1
0	1431	50.0324	1
0	1456	50.933	1
0	1465	51.2332	1
0	1488	52.1338	1
0	1489	52.434	1
0	1490	52.7342	1
0	1497	53.0344	1
0	1520	53.935	1
0	1521	54.2352	1
0	1522	54.5354	1
0	1529	54.8356	1
0	1570	56.0364	1
0	1583	56.6368	1
0	1620	57.8376	1
0	1649	58.7382	1
0	1734	60.8396	1
0	1780	62.3406	1
0	1800	62.941	1
0	1824	63.8416	1
0	1831	64.1418	1
0	1844	64.7422	1
0	1855	65.3426	1
0	1856	65.6428	1
0	1857	65.943	1
0	1858	66.2432	1
0	1865	66.5434	1
0	1889	67.444	1
0	1928	68.6448	1
0	1937	68.945	1
0	1956	69.5454	1
0	1974	70.1458	1
0	1990	70.7462	1
0	2032	71.947	1
0	2044	72.2472	1
0	2062	72.8476	1
0	2080	73.7482	1
0	2087	74.0484	1
0	2094	74.6488	1
0	2099	74.949	1
0	2100	75.2492	1
0	2112	75.5494	1
0	2151	76.45	1
0	2178	77.3506	1
0	2185	77.6508	1
0	2220	78.5514	1
0	2243	79.452	1
0	2250	79.7522	1
0	2275	80.6528	1
0	2294	81.5534	1
0	2295	81.8536	1
0	2296	82.1538	1
0	2310	82.454	1
0	2334	83.3546	1
0	2361	83.955	1
0	2412	85.1558	1
0	2426	85.7562	1
0	2433	86.0564	1
0	2440	86.6568	1
0	2441	86.957	1
0	2448	87.2572	1
0	2459	87.8576	1
0	2466	88.1578	1
0	2525	89.6588	1
0	2529	89.959	1
0	2545	90.5594	1
0	2579	91.46	1
0	2590	91.7602	1
0	2621	92.961	1
0	2628	93.2612	1
0	2635	93.8616	1
0	2636	94.1618	1
0	2641	94.462	1
0	2642	94.7622	1
0	2643	95.0624	1
0	2644	95.3626	1
0	2645	95.6628	1
0	2646	95.963	1
0	2660	96.2632	1
0	2670	96.5634	1
0	2671	96.8636	1
0	2672	97.1638	1
0	2673	97.464	1
0	2674	97.7642	1
0	2675	98.0644	1
0	2683	98.3646	1
0	2688	98.6648	1
0	2693	98.965	1
0	2698	99.2652	1
0	2699	99.5654	1
0	2703	99.8656	1
0	2720	100.1658	1
0	2736	100.7662	1
0	2737	101.0664	1
0	2749	101.3666	1
0	2765	101.967	1
0	2769	102.2672	1
0	2809	103.468	1
0	2836	104.3686	1
0	2855	105.2692	1
0	2862	105.5694	1
0	2869	106.1698	1
0	2870	106.47	1
0	2875	106.7702	1
0	2876	107.0704	1
0	2880	107.3706	1
0	2893	107.971	1
0	2906	108.5714	1
0	2920	109.1718	1
0	2921	109.472	1
0	2922	109.7722	1
0	2931	110.0724	1
0	3012	111.8736	1
0	3013	112.1738	1
0	3014	112.474	1
0	3015	112.7742	1
0	3016	113.0744	1
0	3017	113.3746	1
0	3030	113.6748	1
0	3057	114.5754	1
0	3058	114.8756	1
0	3062	115.1758	1
0	3130	116.977	1
0	3134	117.2772	1
0	3169	118.1778	1
0	3190	118.7782	1
0	3227	119.979	1
0	3246	120.8796	1
0	3250	121.1798	1
0	3276	121.7802	1
0	3378	124.1818	1
0	3404	125.0824	1
0	3405	125.3826	1
0	3409	125.6828	1
0	3477	127.484	1
0	3484	127.7842	1
0	3497	128.3846	1
0	3710	133.1878	1
0	3714	133.488	1
0	3735	134.3886	1
0	3742	134.6888	1
0	3749	135.2892	1
0	3756	135.5894	1
0	3796	136.49	1
0	3817	137.3906	1
0	3862	138.5914	1
0	3945	140.6928	1
0	3946	140.993	1
0	3955	141.2932	1
0	3970	142.1938	1
0	3980	142.494	1
0	4001	143.3946	1
0	4024	144.2952	1
0	4028	144.5954	1
0	4072	145.7962	1
0	4079	146.3966	1
0	4080	146.6968	1
0	4081	146.997	1
0	4082	147.2972	1
0	4089	147.5974	1
0	4106	148.1978	1
0	4120	148.7982	1
0	4130	149.3986	1
0	4131	149.6988	1
0	4132	149.999	1
0	4139	150.2992	1
0	4182	151.5	1
0	4241	153.001	1
0	4261	153.6014	1
0	4279	154.502	1
0	4323	155.7028	1
0	4377	157.2038	1
0	4419	158.7048	1
0	4420	159.005	1
0	4421	159.3052	1
0	4422	159.6054	1
0	4429	159.9056	1
0	4440	160.506	1
0	4441	160.8062	1
0	4442	161.1064	1
0	4443	161.4066	1
0	4450	161.7068	1
0	4463	162.3072	1
0	4474	162.9076	1
0	4480	163.2078	1
0	4518	164.4086	1
0	4519	164.7088	1
0	4520	165.009	1
0	4527	165.3092	1
0	4589	166.8102	1
0	4596	167.4106	1
0	4597	167.7108	1
0	4598	168.011	1
0	4599	168.3112	1
0	4600	168.6114	1
0	4605	168.9116	1
0	4612	169.2118	1
0	4622	169.8122	1
0	4646	170.4126	1
0	4673	171.3132	1
0	4691	171.9136	1
0	4702	172.514	1
0	4708	172.8142	1
0	4759	174.3152	1
0	4770	174.9156	1
0	4771	175.2158	1
0	4780	175.516	1
0	4792	176.1164	1
0	4799	176.4166	1
0	4806	177.017	1
0	4811	177.3172	1
0	4812	177.6174	1
0	4819	177.9176	1
0	4832	178.518	1
0	4851	179.4186	1
0	4860	179.7188	1
0	4874	180.019	1
0	4878	180.3192	1
0	4895	180.9196	1
0	4896	181.2198	1
0	4897	181.52	1
0	4908	181.8202	1
0	4927	182.4206	1
0	4964	183.6214	1
0	4965	183.9216	1
0	4974	184.2218	1
0	5029	186.023	1
0	5030	186.3232	1
0	5037	186.6234	1
0	5067	187.8242	1
0	5068	188.1244	1
0	5075	188.4246	1
0	5086	189.025	1
0	5087	189.3252	1
0	5088	189.6254	1
0	5095	189.9256	1
0	5111	190.526	1
0	5268	194.1284	1
0	5269	194.4286	1
0	5270	194.7288	1
0	5277	195.029	1
0	5356	196.8302	1
0	5363	197.4306	1
0	5364	197.7308	1
0	5365	198.031	1
0	5366	198.3312	1
0	5367	198.6314	1
0	5375	198.9316	1
1	1	0	2
1	19	1.2	1
1	27	1.333677525325	0
1	33	1.4	1
1	41	1.533677525325	2
1	72	3.26879561748	3
1	114	4.838109405024	5
1	179	6.571775724019	7
1	265	9.817400370488	11
1	367	14.0084	5
1	428	15.93527875677	5
1	483	19.1118	2
1	510	19.604941697822	2
1	537	20.004941697822	4
1	565	22.1138	2
1	578	22.351791427399	2
1	606	22.751791427399	3
1	644	23.357680367739	4
1	687	24.157680367739	7
1	726	26.6168	3
1	762	27.498213007239	3
1	788	29.6188	1
1	808	30.149554394788	1
1	828	30.647919326639	2
1	855	31.248127022775	4
1	899	32.792814348869	6
1	972	35.129232724227	9
1	1067	37.490086523467	13
1	1190	41.927	6
1	1220	44.3286	2
1	1238	44.845232365903	2
1	1270	45.483724761274	3
1	1310	46.250370201837	5
1	1362	47.804040876808	7
1	1447	50.43744064321	11
1	1497	53.0344	5
1	1555	55.549101806094	5
1	1622	57.997785936162	8
1	1722	60.310765210906	12
1	1844	64.7422	6
1	1889	67.444	2
1	1907	67.85924777354	2
1	1939	69.066602415934	3
1	1976	70.334531311716	4
1	2023	71.547496621967	7
1	2094	74.6488	3
1	2134	75.997612916879	3
1	2169	76.890560538603	5
1	2234	79.092727419515	8
1	2296	82.1538	4
1	2346	83.640775363599	4
1	2394	84.831175779477	6
1	2448	87.2572	3
1	2488	88.492585403385	3
1	2516	89.092585403385	4
1	2570	91.134342005009	6
1	2636	94.1618	3
1	2646	95.963	1
1	2662	96.377644422331	1
1	2675	98.0644	0
1	2683	98.3646	0
1	2688	98.6648	0
1	2693	98.965	1
1	2711	100.122336311746	1
1	2727	100.456892759374	2
1	2756	101.605310408094	4
1	2797	103.087271465048	6
1	2870	106.47	3
1	2911	108.831280193699	3
1	2954	110.5836612235	4
1	3003	111.513946090568	7
1	3017	113.3746	3
1	3048	114.108660818982	3
1	3090	115.795749586632	5
1	3151	117.819330342572	8
1	3259	121.424984646256	12
1	3395	124.695596078721	18
1	3497	128.3846	9
1	3598	130.521400647221	9
1	3695	132.572139164834	13
1	3756	135.5894	7
1	3834	137.773318945121	6
1	3909	139.521325713436	10
1	4001	143.3946	5
1	4057	145.49577916363	5
1	4089	147.5974	2
1	4108	148.325036356393	2
1	4141	150.402083246535	3
1	4184	151.638406899253	5
1	4243	153.160846374881	8
1	4342	156.160664962443	13
1	4429	159.9056	6
1	4463	162.3072	2
1	4487	163.424544506167	2
1	4509	163.97850676886	3
1	4555	165.967124995165	4
1	4600	168.6114	2
1	4627	170.030277146505	2
1	4656	170.748778309524	3
1	4693	171.929162064577	5
1	4761	174.411398299338	8
1	4806	177.017	4
1	4860	179.7188	1
1	4866	179.916926072846	1
1	4886	180.610109819993	2
1	4915	182.062216850115	3
1	4955	183.03652010544	4
1	5000	184.918882458474	7
1	5075	188.4246	3
1	5117	190.694866446709	3
1	5155	191.341220982071	5
1	5207	192.346304373763	7
1	5296	195.461417082981	11
1	5367	198.6314	6
2	2	0	1
2	20	1.2	1
2	29	1.333677525325	1
2	34	1.4	1
2	43	1.533677525325	1
2	74	3.26879561748	1
2	116	4.838109405024	1
2	181	6.571775724019	1
2	267	9.817400370488	1
2	368	14.0084	1
2	430	15.93527875677	1
2	484	19.1118	1
2	512	19.604941697822	1
2	539	20.004941697822	1
2	566	22.1138	1
2	580	22.351791427399	1
2	608	22.751791427399	1
2	646	23.357680367739	1
2	689	24.157680367739	1
2	727	26.6168	1
2	764	27.498213007239	1
2	789	29.6188	1
2	810	30.149554394788	1
2	830	30.647919326639	1
2	857	31.248127022775	1
2	901	32.792814348869	1
2	974	35.129232724227	1
2	1069	37.490086523467	1
2	1191	41.927	1
2	1221	44.3286	1
2	1240	44.845232365903	1
2	1272	45.483724761274	1
2	1312	46.250370201837	1
2	1364	47.804040876808	1
2	1449	50.43744064321	1
2	1498	53.0344	1
2	1557	55.549101806094	1
2	1624	57.997785936162	1
2	1724	60.310765210906	1
2	1845	64.7422	1
2	1890	67.444	1
2	1909	67.85924777354	1
2	1941	69.066602415934	1
2	1978	70.334531311716	1
2	2025	71.547496621967	1
2	2095	74.6488	1
2	2136	75.997612916879	1
2	2171	76.890560538603	1
2	2236	79.092727419515	1
2	2297	82.1538	1
2	2348	83.640775363599	1
2	2396	84.831175779477	1
2	2449	87.2572	1
2	2490	88.492585403385	1
2	2518	89.092585403385	1
2	2572	91.134342005009	1
2	2637	94.1618	1
2	2647	95.963	1
2	2664	96.377644422331	1
2	2676	98.0644	1
2	2684	98.3646	1
2	2689	98.6648	1
2	2694	98.965	1
2	2713	100.122336311746	1
2	2729	100.456892759374	1
2	2758	101.605310408094	1
2	2799	103.087271465048	1
2	2871	106.47	1
2	2913	108.831280193699	1
2	2956	110.5836612235	1
2	3005	111.513946090568	1
2	3018	113.3746	1
2	3050	114.108660818982	1
2	3092	115.795749586632	1
2	3153	117.819330342572	1
2	3261	121.424984646256	1
2	3397	124.695596078721	1
2	3498	128.3846	1
2	3600	130.521400647221	1
2	3697	132.572139164834	1
2	3757	135.5894	1
2	3836	137.773318945121	1
2	3911	139.521325713436	1
2	4002	143.3946	1
2	4059	145.49577916363	1
2	4090	147.5974	1
2	4110	148.325036356393	1
2	4143	150.402083246535	1
2	4186	151.638406899253	1
2	4245	153.160846374881	1
2	4344	156.160664962443	1
2	4430	159.9056	1
2	4464	162.3072	1
2	4489	163.424544506167	1
2	4511	163.97850676886	1
2	4557	165.967124995165	1
2	4601	168.6114	1
2	4629	170.030277146505	1
2	4658	170.748778309524	1
2	4695	171.929162064577	1
2	4763	174.411398299338	1
2	4807	177.017	1
2	4861	179.7188	1
2	4868	179.916926072846	1
2	4888	180.610109819993	1
2	4917	182.062216850115	1
2	4957	183.03652010544	1
2	5002	184.918882458474	1
2	5076	188.4246	1
2	5119	190.694866446709	1
2	5157	191.341220982071	1
2	5209	192.346304373763	1
2	5298	195.461417082981	1
2	5368	198.6314	1
3	11	1.033477525325	1
3	14	1.039065857794	1
3	53	2.76859561748	1
3	60	2.905445473251	1
3	82	3.922467516623	1
3	89	4.159486977546	1
3	104	4.537909405024	1
3	124	5.38557422983	1
3	130	5.518031398752	1
3	141	5.79242566381	1
3	144	5.798157797687	1
3	163	6.271575724019	1
3	175	6.553046595708	1
3	189	7.27939815991	1
3	198	7.536774288867	1
3	212	7.793793941382	1
3	225	8.163572431947	1
3	244	9.191781104633	1
3	255	9.517200370488	1
3	276	10.822016395572	1
3	288	11.227257588005	1
3	291	11.30647691584	1
3	305	11.698435375123	1
3	323	12.302974809507	1
3	336	13.018402254362	1
3	343	13.276051201545	1
3	361	13.899099323141	1
3	379	14.751704861739	1
3	392	15.23507875677	1
3	395	15.245834274718	1
3	403	15.523477164458	1
3	416	15.741036387436	1
3	424	15.911630577714	1
3	442	16.240640375117	1
3	466	18.062693612412	1
3	480	19.101678499412	1
3	491	19.304741697822	1
3	494	19.332398056982	1
3	503	19.455860776156	1
3	516	19.61132052575	1
3	519	19.645357382591	1
3	531	19.818113597066	1
3	557	21.851591427399	1
3	585	22.415900594769	1
3	590	22.484300795118	1
3	601	22.663079906348	1
3	614	22.857480367739	1
3	623	22.958356607091	1
3	625	22.995149116029	1
3	639	23.28526233928	1
3	650	23.412560061301	1
3	670	23.791125365414	1
3	681	24.041261873581	1
3	705	25.493330138225	1
3	731	26.625709959686	1
3	741	26.986100486044	1
3	749	27.198013007239	1
3	771	27.757784825573	1
3	793	29.849354394788	1
3	796	29.914242253335	1
3	799	29.928818702948	1
3	804	30.13103023123	1
3	817	30.347719326639	1
3	823	30.508135227503	1
3	836	30.747927022775	1
3	851	31.170313242344	1
3	865	31.892614348869	1
3	887	32.432196720347	1
3	911	33.829032724227	1
3	917	33.994731813961	1
3	927	34.187335015939	1
3	933	34.266590787493	1
3	948	34.549826848239	1
3	951	34.610238986335	1
3	960	34.767694192161	1
3	980	35.314927018171	1
3	1010	36.122292698117	1
3	1013	36.155231708351	1
3	1035	36.663617197238	1
3	1047	36.989886523467	1
3	1050	37.025468134064	1
3	1073	37.548626066619	1
3	1087	38.011347907685	1
3	1091	38.085604757862	1
3	1110	38.879380728197	1
3	1123	39.460061739553	1
3	1126	39.476327550972	1
3	1128	39.493074431683	1
3	1141	39.796970188061	1
3	1167	40.977111820586	1
3	1181	41.757846677262	1
3	1187	41.886203810718	1
3	1214	44.1231222118	1
3	1230	44.545032365903	1
3	1247	44.983524761274	1
3	1253	45.134927304229	1
3	1256	45.154772110685	1
3	1261	45.254493075102	1
3	1277	45.550170201837	1
3	1287	45.784538028827	1
3	1295	45.888771736834	1
3	1306	46.210677844505	1
3	1319	46.703840876808	1
3	1326	46.848003214967	1
3	1330	46.969241454969	1
3	1368	47.89560674269	1
3	1374	47.977437183376	1
3	1401	48.911880289769	1
3	1411	49.29597117793	1
3	1426	49.93724064321	1
3	1429	49.990135834313	1
3	1440	50.281854194662	1
3	1457	50.938670715402	1
3	1469	51.336246393841	1
3	1491	52.740052150089	1
3	1507	53.232648695648	1
3	1523	54.667799628758	1
3	1533	55.014109143818	1
3	1542	55.248901806094	1
3	1564	55.917849228287	1
3	1577	56.370710425364	1
3	1587	56.675714095754	1
3	1601	57.218043218478	1
3	1614	57.697585936162	1
3	1628	58.054853528603	1
3	1643	58.60211328103	1
3	1653	58.920395186342	1
3	1662	59.210565210906	1
3	1665	59.215021151484	1
3	1670	59.221769538238	1
3	1672	59.256925197633	1
3	1674	59.270053531499	1
3	1689	59.555355701971	1
3	1701	59.713516115182	1
3	1710	59.995887496408	1
3	1731	60.760352835115	1
3	1738	60.863178847155	1
3	1777	62.293169438321	1
3	1788	62.670367339601	1
3	1793	62.732724017412	1
3	1809	63.189728497519	1
3	1825	63.874267881242	1
3	1838	64.51240428282	1
3	1859	66.430378813193	1
3	1866	66.613305753797	1
3	1883	67.299958591882	1
3	1894	67.55904777354	1
3	1913	67.90121389713	1
3	1929	68.766402415934	1
3	1932	68.828911222637	1
3	1948	69.271222896245	1
3	1968	70.034331311716	1
3	1985	70.647296621967	1
3	1988	70.663850519234	1
3	1999	71.021119945135	1
3	2005	71.077602443154	1
3	2033	71.963762249024	1
3	2039	72.099930769904	1
3	2056	72.737625819076	1
3	2063	72.930736267174	1
3	2081	73.936671380647	1
3	2101	75.265097197959	1
3	2107	75.378804633865	1
3	2118	75.697412916879	1
3	2130	75.874704947432	1
3	2143	76.190360538603	1
3	2155	76.513305365922	1
3	2179	77.35609137061	1
3	2189	77.696310018832	1
3	2197	77.834582293111	1
3	2214	78.302416079647	1
3	2226	78.792527419515	1
3	2244	79.646978618827	1
3	2254	80.022030773524	1
3	2267	80.397126456959	1
3	2281	80.860498703181	1
3	2301	82.260615500055	1
3	2307	82.414780401768	1
3	2325	83.057341849105	1
3	2331	83.340575363599	1
3	2338	83.439043490646	1
3	2355	83.792668167249	1
3	2370	84.276099012985	1
3	2381	84.530975779477	1
3	2403	84.944067567692	1
3	2409	85.113542684526	1
3	2427	85.834244592703	1
3	2442	87.105385372955	1
3	2460	87.927002531138	1
3	2467	88.192385403385	1
3	2478	88.369741840781	1
3	2484	88.487714803186	1
3	2494	88.562188004819	1
3	2526	89.859861250625	1
3	2539	90.364335594956	1
3	2546	90.634142005009	1
3	2549	90.638313548797	1
3	2554	90.713558098811	1
3	2580	91.490520122698	1
3	2583	91.543050279733	1
3	2598	91.891705584955	1
3	2622	93.152693461441	1
3	2651	96.077444422331	1
3	2657	96.254236405427	1
3	2680	98.323091425375	1
3	2700	99.822136311746	1
3	2707	99.95092528643	1
3	2717	100.156692759374	1
3	2738	101.105110408094	1
3	2746	101.34923577632	1
3	2766	102.187071465048	1
3	2806	103.401794750128	1
3	2813	103.536476439025	1
3	2830	104.103028213624	1
3	2842	104.637826816415	1
3	2856	105.389438141279	1
3	2877	107.279300015221	1
3	2890	107.873500410223	1
3	2903	108.531080193699	1
3	2923	109.8834612235	1
3	2926	109.933718675057	1
3	2934	110.177735765246	1
3	2950	110.524915833046	1
3	2960	110.613746090568	1
3	2974	110.924029207433	1
3	2982	111.074091958929	1
3	2985	111.074464044645	1
3	2990	111.15629864873	1
3	3022	113.408460818982	1
3	3044	114.043740014013	1
3	3059	115.0940519202	1
3	3074	115.495549586632	1
3	3083	115.617995730792	1
3	3098	115.908507904122	1
3	3112	116.373420740334	1
3	3131	117.199845239691	1
3	3141	117.519130342572	1
3	3160	117.930578984839	1
3	3166	118.153026860799	1
3	3184	118.675230498261	1
3	3194	119.051989649388	1
3	3203	119.304388584146	1
3	3221	119.720389925583	1
3	3233	120.228257473517	1
3	3247	121.124784646256	1
3	3251	121.191170774755	1
3	3253	121.223607169098	1
3	3266	121.50648267025	1
3	3284	121.972650331325	1
3	3300	122.314467935994	1
3	3315	122.664667387206	1
3	3324	122.935123190549	1
3	3331	123.022477708772	1
3	3343	123.239730985908	1
3	3347	123.318318471678	1
3	3370	123.887560304035	1
3	3384	124.395396078721	1
3	3391	124.592731293143	1
3	3406	125.665121034079	1
3	3413	125.77453659429	1
3	3415	125.791245606883	1
3	3429	126.100489491923	1
3	3443	126.37981678505	1
3	3446	126.460659340925	1
3	3478	127.512088421785	1
3	3491	128.148741839261	1
3	3505	128.472357722726	1
3	3519	128.911417998218	1
3	3526	129.140511292761	1
3	3538	129.421200647221	1
3	3549	129.558847050385	1
3	3552	129.58299766455	1
3	3555	129.607714532002	1
3	3572	130.005088241999	1
3	3577	130.101375277972	1
3	3584	130.169015878664	1
3	3604	130.575855230488	1
3	3622	131.008053649002	1
3	3638	131.385655888385	1
3	3644	131.479064938845	1
3	3657	131.871939164834	1
3	3663	131.898877308511	1
3	3673	132.07653862723	1
3	3687	132.395386190139	1
3	3711	133.398199406438	1
3	3718	133.526424342577	1
3	3736	134.464908341623	1
3	3750	135.301305217269	1
3	3764	135.614704462243	1
3	3767	135.688904655301	1
3	3788	136.38477564172	1
3	3791	136.430157897967	1
3	3811	137.195403510356	1
3	3818	137.473118945121	1
3	3830	137.702628513309	1
3	3852	138.294041399904	1
3	3855	138.391631192878	1
3	3868	138.750077057808	1
3	3880	138.895835435211	1
3	3891	139.221125713436	1
3	3902	139.356434013059	1
3	3915	139.56524114251	1
3	3926	139.813945461261	1
3	3947	141.107286729587	1
3	3950	141.110902979417	1
3	3971	142.324733668911	1
3	3977	142.489604729246	1
3	3995	143.104938442878	1
3	4009	143.490028278301	1
3	4025	144.522515513661	1
3	4032	144.797523413305	1
3	4047	145.19557916363	1
3	4064	145.575037132648	1
3	4083	147.351150748526	1
3	4100	148.024836356393	1
3	4117	148.763495278487	1
3	4133	150.101883246535	1
3	4149	150.510263252053	1
3	4156	150.707523647606	1
3	4173	151.338206899253	1
3	4179	151.495955250923	1
3	4190	151.736101228211	1
3	4204	152.059446730445	1
3	4217	152.390333903874	1
3	4235	152.860646374881	1
3	4252	153.444786242967	1
3	4258	153.548452366825	1
3	4276	154.489248634824	1
3	4280	154.503445988297	1
3	4287	154.71925191234	1
3	4296	154.833325906563	1
3	4320	155.660464962443	1
3	4327	155.801052980947	1
3	4335	155.983558651434	1
3	4350	156.270202302293	1
3	4371	156.942912002013	1
3	4383	157.441295449844	1
3	4390	157.703880583802	1
3	4402	157.883235956942	1
3	4423	159.642148698931	1
3	4444	161.496826749162	1
3	4457	162.099797769794	1
3	4475	163.124344506167	1
3	4478	163.193550634768	1
3	4499	163.67830676886	1
3	4521	165.183312867542	1
3	4528	165.389472445576	1
3	4540	165.666924995165	1
3	4546	165.759928129246	1
3	4561	166.005415615144	1
3	4581	166.544423761422	1
3	4606	169.10165563476	1
3	4619	169.730077146505	1
3	4636	170.248578309524	1
3	4639	170.282771649737	1
3	4641	170.296472798378	1
3	4665	171.042558552299	1
3	4683	171.628962064577	1
3	4703	172.726405370825	1
3	4706	172.759075474068	1
3	4723	173.259215775155	1
3	4732	173.503592910305	1
3	4750	174.111198299338	1
3	4756	174.228363324133	1
3	4772	175.223874386939	1
3	4793	176.258667124217	1
3	4813	177.743932441144	1
3	4826	178.320315133305	1
3	4833	178.537152075157	1
3	4852	179.616726072846	1
3	4855	179.647239381281	1
3	4875	180.309909819993	1
3	4882	180.49613423516	1
3	4898	181.562016850115	1
3	4901	181.655694535044	1
3	4924	182.33632010544	1
3	4933	182.570561492021	1
3	4935	182.591792343214	1
3	4950	182.942352812112	1
3	4966	184.018682458474	1
3	4993	184.800178902887	1
3	5006	184.925762583974	1
3	5031	186.449084857018	1
3	5043	186.898511034265	1
3	5050	187.069630028674	1
3	5069	188.129590549595	1
3	5089	189.648014466595	1
3	5102	190.394666446709	1
3	5108	190.496364036155	1
3	5112	190.5510569506	1
3	5126	190.841020982071	1
3	5129	190.858298657989	1
3	5137	190.959050529456	1
3	5151	191.295111792321	1
3	5164	191.446104373763	1
3	5188	191.95425975025	1
3	5191	191.962938075927	1
3	5218	192.612536072851	1
3	5227	192.753902984727	1
3	5241	193.184994108314	1
3	5250	193.429291302507	1
3	5271	194.817467448832	1
3	5281	195.161217082981	1
3	5290	195.349265239942	1
3	5302	195.530138764415	1
3	5307	195.56709321493	1
3	5309	195.57365663481	1
3	5314	195.638673324099	1
3	5350	196.685849916032	1
3	5372	198.892247388187	1
3	5379	199.026903351378	1
3	5390	199.310596970233	1
3	5399	199.434123962424	1
4	12	1.033477525325	1
4	15	1.039065857794	1
4	54	2.76859561748	1
4	61	2.905445473251	1
4	83	3.922467516623	1
4	90	4.159486977546	1
4	105	4.537909405024	1
4	125	5.38557422983	1
4	131	5.518031398752	1
4	142	5.79242566381	1
4	145	5.798157797687	1
4	164	6.271575724019	1
4	176	6.553046595708	1
4	190	7.27939815991	2
4	199	7.536774288867	1
4	213	7.793793941382	1
4	226	8.163572431947	1
4	245	9.191781104633	1
4	256	9.517200370488	1
4	277	10.822016395572	1
4	289	11.227257588005	1
4	292	11.30647691584	1
4	306	11.698435375123	1
4	324	12.302974809507	1
4	337	13.018402254362	1
4	344	13.276051201545	1
4	362	13.899099323141	1
4	380	14.751704861739	1
4	393	15.23507875677	1
4	396	15.245834274718	1
4	404	15.523477164458	1
4	417	15.741036387436	1
4	425	15.911630577714	1
4	443	16.240640375117	2
4	467	18.062693612412	1
4	481	19.101678499412	1
4	492	19.304741697822	1
4	495	19.332398056982	1
4	504	19.455860776156	1
4	517	19.61132052575	2
4	520	19.645357382591	2
4	532	19.818113597066	2
4	558	21.851591427399	3
4	586	22.415900594769	1
4	591	22.484300795118	1
4	602	22.663079906348	1
4	615	22.857480367739	2
4	624	22.958356607091	1
4	626	22.995149116029	2
4	640	23.28526233928	2
4	651	23.412560061301	3
4	671	23.791125365414	1
4	682	24.041261873581	1
4	706	25.493330138225	2
4	732	26.625709959686	1
4	742	26.986100486044	1
4	750	27.198013007239	1
4	772	27.757784825573	1
4	794	29.849354394788	1
4	797	29.914242253335	1
4	800	29.928818702948	2
4	805	30.13103023123	3
4	818	30.347719326639	4
4	824	30.508135227503	4
4	837	30.747927022775	5
4	852	31.170313242344	4
4	866	31.892614348869	5
4	888	32.432196720347	2
4	912	33.829032724227	3
4	918	33.994731813961	2
4	928	34.187335015939	1
4	934	34.266590787493	1
4	949	34.549826848239	1
4	952	34.610238986335	2
4	961	34.767694192161	3
4	981	35.314927018171	4
4	1011	36.122292698117	1
4	1014	36.155231708351	1
4	1036	36.663617197238	1
4	1048	36.989886523467	1
4	1051	37.025468134064	1
4	1074	37.548626066619	1
4	1088	38.011347907685	1
4	1092	38.085604757862	1
4	1111	38.879380728197	1
4	1124	39.460061739553	1
4	1127	39.476327550972	1
4	1129	39.493074431683	2
4	1142	39.796970188061	1
4	1168	40.977111820586	1
4	1182	41.757846677262	1
4	1188	41.886203810718	1
4	1215	44.1231222118	1
4	1231	44.545032365903	1
4	1248	44.983524761274	1
4	1254	45.134927304229	1
4	1257	45.154772110685	1
4	1262	45.254493075102	2
4	1278	45.550170201837	3
4	1288	45.784538028827	1
4	1296	45.888771736834	2
4	1307	46.210677844505	3
4	1320	46.703840876808	4
4	1327	46.848003214967	3
4	1331	46.969241454969	3
4	1369	47.89560674269	2
4	1375	47.977437183376	2
4	1402	48.911880289769	1
4	1412	49.29597117793	1
4	1427	49.93724064321	1
4	1430	49.990135834313	1
4	1441	50.281854194662	1
4	1458	50.938670715402	2
4	1470	51.336246393841	1
4	1492	52.740052150089	1
4	1508	53.232648695648	1
4	1524	54.667799628758	1
4	1534	55.014109143818	1
4	1543	55.248901806094	1
4	1565	55.917849228287	1
4	1578	56.370710425364	1
4	1588	56.675714095754	1
4	1602	57.218043218478	1
4	1615	57.697585936162	1
4	1629	58.054853528603	1
4	1644	58.60211328103	1
4	1654	58.920395186342	1
4	1663	59.210565210906	1
4	1666	59.215021151484	1
4	1671	59.221769538238	2
4	1673	59.256925197633	3
4	1675	59.270053531499	4
4	1690	59.555355701971	2
4	1702	59.713516115182	2
4	1711	59.995887496408	3
4	1732	60.760352835115	4
4	1739	60.863178847155	3
4	1778	62.293169438321	1
4	1789	62.670367339601	1
4	1794	62.732724017412	1
4	1810	63.189728497519	1
4	1826	63.874267881242	1
4	1839	64.51240428282	1
4	1860	66.430378813193	1
4	1867	66.613305753797	1
4	1884	67.299958591882	1
4	1895	67.55904777354	1
4	1914	67.90121389713	1
4	1930	68.766402415934	1
4	1933	68.828911222637	1
4	1949	69.271222896245	2
4	1969	70.034331311716	1
4	1986	70.647296621967	1
4	1989	70.663850519234	1
4	2000	71.021119945135	1
4	2006	71.077602443154	1
4	2034	71.963762249024	1
4	2040	72.099930769904	1
4	2057	72.737625819076	1
4	2064	72.930736267174	1
4	2082	73.936671380647	1
4	2102	75.265097197959	1
4	2108	75.378804633865	1
4	2119	75.697412916879	1
4	2131	75.874704947432	1
4	2144	76.190360538603	2
4	2156	76.513305365922	1
4	2180	77.35609137061	1
4	2190	77.696310018832	1
4	2198	77.834582293111	1
4	2215	78.302416079647	1
4	2227	78.792527419515	1
4	2245	79.646978618827	1
4	2255	80.022030773524	1
4	2268	80.397126456959	1
4	2282	80.860498703181	1
4	2302	82.260615500055	1
4	2308	82.414780401768	1
4	2326	83.057341849105	1
4	2332	83.340575363599	1
4	2339	83.439043490646	1
4	2356	83.792668167249	2
4	2371	84.276099012985	1
4	2382	84.530975779477	1
4	2404	84.944067567692	1
4	2410	85.113542684526	1
4	2428	85.834244592703	1
4	2443	87.105385372955	1
4	2461	87.927002531138	1
4	2468	88.192385403385	1
4	2479	88.369741840781	1
4	2485	88.487714803186	1
4	2495	88.562188004819	2
4	2527	89.859861250625	1
4	2540	90.364335594956	1
4	2547	90.634142005009	1
4	2550	90.638313548797	1
4	2555	90.713558098811	2
4	2581	91.490520122698	2
4	2584	91.543050279733	2
4	2599	91.891705584955	1
4	2623	93.152693461441	1
4	2652	96.077444422331	1
4	2658	96.254236405427	1
4	2681	98.323091425375	2
4	2701	99.822136311746	3
4	2708	99.95092528643	3
4	2718	100.156692759374	4
4	2739	101.105110408094	4
4	2747	101.34923577632	3
4	2767	102.187071465048	4
4	2807	103.401794750128	1
4	2814	103.536476439025	1
4	2831	104.103028213624	1
4	2843	104.637826816415	1
4	2857	105.389438141279	1
4	2878	107.279300015221	1
4	2891	107.873500410223	1
4	2904	108.531080193699	1
4	2924	109.8834612235	1
4	2927	109.933718675057	1
4	2935	110.177735765246	1
4	2951	110.524915833046	1
4	2961	110.613746090568	2
4	2975	110.924029207433	1
4	2983	111.074091958929	1
4	2986	111.074464044645	1
4	2991	111.15629864873	2
4	3023	113.408460818982	3
4	3045	114.043740014013	1
4	3060	115.0940519202	2
4	3075	115.495549586632	1
4	3084	115.617995730792	1
4	3099	115.908507904122	2
4	3113	116.373420740334	1
4	3132	117.199845239691	1
4	3142	117.519130342572	1
4	3161	117.930578984839	1
4	3167	118.153026860799	1
4	3185	118.675230498261	1
4	3195	119.051989649388	1
4	3204	119.304388584146	1
4	3222	119.720389925583	1
4	3234	120.228257473517	1
4	3248	121.124784646256	1
4	3252	121.191170774755	1
4	3254	121.223607169098	2
4	3267	121.50648267025	3
4	3285	121.972650331325	1
4	3301	122.314467935994	1
4	3316	122.664667387206	1
4	3325	122.935123190549	1
4	3332	123.022477708772	1
4	3344	123.239730985908	1
4	3348	123.318318471678	1
4	3371	123.887560304035	1
4	3385	124.395396078721	1
4	3392	124.592731293143	1
4	3407	125.665121034079	2
4	3414	125.77453659429	1
4	3416	125.791245606883	2
4	3430	126.100489491923	1
4	3444	126.37981678505	1
4	3447	126.460659340925	1
4	3479	127.512088421785	1
4	3492	128.148741839261	1
4	3506	128.472357722726	1
4	3520	128.911417998218	1
4	3527	129.140511292761	1
4	3539	129.421200647221	1
4	3550	129.558847050385	1
4	3553	129.58299766455	1
4	3556	129.607714532002	2
4	3573	130.005088241999	1
4	3578	130.101375277972	1
4	3585	130.169015878664	1
4	3605	130.575855230488	2
4	3623	131.008053649002	1
4	3639	131.385655888385	1
4	3645	131.479064938845	1
4	3658	131.871939164834	1
4	3664	131.898877308511	1
4	3674	132.07653862723	1
4	3688	132.395386190139	1
4	3712	133.398199406438	1
4	3719	133.526424342577	1
4	3737	134.464908341623	1
4	3751	135.301305217269	1
4	3765	135.614704462243	1
4	3768	135.688904655301	1
4	3789	136.38477564172	1
4	3792	136.430157897967	1
4	3812	137.195403510356	1
4	3819	137.473118945121	1
4	3831	137.702628513309	1
4	3853	138.294041399904	1
4	3856	138.391631192878	1
4	3869	138.750077057808	1
4	3881	138.895835435211	1
4	3892	139.221125713436	1
4	3903	139.356434013059	1
4	3916	139.56524114251	1
4	3927	139.813945461261	1
4	3948	141.107286729587	1
4	3951	141.110902979417	1
4	3972	142.324733668911	1
4	3978	142.489604729246	1
4	3996	143.104938442878	1
4	4010	143.490028278301	1
4	4026	144.522515513661	1
4	4033	144.797523413305	1
4	4048	145.19557916363	1
4	4065	145.575037132648	1
4	4084	147.351150748526	1
4	4101	148.024836356393	1
4	4118	148.763495278487	1
4	4134	150.101883246535	1
4	4150	150.510263252053	1
4	4157	150.707523647606	1
4	4174	151.338206899253	1
4	4180	151.495955250923	1
4	4191	151.736101228211	2
4	4205	152.059446730445	1
4	4218	152.390333903874	1
4	4236	152.860646374881	1
4	4253	153.444786242967	1
4	4259	153.548452366825	1
4	4277	154.489248634824	1
4	4281	154.503445988297	1
4	4288	154.71925191234	1
4	4297	154.833325906563	1
4	4321	155.660464962443	1
4	4328	155.801052980947	1
4	4336	155.983558651434	1
4	4351	156.270202302293	2
4	4372	156.942912002013	1
4	4384	157.441295449844	1
4	4391	157.703880583802	1
4	4403	157.883235956942	1
4	4424	159.642148698931	1
4	4445	161.496826749162	1
4	4458	162.099797769794	1
4	4476	163.124344506167	1
4	4479	163.193550634768	1
4	4500	163.67830676886	1
4	4522	165.183312867542	1
4	4529	165.389472445576	1
4	4541	165.666924995165	1
4	4547	165.759928129246	1
4	4562	166.005415615144	2
4	4582	166.544423761422	1
4	4607	169.10165563476	1
4	4620	169.730077146505	1
4	4637	170.248578309524	1
4	4640	170.282771649737	1
4	4642	170.296472798378	2
4	4666	171.042558552299	2
4	4684	171.628962064577	1
4	4704	172.726405370825	1
4	4707	172.759075474068	1
4	4724	173.259215775155	1
4	4733	173.503592910305	1
4	4751	174.111198299338	1
4	4757	174.228363324133	1
4	4773	175.223874386939	2
4	4794	176.258667124217	1
4	4814	177.743932441144	1
4	4827	178.320315133305	1
4	4834	178.537152075157	1
4	4853	179.616726072846	1
4	4856	179.647239381281	1
4	4876	180.309909819993	2
4	4883	180.49613423516	2
4	4899	181.562016850115	3
4	4902	181.655694535044	3
4	4925	182.33632010544	3
4	4934	182.570561492021	1
4	4936	182.591792343214	2
4	4951	182.942352812112	3
4	4967	184.018682458474	4
4	4994	184.800178902887	1
4	5007	184.925762583974	2
4	5032	186.449084857018	1
4	5044	186.898511034265	1
4	5051	187.069630028674	1
4	5070	188.129590549595	1
4	5090	189.648014466595	1
4	5103	190.394666446709	1
4	5109	190.496364036155	1
4	5113	190.5510569506	1
4	5127	190.841020982071	2
4	5130	190.858298657989	2
4	5138	190.959050529456	2
4	5152	191.295111792321	2
4	5165	191.446104373763	3
4	5189	191.95425975025	1
4	5192	191.962938075927	1
4	5219	192.612536072851	1
4	5228	192.753902984727	1
4	5242	193.184994108314	1
4	5251	193.429291302507	1
4	5272	194.817467448832	1
4	5282	195.161217082981	1
4	5291	195.349265239942	1
4	5303	195.530138764415	1
4	5308	195.56709321493	1
4	5310	195.57365663481	2
4	5315	195.638673324099	2
4	5351	196.685849916032	1
4	5373	198.892247388187	1
4	5380	199.026903351378	1
4	5391	199.310596970233	1
4	5400	199.434123962424	1
5	13	1.033477525325	1
5	16	1.133477525325	2
5	55	2.76859561748	3
5	62	2.905445473251	4
5	84	3.922467516623	5
5	91	4.159486977546	6
5	106	4.537909405024	7
5	126	5.38557422983	8
5	132	5.518031398752	9
5	143	5.79242566381	10
5	149	5.89242566381	11
5	165	6.271575724019	12
5	191	7.27939815991	13
5	192	7.37939815991	14
5	200	7.536774288867	15
5	214	7.793793941382	16
5	227	8.163572431947	17
5	246	9.191781104633	18
5	257	9.517200370488	19
5	278	10.822016395572	20
5	290	11.227257588005	21
5	294	11.327257588005	22
5	307	11.698435375123	23
5	325	12.302974809507	24
5	338	13.018402254362	25
5	345	13.276051201545	26
5	363	13.899099323141	27
5	381	14.751704861739	28
5	394	15.23507875677	29
5	397	15.33507875677	30
5	405	15.523477164458	31
5	418	15.741036387436	32
5	444	16.240640375117	33
5	445	16.340640375117	34
5	468	18.062693612412	35
5	482	19.101678499412	36
5	493	19.304741697822	37
5	499	19.404741697822	38
5	518	19.61132052575	39
5	523	19.71132052575	40
5	559	21.851591427399	41
5	560	21.951591427399	42
5	563	22.051591427399	43
5	587	22.415900594769	44
5	592	22.515900594769	45
5	616	22.857480367739	46
5	620	22.957480367739	47
5	630	23.057480367739	48
5	652	23.412560061301	49
5	655	23.512560061301	50
5	660	23.612560061301	51
5	672	23.791125365414	52
5	707	25.493330138225	53
5	708	25.593330138225	54
5	733	26.625709959686	55
5	743	26.986100486044	56
5	751	27.198013007239	57
5	773	27.757784825573	58
5	795	29.849354394788	59
5	819	30.347719326639	60
5	838	30.747927022775	61
5	840	30.847927022775	62
5	867	31.892614348869	63
5	868	31.992614348869	64
5	872	32.092614348869	65
5	874	32.192614348869	66
5	913	33.829032724227	67
5	914	33.929032724227	68
5	919	34.029032724227	69
5	922	34.129032724227	70
5	929	34.229032724227	71
5	935	34.329032724227	72
5	982	35.314927018171	73
5	984	35.414927018171	74
5	987	35.514927018171	75
5	989	35.614927018171	76
5	1012	36.122292698117	77
5	1018	36.222292698117	78
5	1037	36.663617197238	79
5	1049	36.989886523467	80
5	1054	37.089886523467	81
5	1075	37.548626066619	82
5	1089	38.011347907685	83
5	1093	38.111347907685	84
5	1112	38.879380728197	85
5	1125	39.460061739553	86
5	1131	39.560061739553	87
5	1134	39.660061739553	88
5	1143	39.796970188061	89
5	1169	40.977111820586	90
5	1183	41.757846677262	91
5	1189	41.886203810718	92
5	1216	44.1231222118	93
5	1232	44.545032365903	94
5	1249	44.983524761274	95
5	1255	45.134927304229	96
5	1279	45.550170201837	97
5	1282	45.650170201837	98
5	1285	45.750170201837	99
5	1321	46.703840876808	100
5	1323	46.803840876808	101
5	1328	46.903840876808	102
5	1332	47.003840876808	103
5	1338	47.103840876808	104
5	1370	47.89560674269	105
5	1376	47.99560674269	106
5	1379	48.09560674269	107
5	1403	48.911880289769	108
5	1413	49.29597117793	109
5	1428	49.93724064321	110
5	1432	50.03724064321	111
5	1459	50.938670715402	112
5	1460	51.038670715402	113
5	1471	51.336246393841	114
5	1493	52.740052150089	115
5	1509	53.232648695648	116
5	1525	54.667799628758	117
5	1535	55.014109143818	118
5	1544	55.248901806094	119
5	1566	55.917849228287	120
5	1579	56.370710425364	121
5	1589	56.675714095754	122
5	1603	57.218043218478	123
5	1616	57.697585936162	124
5	1630	58.054853528603	125
5	1645	58.60211328103	126
5	1655	58.920395186342	127
5	1664	59.210565210906	128
5	1676	59.310565210906	129
5	1682	59.410565210906	130
5	1684	59.510565210906	131
5	1691	59.610565210906	132
5	1733	60.760352835115	133
5	1735	60.860352835115	134
5	1740	60.960352835115	135
5	1742	61.060352835115	136
5	1748	61.160352835115	137
5	1779	62.293169438321	138
5	1790	62.670367339601	139
5	1795	62.770367339601	140
5	1811	63.189728497519	141
5	1827	63.874267881242	142
5	1840	64.51240428282	143
5	1861	66.430378813193	144
5	1868	66.613305753797	145
5	1885	67.299958591882	146
5	1896	67.55904777354	147
5	1915	67.90121389713	148
5	1931	68.766402415934	149
5	1950	69.271222896245	150
5	1951	69.371222896245	151
5	1970	70.034331311716	152
5	1987	70.647296621967	153
5	1991	70.747296621967	154
5	2001	71.021119945135	155
5	2007	71.121119945135	156
5	2035	71.963762249024	157
5	2041	72.099930769904	158
5	2058	72.737625819076	159
5	2065	72.930736267174	160
5	2083	73.936671380647	161
5	2103	75.265097197959	162
5	2109	75.378804633865	163
5	2120	75.697412916879	164
5	2145	76.190360538603	165
5	2146	76.290360538603	166
5	2157	76.513305365922	167
5	2181	77.35609137061	168
5	2191	77.696310018832	169
5	2199	77.834582293111	170
5	2216	78.302416079647	171
5	2228	78.792527419515	172
5	2246	79.646978618827	173
5	2256	80.022030773524	174
5	2269	80.397126456959	175
5	2283	80.860498703181	176
5	2303	82.260615500055	177
5	2309	82.414780401768	178
5	2327	83.057341849105	179
5	2333	83.340575363599	180
5	2357	83.792668167249	181
5	2358	83.892668167249	182
5	2372	84.276099012985	183
5	2383	84.530975779477	184
5	2405	84.944067567692	185
5	2411	85.113542684526	186
5	2429	85.834244592703	187
5	2444	87.105385372955	188
5	2462	87.927002531138	189
5	2469	88.192385403385	190
5	2480	88.369741840781	191
5	2496	88.562188004819	192
5	2499	88.662188004819	193
5	2528	89.859861250625	194
5	2541	90.364335594956	195
5	2548	90.634142005009	196
5	2556	90.734142005009	197
5	2582	91.490520122698	198
5	2585	91.590520122698	199
5	2588	91.690520122698	200
5	2600	91.891705584955	201
5	2624	93.152693461441	202
5	2653	96.077444422331	203
5	2702	99.822136311746	204
5	2719	100.156692759374	205
5	2740	101.105110408094	206
5	2741	101.205110408094	207
5	2768	102.187071465048	208
5	2770	102.287071465048	209
5	2773	102.387071465048	210
5	2775	102.487071465048	211
5	2808	103.401794750128	212
5	2815	103.536476439025	213
5	2832	104.103028213624	214
5	2844	104.637826816415	215
5	2858	105.389438141279	216
5	2879	107.279300015221	217
5	2892	107.873500410223	218
5	2905	108.531080193699	219
5	2925	109.8834612235	220
5	2928	109.9834612235	221
5	2936	110.177735765246	222
5	2962	110.613746090568	223
5	2966	110.713746090568	224
5	2976	110.924029207433	225
5	2984	111.074091958929	226
5	3024	113.408460818982	227
5	3025	113.508460818982	228
5	3028	113.608460818982	229
5	3061	115.0940519202	230
5	3063	115.1940519202	231
5	3076	115.495549586632	232
5	3100	115.908507904122	233
5	3101	116.008507904122	234
5	3114	116.373420740334	235
5	3133	117.199845239691	236
5	3143	117.519130342572	237
5	3162	117.930578984839	238
5	3168	118.153026860799	239
5	3186	118.675230498261	240
5	3196	119.051989649388	241
5	3205	119.304388584146	242
5	3223	119.720389925583	243
5	3235	120.228257473517	244
5	3249	121.124784646256	245
5	3268	121.50648267025	246
5	3271	121.60648267025	247
5	3274	121.70648267025	248
5	3286	121.972650331325	249
5	3302	122.314467935994	250
5	3317	122.664667387206	251
5	3326	122.935123190549	252
5	3333	123.035123190549	253
5	3345	123.239730985908	254
5	3351	123.339730985908	255
5	3372	123.887560304035	256
5	3386	124.395396078721	257
5	3408	125.665121034079	258
5	3410	125.765121034079	259
5	3417	125.865121034079	260
5	3419	125.965121034079	261
5	3431	126.100489491923	262
5	3445	126.37981678505	263
5	3450	126.47981678505	264
5	3480	127.512088421785	265
5	3493	128.148741839261	266
5	3507	128.472357722726	267
5	3521	128.911417998218	268
5	3528	129.140511292761	269
5	3540	129.421200647221	270
5	3551	129.558847050385	271
5	3557	129.658847050385	272
5	3562	129.758847050385	273
5	3574	130.005088241999	274
5	3579	130.105088241999	275
5	3606	130.575855230488	276
5	3609	130.675855230488	277
5	3624	131.008053649002	278
5	3640	131.385655888385	279
5	3646	131.485655888385	280
5	3659	131.871939164834	281
5	3665	131.971939164834	282
5	3675	132.07653862723	283
5	3689	132.395386190139	284
5	3713	133.398199406438	285
5	3720	133.526424342577	286
5	3738	134.464908341623	287
5	3752	135.301305217269	288
5	3766	135.614704462243	289
5	3771	135.714704462243	290
5	3790	136.38477564172	291
5	3793	136.48477564172	292
5	3813	137.195403510356	293
5	3820	137.473118945121	294
5	3832	137.702628513309	295
5	3854	138.294041399904	296
5	3857	138.394041399904	297
5	3870	138.750077057808	298
5	3882	138.895835435211	299
5	3893	139.221125713436	300
5	3904	139.356434013059	301
5	3917	139.56524114251	302
5	3928	139.813945461261	303
5	3949	141.107286729587	304
5	3952	141.207286729587	305
5	3973	142.324733668911	306
5	3979	142.489604729246	307
5	3997	143.104938442878	308
5	4011	143.490028278301	309
5	4027	144.522515513661	310
5	4034	144.797523413305	311
5	4049	145.19557916363	312
5	4066	145.575037132648	313
5	4085	147.351150748526	314
5	4102	148.024836356393	315
5	4119	148.763495278487	316
5	4135	150.101883246535	317
5	4151	150.510263252053	318
5	4158	150.707523647606	319
5	4175	151.338206899253	320
5	4192	151.736101228211	321
5	4196	151.836101228211	322
5	4206	152.059446730445	323
5	4219	152.390333903874	324
5	4237	152.860646374881	325
5	4254	153.444786242967	326
5	4260	153.548452366825	327
5	4278	154.489248634824	328
5	4282	154.589248634824	329
5	4289	154.71925191234	330
5	4298	154.833325906563	331
5	4322	155.660464962443	332
5	4329	155.801052980947	333
5	4352	156.270202302293	334
5	4354	156.370202302293	335
5	4373	156.942912002013	336
5	4385	157.441295449844	337
5	4392	157.703880583802	338
5	4404	157.883235956942	339
5	4425	159.642148698931	340
5	4446	161.496826749162	341
5	4459	162.099797769794	342
5	4477	163.124344506167	343
5	4481	163.224344506167	344
5	4501	163.67830676886	345
5	4523	165.183312867542	346
5	4530	165.389472445576	347
5	4542	165.666924995165	348
5	4563	166.005415615144	349
5	4566	166.105415615144	350
5	4583	166.544423761422	351
5	4608	169.10165563476	352
5	4621	169.730077146505	353
5	4638	170.248578309524	354
5	4643	170.348578309524	355
5	4667	171.042558552299	356
5	4668	171.142558552299	357
5	4685	171.628962064577	358
5	4705	172.726405370825	359
5	4709	172.826405370825	360
5	4725	173.259215775155	361
5	4734	173.503592910305	362
5	4752	174.111198299338	363
5	4774	175.223874386939	364
5	4775	175.323874386939	365
5	4795	176.258667124217	366
5	4815	177.743932441144	367
5	4828	178.320315133305	368
5	4835	178.537152075157	369
5	4854	179.616726072846	370
5	4877	180.309909819993	371
5	4900	181.562016850115	372
5	4903	181.662016850115	373
5	4926	182.33632010544	374
5	4928	182.43632010544	375
5	4931	182.53632010544	376
5	4968	184.018682458474	377
5	4969	184.118682458474	378
5	4972	184.218682458474	379
5	4975	184.318682458474	380
5	5008	184.925762583974	381
5	5011	185.025762583974	382
5	5033	186.449084857018	383
5	5045	186.898511034265	384
5	5052	187.069630028674	385
5	5071	188.129590549595	386
5	5091	189.648014466595	387
5	5104	190.394666446709	388
5	5110	190.496364036155	389
5	5128	190.841020982071	390
5	5134	190.941020982071	391
5	5141	191.041020982071	392
5	5166	191.446104373763	393
5	5170	191.546104373763	394
5	5175	191.646104373763	395
5	5190	191.95425975025	396
5	5196	192.05425975025	397
5	5220	192.612536072851	398
5	5229	192.753902984727	399
5	5243	193.184994108314	400
5	5252	193.429291302507	401
5	5273	194.817467448832	402
5	5283	195.161217082981	403
5	5292	195.349265239942	404
5	5304	195.530138764415	405
5	5312	195.630138764415	406
5	5319	195.730138764415	407
5	5323	195.830138764415	408
5	5352	196.685849916032	409
5	5374	198.892247388187	410
5	5381	199.026903351378	411
5	5392	199.310596970233	412
5	5401	199.434123962424	413
6	17	1.133577525325	1
6	25	1.233577525325	1
6	57	2.86869561748	1
6	64	3.005545473251	1
6	86	4.022567516623	1
6	96	4.259586977546	1
6	110	4.638009405024	1
6	128	5.48567422983	1
6	135	5.618131398752	1
6	150	5.89252566381	1
6	156	5.99252566381	1
6	170	6.371675724019	1
6	193	7.37949815991	1
6	197	7.47949815991	1
6	205	7.636874288867	1
6	218	7.893893941382	1
6	232	8.263672431947	1
6	249	9.291881104633	1
6	261	9.617300370488	1
6	280	10.922116395572	1
6	295	11.327357588005	1
6	298	11.427357588005	1
6	312	11.798535375123	1
6	327	12.403074809507	1
6	341	13.118502254362	1
6	350	13.376151201545	1
6	365	13.999199323141	1
6	383	14.851804861739	1
6	398	15.33517875677	1
6	401	15.43517875677	1
6	410	15.623577164458	1
6	423	15.841136387436	1
6	446	16.340740375117	1
6	450	16.440740375117	1
6	470	18.162793612412	1
6	489	19.201778499412	1
6	500	19.404841697822	1
6	508	19.504841697822	1
6	524	19.71142052575	1
6	530	19.81142052575	1
6	561	21.951691427399	1
6	564	22.051691427399	1
6	572	22.151691427399	1
6	593	22.516000594769	1
6	598	22.616000594769	1
6	621	22.957580367739	1
6	631	23.057580367739	1
6	634	23.157580367739	1
6	656	23.512660061301	1
6	661	23.612660061301	1
6	666	23.712660061301	2
6	676	23.891225365414	2
6	709	25.593430138225	1
6	712	25.693430138225	1
6	735	26.725809959686	1
6	747	27.086200486044	1
6	757	27.298113007239	1
6	776	27.857884825573	1
6	802	29.949454394788	1
6	821	30.447819326639	1
6	841	30.848027022775	1
6	844	30.948027022775	1
6	869	31.992714348869	1
6	873	32.092714348869	1
6	876	32.192714348869	1
6	880	32.292714348869	2
6	915	33.929132724227	1
6	920	34.029132724227	1
6	924	34.129132724227	1
6	930	34.229132724227	2
6	937	34.329132724227	2
6	942	34.429132724227	3
6	985	35.415027018171	1
6	988	35.515027018171	1
6	991	35.615027018171	1
6	996	35.715027018171	2
6	1019	36.222392698117	1
6	1025	36.322392698117	1
6	1041	36.763717197238	1
6	1055	37.089986523467	1
6	1059	37.189986523467	1
6	1079	37.648726066619	1
6	1094	38.111447907685	1
6	1097	38.211447907685	1
6	1115	38.979480728197	1
6	1132	39.560161739553	1
6	1135	39.660161739553	1
6	1138	39.760161739553	1
6	1148	39.897070188061	2
6	1172	41.077211820586	1
6	1185	41.857946677262	1
6	1196	41.986303810718	1
6	1218	44.2232222118	1
6	1235	44.645132365903	1
6	1251	45.083624761274	1
6	1260	45.235027304229	1
6	1283	45.650270201837	1
6	1286	45.750270201837	1
6	1292	45.850270201837	1
6	1324	46.803940876808	1
6	1329	46.903940876808	1
6	1334	47.003940876808	1
6	1339	47.103940876808	2
6	1344	47.203940876808	2
6	1377	47.99570674269	1
6	1380	48.09570674269	1
6	1383	48.19570674269	1
6	1405	49.011980289769	1
6	1417	49.39607117793	1
6	1433	50.03734064321	1
6	1436	50.13734064321	1
6	1461	51.038770715402	1
6	1464	51.138770715402	1
6	1475	51.436346393841	1
6	1495	52.840152150089	1
6	1511	53.332748695648	1
6	1527	54.767899628758	1
6	1539	55.114209143818	1
6	1549	55.349001806094	1
6	1568	56.017949228287	1
6	1581	56.470810425364	1
6	1593	56.775814095754	1
6	1606	57.318143218478	1
6	1618	57.797685936162	1
6	1635	58.154953528603	1
6	1647	58.70221328103	1
6	1659	59.020495186342	1
6	1677	59.310665210906	1
6	1683	59.410665210906	1
6	1686	59.510665210906	1
6	1692	59.610665210906	2
6	1698	59.710665210906	2
6	1736	60.860452835115	1
6	1741	60.960452835115	1
6	1744	61.060452835115	1
6	1749	61.160452835115	2
6	1754	61.260452835115	2
6	1782	62.393269438321	1
6	1796	62.770467339601	1
6	1799	62.870467339601	1
6	1816	63.289828497519	1
6	1829	63.974367881242	1
6	1842	64.61250428282	1
6	1863	66.530478813193	1
6	1870	66.713405753797	1
6	1887	67.400058591882	1
6	1901	67.65914777354	1
6	1919	68.00131389713	1
6	1935	68.866502415934	1
6	1952	69.371322896245	1
6	1955	69.471322896245	1
6	1972	70.134431311716	1
6	1992	70.747396621967	1
6	1995	70.847396621967	1
6	2008	71.121219945135	1
6	2013	71.221219945135	1
6	2037	72.063862249024	1
6	2043	72.200030769904	1
6	2060	72.837725819076	1
6	2067	73.030836267174	1
6	2085	74.036771380647	1
6	2105	75.365197197959	1
6	2111	75.478904633865	1
6	2125	75.797512916879	1
6	2147	76.290460538603	1
6	2150	76.390460538603	1
6	2161	76.613405365922	1
6	2183	77.45619137061	1
6	2195	77.796410018832	1
6	2201	77.934682293111	1
6	2218	78.402516079647	1
6	2231	78.892627419515	1
6	2248	79.747078618827	1
6	2261	80.122130773524	1
6	2273	80.497226456959	1
6	2286	80.960598703181	1
6	2305	82.360715500055	1
6	2312	82.514880401768	1
6	2329	83.157441849105	1
6	2341	83.440675363599	1
6	2359	83.892768167249	1
6	2363	83.992768167249	1
6	2377	84.376199012985	1
6	2389	84.631075779477	1
6	2407	85.044167567692	1
6	2414	85.213642684526	1
6	2431	85.934344592703	1
6	2446	87.205485372955	1
6	2464	88.027102531138	1
6	2474	88.292485403385	1
6	2483	88.469841840781	1
6	2500	88.662288004819	1
6	2506	88.762288004819	1
6	2531	89.959961250625	1
6	2543	90.464435594956	1
6	2557	90.734242005009	1
6	2562	90.834242005009	1
6	2586	91.590620122698	1
6	2589	91.690620122698	1
6	2593	91.790620122698	1
6	2605	91.991805584955	1
6	2626	93.252793461441	1
6	2655	96.177544422331	1
6	2705	99.922236311746	1
6	2724	100.256792759374	1
6	2742	101.205210408094	1
6	2745	101.305210408094	1
6	2771	102.287171465048	1
6	2774	102.387171465048	1
6	2777	102.487171465048	1
6	2782	102.587171465048	2
6	2811	103.501894750128	1
6	2817	103.636576439025	1
6	2834	104.203128213624	1
6	2847	104.737926816415	1
6	2860	105.489538141279	1
6	2882	107.379400015221	1
6	2895	107.973600410223	1
6	2908	108.631180193699	1
6	2929	109.9835612235	1
6	2933	110.0835612235	1
6	2941	110.277835765246	1
6	2967	110.713846090568	1
6	2970	110.813846090568	1
6	2981	111.024129207433	1
6	2993	111.174191958929	1
6	3026	113.508560818982	1
6	3029	113.608560818982	1
6	3033	113.708560818982	1
6	3064	115.1941519202	1
6	3067	115.2941519202	1
6	3081	115.595649586632	1
6	3102	116.008607904122	1
6	3106	116.108607904122	1
6	3120	116.473520740334	1
6	3136	117.299945239691	1
6	3148	117.619230342572	1
6	3164	118.030678984839	1
6	3174	118.253126860799	1
6	3188	118.775330498261	1
6	3201	119.152089649388	1
6	3211	119.404488584146	1
6	3225	119.820489925583	1
6	3238	120.328357473517	1
6	3256	121.224884646256	1
6	3272	121.60658267025	1
6	3275	121.70658267025	1
6	3279	121.80658267025	1
6	3291	122.072750331325	1
6	3308	122.414567935994	1
6	3322	122.764767387206	1
6	3334	123.035223190549	1
6	3339	123.135223190549	1
6	3352	123.339830985908	1
6	3357	123.439830985908	1
6	3376	123.987660304035	1
6	3389	124.495496078721	1
6	3411	125.765221034079	1
6	3418	125.865221034079	1
6	3421	125.965221034079	1
6	3426	126.065221034079	2
6	3436	126.200589491923	2
6	3451	126.47991678505	2
6	3456	126.57991678505	2
6	3482	127.612188421785	1
6	3495	128.248841839261	1
6	3511	128.572457722726	1
6	3524	129.011517998218	1
6	3533	129.240611292761	1
6	3545	129.521300647221	1
6	3558	129.658947050385	1
6	3563	129.758947050385	1
6	3567	129.858947050385	2
6	3580	130.105188241999	2
6	3588	130.205188241999	2
6	3610	130.675955230488	1
6	3615	130.775955230488	1
6	3629	131.108153649002	1
6	3647	131.485755888385	1
6	3650	131.585755888385	1
6	3666	131.972039164834	1
6	3672	132.072039164834	1
6	3680	132.17663862723	1
6	3693	132.495486190139	1
6	3716	133.498299406438	1
6	3722	133.626524342577	1
6	3740	134.565008341623	1
6	3754	135.401405217269	1
6	3772	135.714804462243	1
6	3775	135.814804462243	1
6	3794	136.48487564172	1
6	3798	136.58487564172	1
6	3815	137.295503510356	1
6	3825	137.573218945121	1
6	3841	137.802728513309	1
6	3858	138.394141399904	1
6	3861	138.494141399904	1
6	3875	138.850177057808	1
6	3884	138.995935435211	1
6	3898	139.321225713436	1
6	3906	139.456534013059	1
6	3921	139.66534114251	1
6	3932	139.914045461261	1
6	3953	141.207386729587	1
6	3957	141.307386729587	1
6	3975	142.424833668911	1
6	3982	142.589704729246	1
6	3999	143.205038442878	1
6	4015	143.590128278301	1
6	4030	144.622615513661	1
6	4040	144.897623413305	1
6	4054	145.29567916363	1
6	4070	145.675137132648	1
6	4087	147.451250748526	1
6	4104	148.124936356393	1
6	4122	148.863595278487	1
6	4137	150.201983246535	1
6	4154	150.610363252053	1
6	4160	150.807623647606	1
6	4177	151.438306899253	1
6	4197	151.836201228211	1
6	4200	151.936201228211	1
6	4211	152.159546730445	1
6	4225	152.490433903874	1
6	4239	152.960746374881	1
6	4256	153.544886242967	1
6	4263	153.648552366825	1
6	4283	154.589348634824	1
6	4286	154.689348634824	1
6	4295	154.81935191234	1
6	4302	154.933425906563	2
6	4325	155.760564962443	1
6	4331	155.901152980947	1
6	4355	156.370302302293	1
6	4358	156.470302302293	1
6	4375	157.043012002013	1
6	4388	157.541395449844	1
6	4397	157.803980583802	1
6	4406	157.983335956942	1
6	4427	159.742248698931	1
6	4448	161.596926749162	1
6	4461	162.199897769794	1
6	4482	163.224444506167	1
6	4485	163.324444506167	1
6	4505	163.77840676886	1
6	4525	165.283412867542	1
6	4535	165.489572445576	1
6	4549	165.767024995165	1
6	4567	166.105515615144	1
6	4570	166.205515615144	1
6	4587	166.644523761422	1
6	4610	169.20175563476	1
6	4624	169.830177146505	1
6	4644	170.348678309524	1
6	4648	170.448678309524	1
6	4669	171.142658552299	1
6	4672	171.242658552299	1
6	4689	171.729062064577	1
6	4710	172.826505370825	1
6	4713	172.926505370825	1
6	4729	173.359315775155	1
6	4739	173.603692910305	1
6	4754	174.211298299338	1
6	4776	175.323974386939	1
6	4779	175.423974386939	1
6	4797	176.358767124217	1
6	4817	177.844032441144	1
6	4830	178.420415133305	1
6	4840	178.637252075157	1
6	4858	179.716826072846	1
6	4880	180.410009819993	1
6	4904	181.662116850115	1
6	4907	181.762116850115	1
6	4929	182.43642010544	1
6	4932	182.53642010544	1
6	4939	182.63642010544	1
6	4970	184.118782458474	1
6	4973	184.218782458474	1
6	4977	184.318782458474	1
6	4981	184.418782458474	2
6	5012	185.025862583974	1
6	5016	185.125862583974	1
6	5035	186.549184857018	1
6	5048	186.998611034265	1
6	5054	187.169730028674	1
6	5073	188.229690549595	1
6	5093	189.748114466595	1
6	5106	190.494766446709	1
6	5115	190.596464036155	1
6	5135	190.941120982071	1
6	5142	191.041120982071	1
6	5146	191.141120982071	1
6	5171	191.546204373763	1
6	5176	191.646204373763	1
6	5180	191.746204373763	1
6	5197	192.05435975025	1
6	5202	192.15435975025	1
6	5225	192.712636072851	1
6	5231	192.854002984727	1
6	5248	193.285094108314	1
6	5258	193.529391302507	1
6	5275	194.917567448832	1
6	5287	195.261317082981	1
6	5294	195.449365239942	1
6	5313	195.630238764415	1
6	5320	195.730238764415	1
6	5324	195.830238764415	2
6	5330	195.930238764415	2
6	5354	196.785949916032	1
6	5377	198.992347388187	1
6	5383	199.127003351378	1
6	5397	199.410696970233	1
6	5406	199.534223962424	1
7	27	1.333677525325	1
7	41	1.533677525325	1
7	66	3.06879561748	1
7	72	3.26879561748	1
7	93	4.222667516623	1
7	102	4.459686977546	1
7	114	4.838109405024	1
7	137	5.68577422983	1
7	147	5.88577422983	1
7	158	6.09262566381	1
7	167	6.29262566381	1
7	179	6.571775724019	1
7	202	7.57959815991	1
7	210	7.77959815991	1
7	220	7.97959815991	1
7	229	8.17959815991	1
7	238	8.463772431947	1
7	252	9.491981104633	1
7	265	9.817400370488	1
7	284	11.122216395572	1
7	300	11.527457588005	1
7	309	11.727457588005	1
7	318	11.998635375123	1
7	331	12.603174809507	1
7	347	13.318602254362	1
7	356	13.576251201545	1
7	373	14.199299323141	1
7	387	15.051904861739	1
7	407	15.53527875677	1
7	414	15.73527875677	1
7	428	15.93527875677	1
7	438	16.13527875677	1
7	452	16.540840375117	1
7	458	16.740840375117	1
7	474	18.362893612412	1
7	497	19.401878499412	1
7	510	19.604941697822	1
7	527	19.804941697822	1
7	537	20.004941697822	1
7	547	20.204941697822	1
7	573	22.151791427399	1
7	578	22.351791427399	1
7	595	22.551791427399	1
7	606	22.751791427399	1
7	618	22.951791427399	1
7	635	23.157680367739	1
7	644	23.357680367739	1
7	658	23.557680367739	1
7	668	23.757680367739	1
7	679	23.957680367739	1
7	687	24.157680367739	1
7	697	24.357680367739	1
7	715	25.793530138225	1
7	720	25.993530138225	1
7	739	26.925909959686	1
7	754	27.286300486044	1
7	762	27.498213007239	1
7	779	28.057984825573	1
7	808	30.149554394788	1
7	828	30.647919326639	1
7	846	31.048127022775	1
7	855	31.248127022775	1
7	877	32.192814348869	1
7	885	32.392814348869	1
7	893	32.592814348869	1
7	899	32.792814348869	1
7	925	34.129232724227	1
7	938	34.329232724227	1
7	946	34.529232724227	1
7	958	34.729232724227	1
7	966	34.929232724227	1
7	972	35.129232724227	1
7	992	35.615127018171	1
7	1000	35.815127018171	1
7	1006	36.015127018171	1
7	1016	36.215127018171	1
7	1027	36.422492698117	1
7	1033	36.622492698117	1
7	1045	36.963817197238	1
7	1061	37.290086523467	1
7	1067	37.490086523467	1
7	1083	37.848826066619	1
7	1099	38.311547907685	1
7	1105	38.511547907685	1
7	1118	39.179580728197	1
7	1139	39.760261739553	1
7	1150	39.960261739553	1
7	1156	40.160261739553	1
7	1161	40.360261739553	1
7	1175	41.277311820586	1
7	1198	42.058046677262	1
7	1204	42.258046677262	1
7	1226	44.4233222118	1
7	1238	44.845232365903	1
7	1265	45.283724761274	1
7	1270	45.483724761274	1
7	1293	45.850370201837	1
7	1301	46.050370201837	1
7	1310	46.250370201837	1
7	1335	47.004040876808	1
7	1345	47.204040876808	1
7	1351	47.404040876808	1
7	1356	47.604040876808	1
7	1362	47.804040876808	1
7	1384	48.19580674269	1
7	1390	48.39580674269	1
7	1396	48.59580674269	1
7	1409	49.212080289769	1
7	1421	49.59617117793	1
7	1438	50.23744064321	1
7	1447	50.43744064321	1
7	1467	51.238870715402	1
7	1477	51.438870715402	1
7	1483	51.638870715402	1
7	1503	53.040252150089	1
7	1515	53.532848695648	1
7	1531	54.967999628758	1
7	1546	55.314309143818	1
7	1555	55.549101806094	1
7	1572	56.218049228287	1
7	1585	56.670910425364	1
7	1597	56.975914095754	1
7	1609	57.518243218478	1
7	1622	57.997785936162	1
7	1638	58.355053528603	1
7	1651	58.90231328103	1
7	1668	59.220595186342	1
7	1687	59.510765210906	1
7	1699	59.710765210906	1
7	1707	59.910765210906	1
7	1716	60.110765210906	1
7	1722	60.310765210906	1
7	1745	61.060552835115	1
7	1755	61.260552835115	1
7	1761	61.460552835115	1
7	1766	61.660552835115	1
7	1772	61.860552835115	1
7	1785	62.593369438321	1
7	1802	62.970567339601	1
7	1807	63.170567339601	1
7	1819	63.489928497519	1
7	1833	64.174467881242	1
7	1850	64.81260428282	1
7	1872	66.730578813193	1
7	1878	66.930578813193	1
7	1898	67.600158591882	1
7	1907	67.85924777354	1
7	1923	68.20141389713	1
7	1939	69.066602415934	1
7	1958	69.571422896245	1
7	1963	69.771422896245	1
7	1976	70.334531311716	1
7	1997	70.947496621967	1
7	2010	71.147496621967	1
7	2018	71.347496621967	1
7	2023	71.547496621967	1
7	2046	72.263962249024	1
7	2051	72.463962249024	1
7	2069	73.037825819076	1
7	2075	73.237825819076	1
7	2089	74.236871380647	1
7	2114	75.565297197959	1
7	2122	75.765297197959	1
7	2134	75.997612916879	1
7	2153	76.490560538603	1
7	2163	76.690560538603	1
7	2169	76.890560538603	1
7	2187	77.65629137061	1
7	2204	77.996510018832	1
7	2209	78.196510018832	1
7	2222	78.602616079647	1
7	2234	79.092727419515	1
7	2252	79.947178618827	1
7	2264	80.322230773524	1
7	2277	80.697326456959	1
7	2289	81.160698703181	1
7	2314	82.560815500055	1
7	2320	82.760815500055	1
7	2336	83.357541849105	1
7	2346	83.640775363599	1
7	2365	84.092868167249	1
7	2374	84.292868167249	1
7	2386	84.576299012985	1
7	2394	84.831175779477	1
7	2416	85.244267567692	1
7	2421	85.444267567692	1
7	2435	86.134444592703	1
7	2454	87.405585372955	1
7	2471	88.227202531138	1
7	2488	88.492585403385	1
7	2502	88.692585403385	1
7	2510	88.892585403385	1
7	2516	89.092585403385	1
7	2534	90.160061250625	1
7	2552	90.664535594956	1
7	2565	90.934342005009	1
7	2570	91.134342005009	1
7	2594	91.790720122698	1
7	2602	91.990720122698	1
7	2610	92.190720122698	1
7	2616	92.390720122698	1
7	2630	93.452893461441	1
7	2662	96.377644422331	1
7	2711	100.122336311746	1
7	2727	100.456892759374	1
7	2751	101.405310408094	1
7	2756	101.605310408094	1
7	2778	102.487271465048	1
7	2786	102.687271465048	1
7	2792	102.887271465048	1
7	2797	103.087271465048	1
7	2819	103.701994750128	1
7	2825	103.901994750128	1
7	2838	104.403228213624	1
7	2850	104.938026816415	1
7	2864	105.689638141279	1
7	2885	107.579500015221	1
7	2898	108.173700410223	1
7	2911	108.831280193699	1
7	2938	110.1836612235	1
7	2946	110.3836612235	1
7	2954	110.5836612235	1
7	2972	110.913946090568	1
7	2988	111.113946090568	1
7	2998	111.313946090568	1
7	3003	111.513946090568	1
7	3034	113.708660818982	1
7	3039	113.908660818982	1
7	3048	114.108660818982	1
7	3069	115.3942519202	1
7	3078	115.5942519202	1
7	3090	115.795749586632	1
7	3108	116.208707904122	1
7	3117	116.408707904122	1
7	3125	116.673620740334	1
7	3139	117.500045239691	1
7	3151	117.819330342572	1
7	3171	118.230778984839	1
7	3179	118.453226860799	1
7	3192	118.975430498261	1
7	3207	119.352189649388	1
7	3216	119.604588584146	1
7	3229	120.020589925583	1
7	3241	120.528457473517	1
7	3259	121.424984646256	1
7	3280	121.80668267025	1
7	3288	122.00668267025	1
7	3296	122.20668267025	1
7	3305	122.40668267025	1
7	3313	122.614667935994	1
7	3328	122.964867387206	1
7	3341	123.235323190549	1
7	3354	123.435323190549	1
7	3362	123.635323190549	1
7	3367	123.835323190549	1
7	3380	124.187760304035	1
7	3395	124.695596078721	1
7	3422	125.965321034079	1
7	3433	126.165321034079	1
7	3441	126.365321034079	1
7	3453	126.565321034079	1
7	3461	126.765321034079	1
7	3467	126.965321034079	1
7	3472	127.165321034079	1
7	3486	127.812288421785	1
7	3503	128.448941839261	1
7	3515	128.772557722726	1
7	3530	129.211617998218	1
7	3542	129.440711292761	1
7	3560	129.721400647221	1
7	3570	129.921400647221	1
7	3582	130.121400647221	1
7	3592	130.321400647221	1
7	3598	130.521400647221	1
7	3612	130.721400647221	1
7	3620	130.921400647221	1
7	3631	131.121400647221	1
7	3636	131.321400647221	1
7	3652	131.685855888385	1
7	3661	131.885855888385	1
7	3677	132.172139164834	1
7	3685	132.372139164834	1
7	3695	132.572139164834	1
7	3705	132.772139164834	1
7	3724	133.698399406438	1
7	3730	133.898399406438	1
7	3744	134.765108341623	1
7	3762	135.601505217269	1
7	3778	135.914904462243	1
7	3783	136.114904462243	1
7	3800	136.68497564172	1
7	3806	136.88497564172	1
7	3822	137.495603510356	1
7	3834	137.773318945121	1
7	3847	138.002828513309	1
7	3864	138.594241399904	1
7	3872	138.794241399904	1
7	3886	139.050277057808	1
7	3895	139.250277057808	1
7	3909	139.521325713436	1
7	3923	139.721325713436	1
7	3934	139.921325713436	1
7	3940	140.121325713436	1
7	3959	141.407486729587	1
7	3965	141.607486729587	1
7	3984	142.624933668911	1
7	3990	142.824933668911	1
7	4007	143.405138442878	1
7	4019	143.790228278301	1
7	4036	144.822715513661	1
7	4045	145.097723413305	1
7	4057	145.49577916363	1
7	4074	145.875237132648	1
7	4095	147.651350748526	1
7	4108	148.325036356393	1
7	4125	149.063695278487	1
7	4141	150.402083246535	1
7	4162	150.810463252053	1
7	4168	151.010463252053	1
7	4184	151.638406899253	1
7	4202	152.036301228211	1
7	4213	152.236301228211	1
7	4222	152.436301228211	1
7	4230	152.690533903874	1
7	4243	153.160846374881	1
7	4265	153.744986242967	1
7	4271	153.944986242967	1
7	4291	154.789448634824	1
7	4304	154.989448634824	1
7	4310	155.189448634824	1
7	4315	155.389448634824	1
7	4333	155.960664962443	1
7	4342	156.160664962443	1
7	4360	156.570402302293	1
7	4366	156.770402302293	1
7	4379	157.243112002013	1
7	4394	157.741495449844	1
7	4408	158.004080583802	1
7	4414	158.204080583802	1
7	4435	159.942348698931	1
7	4452	161.797026749162	1
7	4469	162.399997769794	1
7	4487	163.424544506167	1
7	4497	163.624544506167	1
7	4509	163.97850676886	1
7	4532	165.483512867542	1
7	4544	165.689672445576	1
7	4555	165.967124995165	1
7	4573	166.305615615144	1
7	4578	166.505615615144	1
7	4591	166.844623761422	1
7	4614	169.40185563476	1
7	4627	170.030277146505	1
7	4650	170.548778309524	1
7	4656	170.748778309524	1
7	4675	171.342758552299	1
7	4680	171.542758552299	1
7	4693	171.929162064577	1
7	4715	173.026605370825	1
7	4721	173.226605370825	1
7	4736	173.559415775155	1
7	4745	173.803792910305	1
7	4761	174.411398299338	1
7	4782	175.524074386939	1
7	4787	175.724074386939	1
7	4801	176.558867124217	1
7	4821	178.044132441144	1
7	4837	178.620515133305	1
7	4846	178.837352075157	1
7	4866	179.916926072846	1
7	4886	180.610109819993	1
7	4910	181.862216850115	1
7	4915	182.062216850115	1
7	4940	182.63652010544	1
7	4946	182.83652010544	1
7	4955	183.03652010544	1
7	4978	184.318882458474	1
7	4985	184.518882458474	1
7	4991	184.718882458474	1
7	5000	184.918882458474	1
7	5018	185.225962583974	1
7	5024	185.425962583974	1
7	5039	186.749284857018	1
7	5056	187.198711034265	1
7	5062	187.398711034265	1
7	5081	188.429790549595	1
7	5097	189.948214466595	1
7	5117	190.694866446709	1
7	5132	190.894866446709	1
7	5147	191.141220982071	1
7	5155	191.341220982071	1
7	5168	191.541220982071	1
7	5181	191.746304373763	1
7	5186	191.946304373763	1
7	5199	192.146304373763	1
7	5207	192.346304373763	1
7	5216	192.546304373763	1
7	5233	192.912736072851	1
7	5239	193.112736072851	1
7	5254	193.485194108314	1
7	5263	193.729491302507	1
7	5279	195.117667448832	1
7	5296	195.461417082981	1
7	5317	195.661417082981	1
7	5326	195.861417082981	1
7	5334	196.061417082981	1
7	5340	196.261417082981	1
7	5345	196.461417082981	1
7	5358	196.986049916032	1
7	5385	199.192447388187	1
7	5394	199.392447388187	1
7	5408	199.610796970233	1
7	5413	199.810796970233	1
8	38	1.433677525325	0.4002
8	47	1.633677525325	0.594611667531
8	68	3.16879561748	0.4002
8	78	3.36879561748	0.463350144229
8	98	4.322667516623	0.4002
8	107	4.559686977546	0.4002
8	120	4.938109405024	0.4002
8	139	5.78577422983	0.4002
8	153	5.98577422983	0.467742831078
8	160	6.19262566381	0.4002
8	172	6.39262566381	0.594467866123
8	185	6.671775724019	0.4002
8	206	7.67959815991	1.126551564202
8	215	7.87959815991	0.6002
8	223	8.07959815991	0.542823871043
8	234	8.27959815991	0.485804218528
8	240	8.563772431947	0.4002
8	258	9.591981104633	0.4002
8	271	9.917400370488	0.4002
8	286	11.222216395572	0.4002
8	303	11.627457588005	0.4002
8	314	11.827457588005	0.520980672165
8	320	12.098635375123	0.4002
8	333	12.703174809507	0.4002
8	353	13.418602254362	0.4002
8	358	13.676251201545	0.4002
8	375	14.299299323141	0.4002
8	389	15.151904861739	0.4002
8	411	15.63527875677	0.4002
8	420	15.83527875677	0.589444482052
8	434	16.03527875677	0.511801592312
8	440	16.23527875677	0.494242369334
8	454	16.640840375117	0.729209797403
8	460	16.840840375117	0.6002
8	476	18.462893612412	0.4002
8	505	19.501878499412	0.4002
8	521	19.704941697822	0.4002
8	534	19.904941697822	0.57254364084
8	544	20.104941697822	0.649080921666
8	549	20.304941697822	0.693621172072
8	575	22.251791427399	2.606434044808
8	588	22.451791427399	2.633677830333
8	599	22.651791427399	0.8002
8	612	22.851791427399	0.43589083263
8	628	23.051791427399	0.567490632281
8	637	23.257680367739	0.594600461391
8	653	23.457680367739	0.6002
8	663	23.657680367739	0.699323760648
8	673	23.857680367739	0.86253125171
8	684	24.057680367739	0.772418028459
8	694	24.257680367739	0.845120306438
8	699	24.457680367739	0.666555002325
8	717	25.893530138225	1.852268264644
8	723	26.093530138225	0.6002
8	744	27.025909959686	0.4002
8	759	27.386300486044	0.4002
8	769	27.598213007239	0.4002
8	782	28.157984825573	0.4002
8	815	30.249554394788	0.4002
8	834	30.747919326639	0.833677073304
8	849	31.148127022775	1.219308319827
8	861	31.348127022775	1.217096791545
8	881	32.292814348869	1.94509502223
8	890	32.492814348869	1.984679121366
8	896	32.692814348869	1.944887326094
8	905	32.892814348869	1.722501106525
8	931	34.229232724227	2.336618375358
8	943	34.429232724227	1.99703600388
8	954	34.629232724227	0.8002
8	963	34.829232724227	0.834500910266
8	969	35.029232724227	0.841897708288
8	978	35.229232724227	0.962641936734
8	997	35.715127018171	1.165300169932
8	1002	35.915127018171	1.304888031836
8	1008	36.115127018171	1.34743282601
8	1022	36.315127018171	1.0002
8	1029	36.522492698117	0.4002
8	1038	36.722492698117	0.567260989766
8	1052	37.063817197238	0.4002
8	1063	37.390086523467	0.4002
8	1076	37.590086523467	0.564618389403
8	1085	37.948826066619	0.4002
8	1102	38.411547907685	0.4002
8	1107	38.611547907685	0.525943149823
8	1121	39.279580728197	0.4002
8	1145	39.860261739553	0.4002
8	1152	40.060261739553	0.583934188581
8	1158	40.260261739553	0.76718730787
8	1164	40.460261739553	0.663291551492
8	1178	41.377311820586	0.4002
8	1200	42.158046677262	0.4002
8	1206	42.358046677262	0.471842866544
8	1228	44.5233222118	0.4002
8	1245	44.945232365903	0.4002
8	1267	45.383724761274	0.4002
8	1280	45.583724761274	0.448797457045
8	1298	45.950370201837	0.795598091152
8	1304	46.150370201837	0.895877126735
8	1316	46.350370201837	0.8002
8	1340	47.104040876808	1.319502847981
8	1347	47.304040876808	1.415269139974
8	1353	47.504040876808	1.293363032303
8	1359	47.704040876808	1.0002
8	1371	47.904040876808	1.056037661841
8	1387	48.29580674269	1.326565287721
8	1392	48.49580674269	0.6002
8	1398	48.69580674269	0.718369559314
8	1414	49.312080289769	0.4002
8	1423	49.69617117793	0.4002
8	1444	50.33744064321	0.4002
8	1453	50.53744064321	0.547304808897
8	1472	51.338870715402	1.05701652074
8	1480	51.538870715402	0.6002
8	1485	51.738870715402	0.402624321561
8	1505	53.140252150089	0.4002
8	1517	53.632848695648	0.4002
8	1536	55.067999628758	0.4002
8	1551	55.414309143818	0.4002
8	1561	55.649101806094	0.4002
8	1574	56.318049228287	0.4002
8	1590	56.770910425364	0.4002
8	1599	57.075914095754	0.4002
8	1612	57.618243218478	0.4002
8	1631	58.097785936162	0.4002
8	1641	58.455053528603	0.4002
8	1656	59.00231328103	0.4002
8	1679	59.320595186342	0.4002
8	1693	59.610765210906	0.4002
8	1704	59.810765210906	0.595744059422
8	1713	60.010765210906	0.788995672668
8	1718	60.210765210906	0.953840013273
8	1728	60.410765210906	1.140711679407
8	1750	61.160552835115	1.605197133144
8	1757	61.360552835115	1.647036719933
8	1763	61.560552835115	1.564665338707
8	1769	61.760552835115	1.0002
8	1774	61.960552835115	1.09737398796
8	1791	62.693369438321	0.4002
8	1804	63.070567339601	0.4002
8	1813	63.270567339601	0.537843322189
8	1822	63.589928497519	0.4002
8	1835	64.274467881242	0.4002
8	1852	64.91260428282	0.4002
8	1874	66.830578813193	0.4002
8	1880	67.030578813193	0.417273059396
8	1903	67.700158591882	0.4002
8	1916	67.95924777354	0.4002
8	1925	68.30141389713	0.4002
8	1945	69.166602415934	0.4002
8	1960	69.671422896245	0.842511673608
8	1966	69.871422896245	0.6002
8	1982	70.434531311716	0.4002
8	2003	71.047496621967	0.4002
8	2014	71.247496621967	0.583646102733
8	2020	71.447496621967	0.426376676832
8	2030	71.647496621967	0.569894178813
8	2048	72.363962249024	0.4002
8	2054	72.563962249024	0.46403147912
8	2071	73.137825819076	0.4002
8	2077	73.337825819076	0.407089551902
8	2091	74.336871380647	0.4002
8	2116	75.665297197959	0.4002
8	2128	75.865297197959	0.486492564094
8	2140	76.097612916879	0.4002
8	2158	76.590560538603	0.715855591171
8	2166	76.790560538603	0.6002
8	2175	76.990560538603	0.477255172681
8	2192	77.75629137061	0.4002
8	2206	78.096510018832	0.4002
8	2212	78.296510018832	0.461927725721
8	2224	78.702616079647	0.4002
8	2241	79.192727419515	0.4002
8	2257	80.047178618827	0.4002
8	2270	80.422230773524	0.4002
8	2279	80.797326456959	0.4002
8	2292	81.260698703181	0.4002
8	2316	82.660815500055	0.4002
8	2322	82.860815500055	0.446035098287
8	2343	83.457541849105	0.4002
8	2353	83.740775363599	0.4002
8	2367	84.192868167249	0.753824676603
8	2379	84.392868167249	0.6002
8	2391	84.676299012985	0.4002
8	2401	84.931175779477	0.4002
8	2418	85.344267567692	0.4002
8	2424	85.544267567692	0.430724883166
8	2437	86.234444592703	0.4002
8	2456	87.505585372955	0.4002
8	2476	88.327202531138	0.4002
8	2497	88.592585403385	0.4002
8	2507	88.792585403385	0.422843562604
8	2512	88.992585403385	0.504870600199
8	2522	89.192585403385	0.630397398566
8	2537	90.260061250625	0.4002
8	2559	90.764535594956	0.4002
8	2567	91.034342005009	0.4002
8	2577	91.234342005009	0.596028456212
8	2596	91.890720122698	1.177162023887
8	2607	92.090720122698	0.6002
8	2612	92.290720122698	0.747669842965
8	2618	92.490720122698	0.599014537743
8	2632	93.552893461441	0.4002
8	2668	96.477644422331	0.4002
8	2721	100.222336311746	3.968099906319
8	2734	100.556892759374	2.233801333999
8	2753	101.505310408094	1.683174096348
8	2763	101.705310408094	1.754385121664
8	2783	102.587271465048	2.430578705674
8	2788	102.787271465048	1.682161056954
8	2794	102.987271465048	1.638035688728
8	2804	103.187271465048	1.0002
8	2822	103.801994750128	0.4002
8	2827	104.001994750128	0.465518311103
8	2840	104.503228213624	0.4002
8	2853	105.038026816415	0.4002
8	2866	105.789638141279	0.4002
8	2888	107.679500015221	0.4002
8	2901	108.273700410223	0.4002
8	2918	108.931280193699	0.4002
8	2942	110.2836612235	0.4002
8	2948	110.4836612235	0.549942548443
8	2964	110.6836612235	0.505925458254
8	2978	111.013946090568	0.489030257522
8	2994	111.213946090568	0.6002
8	3000	111.413946090568	0.489916883135
8	3010	111.613946090568	0.539854131639
8	3036	113.808660818982	2.734196774337
8	3042	114.008660818982	2.852362170252
8	3054	114.208660818982	0.8002
8	3072	115.4942519202	1.450511906187
8	3086	115.6942519202	0.6002
8	3096	115.895749586632	0.4002
8	3110	116.308707904122	0.69071217333
8	3122	116.508707904122	0.6002
8	3128	116.773620740334	0.4002
8	3145	117.600045239691	0.4002
8	3158	117.919330342572	0.4002
8	3176	118.330778984839	0.4002
8	3182	118.553226860799	0.4002
8	3197	119.075430498261	0.4002
8	3213	119.452189649388	0.4002
8	3219	119.704588584146	0.4002
8	3231	120.120589925583	0.4002
8	3244	120.628457473517	0.4002
8	3269	121.524984646256	0.4002
8	3282	121.90668267025	0.715511895495
8	3293	122.10668267025	0.883075501152
8	3298	122.30668267025	0.8002
8	3310	122.50668267025	0.534032338925
8	3319	122.714667935994	0.4002
8	3336	123.064867387206	0.4002
8	3349	123.335323190549	0.4002
8	3358	123.535323190549	0.512845481777
8	3364	123.735323190549	0.495592204641
8	3373	123.935323190549	0.617004718871
8	3382	124.287760304035	0.4002
8	3402	124.795596078721	0.4002
8	3427	126.065321034079	1.472589740936
8	3437	126.265321034079	0.6002
8	3448	126.465321034079	0.690784439789
8	3458	126.665321034079	0.874075427196
8	3463	126.865321034079	0.764831542156
8	3469	127.065321034079	0.685504249029
8	3475	127.265321034079	0.804661693154
8	3488	127.912288421785	0.4002
8	3508	128.548941839261	0.4002
8	3517	128.872557722726	0.4002
8	3536	129.311617998218	0.4002
8	3547	129.540711292761	0.4002
8	3564	129.821400647221	0.4002
8	3575	130.021400647221	0.462553596836
8	3589	130.221400647221	0.638402982671
8	3594	130.421400647221	0.813686115219
8	3607	130.621400647221	0.616312405222
8	3617	130.821400647221	0.720025369249
8	3625	131.021400647221	0.852384768557
8	3633	131.221400647221	0.645545416733
8	3642	131.421400647221	0.413346998219
8	3655	131.785855888385	0.4002
8	3668	131.985855888385	0.50679094954
8	3681	132.272139164834	0.4002
8	3690	132.472139164834	0.573261856323
8	3702	132.672139164834	0.595600537604
8	3707	132.872139164834	0.476752974695
8	3727	133.798399406438	0.4002
8	3732	133.998399406438	0.471975063861
8	3746	134.865108341623	0.4002
8	3769	135.701505217269	0.4002
8	3780	136.014904462243	0.4002
8	3786	136.214904462243	0.525999806942
8	3802	136.78497564172	0.4002
8	3808	136.98497564172	0.554817743753
8	3827	137.595603510356	0.4002
8	3843	137.873318945121	0.4002
8	3849	138.102828513309	0.4002
8	3866	138.694241399904	0.4002
8	3878	138.894241399904	0.502610207026
8	3888	139.150277057808	0.4002
8	3900	139.350277057808	0.454441622597
8	3918	139.621325713436	0.4002
8	3929	139.821325713436	0.464891700377
8	3936	140.021325713436	0.456084570926
8	3942	140.221325713436	0.407380252175
8	3961	141.507486729587	0.4002
8	3967	141.707486729587	0.59658375017
8	3986	142.724933668911	0.4002
8	3992	142.924933668911	0.435328939665
8	4012	143.505138442878	0.4002
8	4021	143.890228278301	0.4002
8	4042	144.922715513661	0.4002
8	4051	145.197723413305	0.4002
8	4067	145.59577916363	0.4002
8	4076	145.975237132648	0.4002
8	4097	147.751350748526	0.4002
8	4114	148.425036356393	0.4002
8	4128	149.163695278487	0.4002
8	4147	150.502083246535	0.4002
8	4165	150.910463252053	0.4002
8	4170	151.110463252053	0.402939604447
8	4193	151.738406899253	0.4002
8	4208	152.136301228211	0.640345977288
8	4215	152.336301228211	0.6002
8	4227	152.536301228211	0.476854497766
8	4233	152.790533903874	0.4002
8	4249	153.260846374881	0.4002
8	4267	153.844986242967	0.4002
8	4273	154.044986242967	0.496533876142
8	4299	154.889448634824	0.4002
8	4306	155.089448634824	0.586002646527
8	4312	155.289448634824	0.570196722484
8	4318	155.489448634824	0.656122728261
8	4339	156.060664962443	0.4002
8	4348	156.260664962443	0.459611981496
8	4363	156.670402302293	0.686843650859
8	4368	156.870402302293	0.6002
8	4381	157.343112002013	0.4002
8	4400	157.841495449844	0.4002
8	4410	158.104080583802	0.4002
8	4416	158.304080583802	0.42084462686
8	4437	160.042348698931	0.4002
8	4454	161.897026749162	0.4002
8	4471	162.499997769794	0.4002
8	4494	163.524544506167	0.4002
8	4502	163.724544506167	0.530993871399
8	4515	164.07850676886	0.4002
8	4537	165.583512867542	0.4002
8	4551	165.789672445576	0.4002
8	4564	166.067124995165	0.4002
8	4575	166.405615615144	0.645687485898
8	4584	166.605615615144	0.6002
8	4593	166.944623761422	0.4002
8	4616	169.50185563476	0.4002
8	4634	170.130277146505	0.4002
8	4652	170.648778309524	0.4002
8	4662	170.848778309524	0.566006659787
8	4677	171.442758552299	1.146285753921
8	4686	171.642758552299	0.6002
8	4699	172.029162064577	0.4002
8	4718	173.126605370825	0.4002
8	4726	173.326605370825	0.567529896757
8	4741	173.659415775155	0.4002
8	4747	173.903792910305	0.4002
8	4767	174.511398299338	0.4002
8	4784	175.624074386939	1.395711062806
8	4790	175.824074386939	0.6002
8	4803	176.658867124217	0.4002
8	4823	178.144132441144	0.4002
8	4842	178.720515133305	0.4002
8	4848	178.937352075157	0.4002
8	4872	180.016926072846	0.4002
8	4893	180.710109819993	1.062870438712
8	4912	181.962216850115	1.652307030122
8	4922	182.162216850115	1.666082614955
8	4943	182.73652010544	1.174503255325
8	4948	182.93652010544	1.280825570396
8	4961	183.13652010544	0.8002
8	4982	184.418882458474	1.848320966453
8	4988	184.618882458474	2.02709011526
8	4996	184.818882458474	1.876529646362
8	5009	185.018882458474	1.0002
8	5020	185.325962583974	0.525783681087
8	5026	185.525962583974	0.6002
8	5041	186.849284857018	0.4002
8	5059	187.298711034265	0.4002
8	5064	187.498711034265	0.429081005591
8	5083	188.529790549595	0.4002
8	5099	190.048214466595	0.4002
8	5123	190.794866446709	0.4002
8	5139	190.994866446709	0.498502410554
8	5149	191.241220982071	0.690164031471
8	5162	191.441220982071	0.6002
8	5173	191.641220982071	0.782922324082
8	5183	191.846304373763	0.887253844307
8	5194	192.046304373763	0.751192581442
8	5203	192.246304373763	0.8002
8	5213	192.446304373763	0.492044623513
8	5222	192.646304373763	0.683366297836
8	5236	193.012736072851	0.4002
8	5244	193.212736072851	0.458833088124
8	5260	193.585194108314	0.4002
8	5266	193.829491302507	0.4002
8	5284	195.217667448832	0.4002
8	5305	195.561417082981	0.4002
8	5321	195.761417082981	0.412151843039
8	5331	195.961417082981	0.431278318566
8	5336	196.161417082981	0.594323868051
8	5342	196.361417082981	0.787760448171
8	5348	196.561417082981	0.922743758882
8	5360	197.086049916032	0.4002
8	5388	199.292447388187	0.4002
8	5402	199.492447388187	0.465544036809
8	5410	199.710796970233	0.4002
8	5416	199.910796970233	0.476673007809
9	38	1.433677525325	1
9	47	1.633677525325	1
9	68	3.16879561748	1
9	78	3.36879561748	1
9	98	4.322667516623	1
9	107	4.559686977546	1
9	120	4.938109405024	1
9	139	5.78577422983	1
9	153	5.98577422983	1
9	160	6.19262566381	1
9	172	6.39262566381	1
9	185	6.671775724019	1
9	206	7.67959815991	1
9	215	7.87959815991	1
9	223	8.07959815991	1
9	234	8.27959815991	1
9	240	8.563772431947	1
9	258	9.591981104633	1
9	271	9.917400370488	1
9	286	11.222216395572	1
9	303	11.627457588005	1
9	314	11.827457588005	1
9	320	12.098635375123	1
9	333	12.703174809507	1
9	353	13.418602254362	1
9	358	13.676251201545	1
9	375	14.299299323141	1
9	389	15.151904861739	1
9	411	15.63527875677	1
9	420	15.83527875677	1
9	434	16.03527875677	1
9	440	16.23527875677	1
9	454	16.640840375117	1
9	460	16.840840375117	1
9	476	18.462893612412	1
9	505	19.501878499412	1
9	521	19.704941697822	1
9	534	19.904941697822	1
9	544	20.104941697822	1
9	549	20.304941697822	1
9	575	22.251791427399	1
9	588	22.451791427399	1
9	599	22.651791427399	1
9	612	22.851791427399	1
9	628	23.051791427399	1
9	637	23.257680367739	1
9	653	23.457680367739	1
9	663	23.657680367739	1
9	673	23.857680367739	1
9	684	24.057680367739	1
9	694	24.257680367739	1
9	699	24.457680367739	1
9	717	25.893530138225	1
9	723	26.093530138225	1
9	744	27.025909959686	1
9	759	27.386300486044	1
9	769	27.598213007239	1
9	782	28.157984825573	1
9	815	30.249554394788	1
9	834	30.747919326639	1
9	849	31.148127022775	1
9	861	31.348127022775	1
9	881	32.292814348869	1
9	890	32.492814348869	1
9	896	32.692814348869	1
9	905	32.892814348869	1
9	931	34.229232724227	1
9	943	34.429232724227	1
9	954	34.629232724227	1
9	963	34.829232724227	1
9	969	35.029232724227	1
9	978	35.229232724227	1
9	997	35.715127018171	1
9	1002	35.915127018171	1
9	1008	36.115127018171	1
9	1022	36.315127018171	1
9	1029	36.522492698117	1
9	1038	36.722492698117	1
9	1052	37.063817197238	1
9	1063	37.390086523467	1
9	1076	37.590086523467	1
9	1085	37.948826066619	1
9	1102	38.411547907685	1
9	1107	38.611547907685	1
9	1121	39.279580728197	1
9	1145	39.860261739553	1
9	1152	40.060261739553	1
9	1158	40.260261739553	1
9	1164	40.460261739553	1
9	1178	41.377311820586	1
9	1200	42.158046677262	1
9	1206	42.358046677262	1
9	1228	44.5233222118	1
9	1245	44.945232365903	1
9	1267	45.383724761274	1
9	1280	45.583724761274	1
9	1298	45.950370201837	1
9	1304	46.150370201837	1
9	1316	46.350370201837	1
9	1340	47.104040876808	1
9	1347	47.304040876808	1
9	1353	47.504040876808	1
9	1359	47.704040876808	1
9	1371	47.904040876808	1
9	1387	48.29580674269	1
9	1392	48.49580674269	1
9	1398	48.69580674269	1
9	1414	49.312080289769	1
9	1423	49.69617117793	1
9	1444	50.33744064321	1
9	1453	50.53744064321	1
9	1472	51.338870715402	1
9	1480	51.538870715402	1
9	1485	51.738870715402	1
9	1505	53.140252150089	1
9	1517	53.632848695648	1
9	1536	55.067999628758	1
9	1551	55.414309143818	1
9	1561	55.649101806094	1
9	1574	56.318049228287	1
9	1590	56.770910425364	1
9	1599	57.075914095754	1
9	1612	57.618243218478	1
9	1631	58.097785936162	1
9	1641	58.455053528603	1
9	1656	59.00231328103	1
9	1679	59.320595186342	1
9	1693	59.610765210906	1
9	1704	59.810765210906	1
9	1713	60.010765210906	1
9	1718	60.210765210906	1
9	1728	60.410765210906	1
9	1750	61.160552835115	1
9	1757	61.360552835115	1
9	1763	61.560552835115	1
9	1769	61.760552835115	1
9	1774	61.960552835115	1
9	1791	62.693369438321	1
9	1804	63.070567339601	1
9	1813	63.270567339601	1
9	1822	63.589928497519	1
9	1835	64.274467881242	1
9	1852	64.91260428282	1
9	1874	66.830578813193	1
9	1880	67.030578813193	1
9	1903	67.700158591882	1
9	1916	67.95924777354	1
9	1925	68.30141389713	1
9	1945	69.166602415934	1
9	1960	69.671422896245	1
9	1966	69.871422896245	1
9	1982	70.434531311716	1
9	2003	71.047496621967	1
9	2014	71.247496621967	1
9	2020	71.447496621967	1
9	2030	71.647496621967	1
9	2048	72.363962249024	1
9	2054	72.563962249024	1
9	2071	73.137825819076	1
9	2077	73.337825819076	1
9	2091	74.336871380647	1
9	2116	75.665297197959	1
9	2128	75.865297197959	1
9	2140	76.097612916879	1
9	2158	76.590560538603	1
9	2166	76.790560538603	1
9	2175	76.990560538603	1
9	2192	77.75629137061	1
9	2206	78.096510018832	1
9	2212	78.296510018832	1
9	2224	78.702616079647	1
9	2241	79.192727419515	1
9	2257	80.047178618827	1
9	2270	80.422230773524	1
9	2279	80.797326456959	1
9	2292	81.260698703181	1
9	2316	82.660815500055	1
9	2322	82.860815500055	1
9	2343	83.457541849105	1
9	2353	83.740775363599	1
9	2367	84.192868167249	1
9	2379	84.392868167249	1
9	2391	84.676299012985	1
9	2401	84.931175779477	1
9	2418	85.344267567692	1
9	2424	85.544267567692	1
9	2437	86.234444592703	1
9	2456	87.505585372955	1
9	2476	88.327202531138	1
9	2497	88.592585403385	1
9	2507	88.792585403385	1
9	2512	88.992585403385	1
9	2522	89.192585403385	1
9	2537	90.260061250625	1
9	2559	90.764535594956	1
9	2567	91.034342005009	1
9	2577	91.234342005009	1
9	2596	91.890720122698	1
9	2607	92.090720122698	1
9	2612	92.290720122698	1
9	2618	92.490720122698	1
9	2632	93.552893461441	1
9	2668	96.477644422331	1
9	2721	100.222336311746	1
9	2734	100.556892759374	1
9	2753	101.505310408094	1
9	2763	101.705310408094	1
9	2783	102.587271465048	1
9	2788	102.787271465048	1
9	2794	102.987271465048	1
9	2804	103.187271465048	1
9	2822	103.801994750128	1
9	2827	104.001994750128	1
9	2840	104.503228213624	1
9	2853	105.038026816415	1
9	2866	105.789638141279	1
9	2888	107.679500015221	1
9	2901	108.273700410223	1
9	2918	108.931280193699	1
9	2942	110.2836612235	1
9	2948	110.4836612235	1
9	2964	110.6836612235	1
9	2978	111.013946090568	1
9	2994	111.213946090568	1
9	3000	111.413946090568	1
9	3010	111.613946090568	1
9	3036	113.808660818982	1
9	3042	114.008660818982	1
9	3054	114.208660818982	1
9	3072	115.4942519202	1
9	3086	115.6942519202	1
9	3096	115.895749586632	1
9	3110	116.308707904122	1
9	3122	116.508707904122	1
9	3128	116.773620740334	1
9	3145	117.600045239691	1
9	3158	117.919330342572	1
9	3176	118.330778984839	1
9	3182	118.553226860799	1
9	3197	119.075430498261	1
9	3213	119.452189649388	1
9	3219	119.704588584146	1
9	3231	120.120589925583	1
9	3244	120.628457473517	1
9	3269	121.524984646256	1
9	3282	121.90668267025	1
9	3293	122.10668267025	1
9	3298	122.30668267025	1
9	3310	122.50668267025	1
9	3319	122.714667935994	1
9	3336	123.064867387206	1
9	3349	123.335323190549	1
9	3358	123.535323190549	1
9	3364	123.735323190549	1
9	3373	123.935323190549	1
9	3382	124.287760304035	1
9	3402	124.795596078721	1
9	3427	126.065321034079	1
9	3437	126.265321034079	1
9	3448	126.465321034079	1
9	3458	126.665321034079	1
9	3463	126.865321034079	1
9	3469	127.065321034079	1
9	3475	127.265321034079	1
9	3488	127.912288421785	1
9	3508	128.548941839261	1
9	3517	128.872557722726	1
9	3536	129.311617998218	1
9	3547	129.540711292761	1
9	3564	129.821400647221	1
9	3575	130.021400647221	1
9	3589	130.221400647221	1
9	3594	130.421400647221	1
9	3607	130.621400647221	1
9	3617	130.821400647221	1
9	3625	131.021400647221	1
9	3633	131.221400647221	1
9	3642	131.421400647221	1
9	3655	131.785855888385	1
9	3668	131.985855888385	1
9	3681	132.272139164834	1
9	3690	132.472139164834	1
9	3702	132.672139164834	1
9	3707	132.872139164834	1
9	3727	133.798399406438	1
9	3732	133.998399406438	1
9	3746	134.865108341623	1
9	3769	135.701505217269	1
9	3780	136.014904462243	1
9	3786	136.214904462243	1
9	3802	136.78497564172	1
9	3808	136.98497564172	1
9	3827	137.595603510356	1
9	3843	137.873318945121	1
9	3849	138.102828513309	1
9	3866	138.694241399904	1
9	3878	138.894241399904	1
9	3888	139.150277057808	1
9	3900	139.350277057808	1
9	3918	139.621325713436	1
9	3929	139.821325713436	1
9	3936	140.021325713436	1
9	3942	140.221325713436	1
9	3961	141.507486729587	1
9	3967	141.707486729587	1
9	3986	142.724933668911	1
9	3992	142.924933668911	1
9	4012	143.505138442878	1
9	4021	143.890228278301	1
9	4042	144.922715513661	1
9	4051	145.197723413305	1
9	4067	145.59577916363	1
9	4076	145.975237132648	1
9	4097	147.751350748526	1
9	4114	148.425036356393	1
9	4128	149.163695278487	1
9	4147	150.502083246535	1
9	4165	150.910463252053	1
9	4170	151.110463252053	1
9	4193	151.738406899253	1
9	4208	152.136301228211	1
9	4215	152.336301228211	1
9	4227	152.536301228211	1
9	4233	152.790533903874	1
9	4249	153.260846374881	1
9	4267	153.844986242967	1
9	4273	154.044986242967	1
9	4299	154.889448634824	1
9	4306	155.089448634824	1
9	4312	155.289448634824	1
9	4318	155.489448634824	1
9	4339	156.060664962443	1
9	4348	156.260664962443	1
9	4363	156.670402302293	1
9	4368	156.870402302293	1
9	4381	157.343112002013	1
9	4400	157.841495449844	1
9	4410	158.104080583802	1
9	4416	158.304080583802	1
9	4437	160.042348698931	1
9	4454	161.897026749162	1
9	4471	162.499997769794	1
9	4494	163.524544506167	1
9	4502	163.724544506167	1
9	4515	164.07850676886	1
9	4537	165.583512867542	1
9	4551	165.789672445576	1
9	4564	166.067124995165	1
9	4575	166.405615615144	1
9	4584	166.605615615144	1
9	4593	166.944623761422	1
9	4616	169.50185563476	1
9	4634	170.130277146505	1
9	4652	170.648778309524	1
9	4662	170.848778309524	1
9	4677	171.442758552299	1
9	4686	171.642758552299	1
9	4699	172.029162064577	1
9	4718	173.126605370825	1
9	4726	173.326605370825	1
9	4741	173.659415775155	1
9	4747	173.903792910305	1
9	4767	174.511398299338	1
9	4784	175.624074386939	1
9	4790	175.824074386939	1
9	4803	176.658867124217	1
9	4823	178.144132441144	1
9	4842	178.720515133305	1
9	4848	178.937352075157	1
9	4872	180.016926072846	1
9	4893	180.710109819993	1
9	4912	181.962216850115	1
9	4922	182.162216850115	1
9	4943	182.73652010544	1
9	4948	182.93652010544	1
9	4961	183.13652010544	1
9	4982	184.418882458474	1
9	4988	184.618882458474	1
9	4996	184.818882458474	1
9	5009	185.018882458474	1
9	5020	185.325962583974	1
9	5026	185.525962583974	1
9	5041	186.849284857018	1
9	5059	187.298711034265	1
9	5064	187.498711034265	1
9	5083	188.529790549595	1
9	5099	190.048214466595	1
9	5123	190.794866446709	1
9	5139	190.994866446709	1
9	5149	191.241220982071	1
9	5162	191.441220982071	1
9	5173	191.641220982071	1
9	5183	191.846304373763	1
9	5194	192.046304373763	1
9	5203	192.246304373763	1
9	5213	192.446304373763	1
9	5222	192.646304373763	1
9	5236	193.012736072851	1
9	5244	193.212736072851	1
9	5260	193.585194108314	1
9	5266	193.829491302507	1
9	5284	195.217667448832	1
9	5305	195.561417082981	1
9	5321	195.761417082981	1
9	5331	195.961417082981	1
9	5336	196.161417082981	1
9	5342	196.361417082981	1
9	5348	196.561417082981	1
9	5360	197.086049916032	1
9	5388	199.292447388187	1
9	5402	199.492447388187	1
9	5410	199.710796970233	1
9	5416	199.910796970233	1

