version 3
run FeedbackVersion-10-20240511-20:48:08-11935
attr configname FeedbackVersion
attr datetime 20240511-20:48:08
attr datetimef 20240511-204808
attr experiment FeedbackVersion
attr inifile omnetpp.ini
attr iterationvars $genInterval=0.6
attr iterationvarsd genInterval=0.6
attr iterationvarsf genInterval=0.6-
attr measurement $genInterval=0.6
attr network NetworkFV
attr processid 11935
attr repetition 0
attr replication #0
attr resultdir results
attr runnumber 10
attr seedset 10
itervar genInterval 0.6
config network NetworkFV
config sim-time-limit 200s
config NetworkFV.nodeTx.gen.generationInterval exponential(0.6)
config NetworkFV.nodeTx.gen.packetByteSize 12500
config NetworkFV.queueOne.bufferSize 200
config NetworkFV.nodeRx.queue.bufferSize 200
config NetworkFV.nodeTx.queue.bufferSize 2000000
config NetworkFV.queueZero.bufferSize 200

vector 0 NetworkFV.nodeRx.queue PacketsLost ETV
vector 1 NetworkFV.nodeRx.queue PacketsAsked ETV
vector 2 NetworkFV.queueOne bufferSize ETV
vector 3 NetworkFV.nodeTx.gen packetGen ETV
vector 4 NetworkFV.nodeTx.queue BufferSize ETV
vector 5 NetworkFV.nodeTx.queue PacketsSent ETV
vector 6 NetworkFV.queueZero bufferSize ETV
vector 7 NetworkFV.nodeRx.queue BufferSize ETV
vector 8 NetworkFV.nodeRx.sink Delay ETV
vector 9 NetworkFV.nodeRx.sink packetUsed ETV
0	1	0	1
0	6	0.2	1
0	7	0.4	1
0	8	0.6	1
0	9	0.8	1
0	16	1	1
0	49	1.8004	1
0	71	2.4008	1
0	90	3.3014	1
0	97	3.6016	1
0	104	4.202	1
0	111	4.5022	1
0	137	5.4028	1
0	183	6.6036	1
0	194	7.204	1
0	206	7.5042	1
0	274	9.3054	1
0	284	9.9058	1
0	285	10.206	1
0	286	10.5062	1
0	291	10.8064	1
0	295	11.1066	1
0	305	11.707	1
0	306	12.0072	1
0	317	12.3074	1
0	356	13.5082	1
0	357	13.8084	1
0	361	14.1086	1
0	371	14.709	1
0	372	15.0092	1
0	382	15.3094	1
0	401	15.6096	1
0	412	15.9098	1
0	437	16.8104	1
0	444	17.4108	1
0	445	17.711	1
0	452	18.0112	1
0	478	18.9118	1
0	488	19.5122	1
0	489	19.8124	1
0	490	20.1126	1
0	494	20.4128	1
0	510	21.0132	1
0	524	21.6136	1
0	586	23.4148	1
0	596	23.715	1
0	618	24.3154	1
0	631	24.9158	1
0	664	26.1166	1
0	665	26.4168	1
0	672	26.717	1
0	708	27.6176	1
0	784	30.0192	1
0	791	30.3194	1
0	802	30.9198	1
0	808	31.22	1
0	844	32.4208	1
0	851	33.0212	1
0	852	33.3214	1
0	856	33.6216	1
0	904	34.8224	1
0	976	36.6236	1
0	986	37.224	1
0	987	37.5242	1
0	993	37.8244	1
0	1060	39.9258	1
0	1067	40.226	1
0	1074	40.8264	1
0	1078	41.1266	1
0	1115	42.3274	1
0	1122	42.9278	1
0	1127	43.228	1
0	1134	43.5282	1
0	1141	44.1286	1
0	1145	44.4288	1
0	1179	45.6296	1
0	1186	45.9298	1
0	1200	46.23	1
0	1210	46.5302	1
0	1221	47.1306	1
0	1222	47.4308	1
0	1226	47.731	1
0	1248	48.6316	1
0	1249	48.9318	1
0	1256	49.232	1
0	1263	49.8324	1
0	1264	50.1326	1
0	1265	50.4328	1
0	1270	50.733	1
0	1271	51.0332	1
0	1272	51.3334	1
0	1279	51.6336	1
0	1329	53.1346	1
0	1333	53.4348	1
0	1376	54.6356	1
0	1377	54.9358	1
0	1384	55.236	1
0	1406	56.1366	1
0	1415	56.4368	1
0	1429	57.0372	1
0	1470	58.5382	1
0	1471	58.8384	1
0	1472	59.1386	1
0	1473	59.4388	1
0	1480	59.739	1
0	1503	60.6396	1
0	1504	60.9398	1
0	1505	61.24	1
0	1506	61.5402	1
0	1507	61.8404	1
0	1508	62.1406	1
0	1513	62.4408	1
0	1520	62.741	1
0	1533	63.0412	1
0	1540	63.3414	1
0	1550	63.6416	1
0	1557	63.9418	1
0	1568	64.5422	1
0	1577	64.8424	1
0	1605	65.743	1
0	1638	66.9438	1
0	1639	67.244	1
0	1646	67.5442	1
0	1699	69.0452	1
0	1710	69.3454	1
0	1796	71.4468	1
0	1805	71.747	1
0	1928	74.4488	1
0	1992	76.25	1
0	1993	76.5502	1
0	2000	76.8504	1
0	2019	77.751	1
0	2026	78.0512	1
0	2043	78.6516	1
0	2050	79.252	1
0	2051	79.5522	1
0	2058	79.8524	1
0	2092	81.0532	1
0	2108	81.6536	1
0	2119	82.254	1
0	2123	82.5542	1
0	2141	83.1546	1
0	2181	84.3554	1
0	2331	87.6576	1
0	2362	88.8584	1
0	2369	89.1586	1
0	2418	90.6596	1
0	2419	90.9598	1
0	2420	91.26	1
0	2425	91.5602	1
0	2426	91.8604	1
0	2433	92.1606	1
0	2440	92.761	1
0	2441	93.0612	1
0	2448	93.3614	1
0	2468	93.6616	1
0	2479	94.262	1
0	2480	94.5622	1
0	2481	94.8624	1
0	2482	95.1626	1
0	2489	95.4628	1
0	2518	96.3634	1
0	2525	96.9638	1
0	2526	97.264	1
0	2527	97.5642	1
0	2528	97.8644	1
0	2529	98.1646	1
0	2542	98.4648	1
0	2591	99.9658	1
0	2592	100.266	1
0	2601	100.5662	1
0	2646	101.767	1
0	2664	102.6676	1
0	2668	102.9678	1
0	2682	103.5682	1
0	2683	103.8684	1
0	2692	104.1686	1
0	2735	105.3694	1
0	2742	105.9698	1
0	2748	106.27	1
0	2776	107.1706	1
0	2793	107.771	1
0	2812	108.6716	1
0	2821	108.9718	1
0	2832	109.5722	1
0	2833	109.8724	1
0	2840	110.1726	1
0	2902	111.6736	1
0	2969	113.4748	1
0	3080	116.4768	1
0	3081	116.777	1
0	3088	117.0772	1
0	3164	118.8784	1
0	3187	119.779	1
0	3188	120.0792	1
0	3189	120.3794	1
0	3190	120.6796	1
0	3191	120.9798	1
0	3196	121.28	1
0	3203	121.5802	1
0	3210	122.1806	1
0	3220	122.4808	1
0	3250	123.6816	1
0	3266	124.282	1
0	3277	124.8824	1
0	3278	125.1826	1
0	3279	125.4828	1
0	3280	125.783	1
0	3281	126.0832	1
0	3292	126.3834	1
1	1	0	2
1	32	1.398404707713	2
1	56	2.020417977924	4
1	113	4.672915954934	6
1	185	6.653877496298	10
1	286	10.5062	5
1	347	13.065432085844	5
1	382	15.3094	2
1	395	15.599040513282	2
1	422	16.300383687409	3
1	466	18.354024864946	5
1	510	21.0132	2
1	533	21.852258674018	2
1	555	22.406067605315	4
1	606	24.003829219307	6
1	688	27.064562473682	9
1	793	30.467904139262	14
1	856	33.6216	7
1	936	35.467600151615	7
1	1017	38.431811331948	10
1	1122	42.9278	5
1	1186	45.9298	1
1	1192	46.027470155136	1
1	1212	46.57362894867	2
1	1239	48.219459947619	4
1	1265	50.4328	2
1	1293	51.993373085911	2
1	1320	52.571367545245	3
1	1367	54.240537745322	4
1	1417	56.526644595051	6
1	1480	59.739	3
1	1508	62.1406	1
1	1525	62.815854600387	1
1	1542	63.445741413799	1
1	1559	63.976516257877	2
1	1593	65.226160000594	3
1	1629	66.355546459403	5
1	1690	68.726446799878	8
1	1787	70.941326470131	12
1	1911	73.958240308583	19
1	2026	78.0512	9
1	2108	81.6536	3
1	2145	83.277925737861	3
1	2185	84.468082206267	4
1	2237	85.488655858812	7
1	2304	86.986739415256	10
1	2420	91.26	5
1	2448	93.3614	1
1	2457	93.44953612459	1
1	2470	93.698579852699	2
1	2503	95.994445705922	4
1	2529	98.1646	2
1	2555	98.859877895439	2
1	2582	99.525126606941	3
1	2620	101.078294908846	4
1	2673	103.18461699533	6
1	2748	106.27	3
1	2778	107.311265234478	3
1	2823	109.076976596005	5
1	2887	111.155998017536	7
1	2974	113.502198289425	11
1	3093	117.216142887622	17
1	3191	120.9798	8
1	3266	124.282	2
1	3292	126.3834	0
2	2	0	1
2	34	1.398404707713	1
2	58	2.020417977924	1
2	115	4.672915954934	1
2	187	6.653877496298	1
2	287	10.5062	1
2	349	13.065432085844	1
2	383	15.3094	1
2	397	15.599040513282	1
2	424	16.300383687409	1
2	468	18.354024864946	1
2	511	21.0132	1
2	535	21.852258674018	1
2	557	22.406067605315	1
2	608	24.003829219307	1
2	690	27.064562473682	1
2	795	30.467904139262	1
2	857	33.6216	1
2	938	35.467600151615	1
2	1019	38.431811331948	1
2	1123	42.9278	1
2	1187	45.9298	1
2	1194	46.027470155136	1
2	1214	46.57362894867	1
2	1241	48.219459947619	1
2	1266	50.4328	1
2	1295	51.993373085911	1
2	1322	52.571367545245	1
2	1369	54.240537745322	1
2	1419	56.526644595051	1
2	1481	59.739	1
2	1509	62.1406	1
2	1527	62.815854600387	1
2	1544	63.445741413799	1
2	1561	63.976516257877	1
2	1595	65.226160000594	1
2	1631	66.355546459403	1
2	1692	68.726446799878	1
2	1789	70.941326470131	1
2	1913	73.958240308583	1
2	2027	78.0512	1
2	2109	81.6536	1
2	2147	83.277925737861	1
2	2187	84.468082206267	1
2	2239	85.488655858812	1
2	2306	86.986739415256	1
2	2421	91.26	1
2	2449	93.3614	1
2	2459	93.44953612459	1
2	2472	93.698579852699	1
2	2505	95.994445705922	1
2	2530	98.1646	1
2	2557	98.859877895439	1
2	2584	99.525126606941	1
2	2622	101.078294908846	1
2	2675	103.18461699533	1
2	2749	106.27	1
2	2780	107.311265234478	1
2	2825	109.076976596005	1
2	2889	111.155998017536	1
2	2976	113.502198289425	1
2	3095	117.216142887622	1
2	3192	120.9798	1
2	3267	124.282	1
2	3293	126.3834	1
3	10	0.885260666985	1
3	17	1.098204707713	1
3	20	1.110786884288	1
3	41	1.520217977924	1
3	65	2.122714752752	1
3	75	2.473844876294	1
3	91	3.302757656789	1
3	105	4.372715954934	1
3	121	4.786815349299	1
3	134	5.312079900445	1
3	141	5.464857837894	1
3	144	5.480154214266	1
3	151	5.612589248779	1
3	177	6.353677496298	1
3	195	7.21127555901	1
3	201	7.39646874993	1
3	207	7.507624070724	1
3	217	7.691215488735	1
3	223	7.746708266185	1
3	230	7.844486413032	1
3	256	8.538281749246	1
3	271	9.229144928029	1
3	292	11.068752075178	1
3	307	12.086409513648	1
3	310	12.088783163029	1
3	318	12.334531727842	1
3	334	12.765232085844	1
3	358	14.094067447467	1
3	373	15.098840513282	1
3	379	15.231319655933	1
3	404	15.800183687409	1
3	407	15.818840765396	1
3	431	16.586393394878	1
3	446	17.846743173386	1
3	453	18.053824864946	1
3	475	18.833752886188	1
3	491	20.332724018173	1
3	504	20.799791434058	1
3	521	21.552058674018	1
3	525	21.63662237845	1
3	545	22.105867605315	1
3	561	22.426188426755	1
3	567	22.518198060657	1
3	587	23.423217802749	1
3	593	23.703629219307	1
3	615	24.229728988484	1
3	628	24.902489701689	1
3	635	25.023488804893	1
3	646	25.373347240215	1
3	666	26.42285091698	1
3	676	26.764362473682	1
3	681	26.831190853246	1
3	697	27.408225772667	1
3	704	27.60831620776	1
3	722	28.040181245393	1
3	725	28.080868059397	1
3	749	28.711442610506	1
3	752	28.746302468641	1
3	769	29.297637361279	1
3	785	30.167704139262	1
3	803	31.149244740556	1
3	806	31.156359577891	1
3	820	31.598803565521	1
3	838	32.166765912187	1
3	853	33.602592785494	1
3	864	33.844567299654	1
3	876	34.075291128587	1
3	894	34.567400151615	1
3	897	34.62428950407	1
3	908	34.869521427159	1
3	918	35.084126742884	1
3	931	35.401910188411	1
3	942	35.474522596086	1
3	947	35.522504298052	1
3	973	36.58104220554	1
3	988	37.731611331948	1
3	991	37.760430284329	1
3	1002	38.108307937847	1
3	1025	38.698868472116	1
3	1029	38.776902351272	1
3	1045	39.252797104626	1
3	1061	40.042264250509	1
3	1075	41.068771337714	1
3	1079	41.15841622854	1
3	1086	41.29151353276	1
3	1109	42.165234812161	1
3	1128	43.331553407246	1
3	1142	44.401791638459	1
3	1149	44.661788843428	1
3	1161	44.884234087796	1
3	1180	45.727270155136	1
3	1201	46.27342894867	1
3	1207	46.483982463912	1
3	1223	47.719259947619	1
3	1250	49.011430500819	1
3	1273	51.456892571404	1
3	1280	51.693173085911	1
3	1299	52.071167545245	1
3	1307	52.17937310067	1
3	1330	53.430622287649	1
3	1337	53.729693038005	1
3	1349	53.940337745322	1
3	1352	53.999210070371	1
3	1361	54.083658352506	1
3	1378	55.116234288052	1
3	1407	56.226444595051	1
3	1410	56.324769692989	1
3	1426	56.970357256825	1
3	1435	57.26117373085	1
3	1457	57.804146277589	1
3	1474	59.536388263524	1
3	1488	59.880385272418	1
3	1514	62.515654600387	1
3	1521	62.779921803394	1
3	1534	63.145541413799	1
3	1551	63.676316257877	1
3	1569	64.725960000594	1
3	1572	64.823098300394	1
3	1580	64.99680786037	1
3	1586	65.109501647194	1
3	1602	65.655346459403	1
3	1616	65.959013031303	1
3	1640	67.357799827367	1
3	1662	67.967386193212	1
3	1679	68.426246799878	1
3	1686	68.705872840139	1
3	1700	69.241126470131	1
3	1703	69.242572268564	1
3	1705	69.266616735804	1
3	1726	69.744145229598	1
3	1737	70.009281193152	1
3	1742	70.090753677668	1
3	1746	70.140530363637	1
3	1751	70.190424138868	1
3	1763	70.409127383864	1
3	1772	70.569885324716	1
3	1780	70.81081637004	1
3	1797	71.458040308583	1
3	1829	72.349922108845	1
3	1839	72.495129272875	1
3	1842	72.519596976797	1
3	1850	72.655772432191	1
3	1867	72.992509473204	1
3	1880	73.282110069831	1
3	1890	73.509047886636	1
3	1901	73.661884769821	1
3	1920	74.269055743754	1
3	1923	74.342118269907	1
3	1936	74.597225595442	1
3	1955	75.122051570078	1
3	1958	75.148483742987	1
3	1968	75.307364107861	1
3	1994	76.579098241756	1
3	2006	77.066957331825	1
3	2020	77.931383800689	1
3	2037	78.376547921936	1
3	2052	79.639263943808	1
3	2059	79.898618861325	1
3	2074	80.222883937853	1
3	2089	80.956026737138	1
3	2102	81.514226397333	1
3	2120	82.545455865065	1
3	2133	82.977725737861	1
3	2136	83.064438155561	1
3	2159	83.610976314337	1
3	2172	84.167882206267	1
3	2178	84.350344438762	1
3	2191	84.550076193138	1
3	2202	84.764828461684	1
3	2220	85.188455858812	1
3	2223	85.203892614461	1
3	2225	85.227424352556	1
3	2233	85.444060132402	1
3	2246	85.686539415256	1
3	2257	85.852842614319	1
3	2259	85.853006153426	1
3	2281	86.342301072797	1
3	2310	86.997859167963	1
3	2325	87.498004459435	1
3	2332	87.782354264574	1
3	2347	88.169119631774	1
3	2363	88.995120869376	1
3	2370	89.202984216482	1
3	2373	89.293879794969	1
3	2381	89.33372463643	1
3	2395	89.628386915297	1
3	2427	91.94118140222	1
3	2442	93.14933612459	1
3	2453	93.398379852699	1
3	2483	95.284269815314	1
3	2495	95.694245705922	1
3	2510	96.094211564498	1
3	2534	98.359677895439	1
3	2537	98.426862673503	1
3	2551	98.775583440658	1
3	2563	99.024926606941	1
3	2572	99.254802031283	1
3	2593	100.337967113118	1
3	2607	100.778094908846	1
3	2626	101.153883512331	1
3	2641	101.671727505761	1
3	2644	101.730200018807	1
3	2665	102.88441699533	1
3	2684	104.041765643434	1
3	2687	104.084081747311	1
3	2695	104.330903616438	1
3	2711	104.705670767217	1
3	2729	105.264736904683	1
3	2743	106.178553024589	1
3	2746	106.25027236625	1
3	2770	107.011065234478	1
3	2787	107.482118050751	1
3	2799	108.011283484756	1
3	2813	108.776776596005	1
3	2816	108.799456544122	1
3	2834	110.004579684975	1
3	2843	110.263655645855	1
3	2849	110.358842893758	1
3	2869	110.855798017536	1
3	2875	110.921272620402	1
3	2883	111.135046093168	1
3	2896	111.539705744271	1
3	2912	111.97058065881	1
3	2916	111.988348907714	1
3	2942	112.659883325882	1
3	2957	113.201998289425	1
3	2963	113.306034692265	1
3	2966	113.444321025598	1
3	2970	113.475398766944	1
3	2982	113.611390822672	1
3	2991	113.858717810178	1
3	3027	114.973941706995	1
3	3031	115.042558096778	1
3	3036	115.080683987956	1
3	3040	115.198952263632	1
3	3058	115.613918102832	1
3	3082	116.915942887622	1
3	3089	117.087326963597	1
3	3101	117.360150083839	1
3	3110	117.597884473292	1
3	3119	117.746015383965	1
3	3122	117.747767591322	1
3	3153	118.585565122181	1
3	3159	118.795676016248	1
3	3162	118.863496330222	1
3	3197	121.464084033144	1
3	3211	122.28304625679	1
3	3217	122.446393528937	1
3	3232	122.82707747404	1
3	3247	123.620273069299	1
3	3260	124.167436696263	1
3	3282	126.132654991494	1
3	3285	126.22848882805	1
3	3309	127.242408571766	1
3	3313	127.364438730311	1
3	3318	128.075386049031	1
3	3323	128.696890463835	1
3	3327	128.838852777561	1
3	3330	128.868762856425	1
3	3334	129.306455481279	1
3	3338	129.477955754535	1
3	3347	131.271447987915	1
3	3351	131.740515059806	1
3	3357	132.454900034582	1
3	3360	132.609209866798	1
3	3368	134.019423171488	1
3	3372	134.307612212998	1
3	3377	134.93390333708	1
3	3385	136.466324538094	1
3	3389	136.720473401148	1
3	3397	138.277495519701	1
3	3400	138.318140332375	1
3	3405	138.820004443292	1
3	3408	138.969564427377	1
3	3413	139.427025342074	1
3	3416	139.515689254289	1
3	3419	139.524672176182	1
3	3425	140.342912847682	1
3	3436	142.630199464202	1
3	3439	142.885622187588	1
3	3444	143.396245562823	1
3	3449	143.913418365291	1
3	3455	144.854848126166	1
3	3458	144.965456401309	1
3	3463	145.46017218236	1
3	3466	145.483399029074	1
3	3473	146.742379125601	1
3	3480	147.761920237995	1
3	3484	148.28844476106	1
3	3491	149.292718160014	1
3	3496	150.033067810122	1
3	3500	150.158342776387	1
3	3503	150.254819817283	1
3	3507	150.534964772536	1
3	3511	150.87060753244	1
3	3517	151.688604721478	1
3	3522	152.398891310234	1
3	3526	152.52255092189	1
3	3529	152.588854991918	1
3	3533	152.909309298143	1
3	3537	153.256777582934	1
3	3541	153.41438032046	1
3	3544	153.523438891231	1
3	3549	154.159575268485	1
3	3553	154.583896919756	1
3	3559	155.451204541624	1
3	3566	156.476878371137	1
3	3572	157.557524893352	1
3	3576	157.614181680199	1
3	3579	157.757298082402	1
3	3585	158.723167104279	1
3	3595	160.684741443285	1
3	3599	161.184361304648	1
3	3603	161.365949673462	1
3	3608	161.899954734731	1
3	3615	163.096001983993	1
3	3618	163.228465298816	1
3	3622	163.309870829054	1
3	3626	163.653617261329	1
3	3630	163.931698404554	1
3	3633	164.142202540936	1
3	3639	164.810925057387	1
3	3642	164.833893739427	1
3	3650	166.463412330207	1
3	3653	166.482111615341	1
3	3658	166.973201183556	1
3	3662	167.335300256865	1
3	3667	168.004967355194	1
3	3673	168.824542666427	1
3	3676	168.872654218653	1
3	3681	169.361565756846	1
3	3684	169.534083993721	1
3	3688	169.825874641694	1
3	3692	170.089518689913	1
3	3695	170.199924895888	1
3	3699	170.214151487931	1
3	3705	171.307215486709	1
3	3714	172.948428426447	1
3	3718	173.496782245345	1
3	3722	173.637910184613	1
3	3728	174.553836944645	1
3	3733	175.069744870756	1
3	3739	176.202083032281	1
3	3744	176.724081427609	1
3	3749	177.278619195858	1
3	3753	177.438501307268	1
3	3759	178.349877536147	1
3	3763	178.745680828799	1
3	3768	179.319537475138	1
3	3772	179.794712753665	1
3	3775	179.807548184139	1
3	3783	181.040104036675	1
3	3788	181.872996742033	1
3	3798	183.868139378064	1
3	3801	183.984320908347	1
3	3805	184.090084457245	1
3	3809	184.45814753356	1
3	3812	184.468368222565	1
3	3816	184.900214116103	1
3	3819	184.91052010833	1
3	3824	185.307533511375	1
3	3827	185.440546554023	1
3	3834	186.556771762292	1
3	3842	187.929661918509	1
3	3845	188.044949719947	1
3	3851	188.969613221503	1
3	3854	188.978459033453	1
3	3859	189.673327325128	1
3	3866	190.80667585769	1
3	3870	191.04386512454	1
3	3876	191.858313382555	1
3	3880	192.173359826171	1
3	3884	192.539413277125	1
3	3889	193.051224371094	1
3	3893	193.37486068737	1
3	3896	193.375452980306	1
3	3899	193.449927254545	1
3	3905	194.281350067013	1
3	3909	194.529459745803	1
3	3914	195.363253425372	1
3	3917	195.422919621514	1
3	3921	195.712916472116	1
3	3927	196.467827886003	1
3	3931	196.747854288485	1
3	3934	196.795985432367	1
3	3941	197.9056765778	1
3	3944	198.044042082135	1
3	3950	198.898555667977	1
3	3955	199.410230142625	1
3	3958	199.518986820584	1
3	3962	199.727727709099	1
4	11	0.885260666985	1
4	18	1.098204707713	1
4	21	1.110786884288	1
4	42	1.520217977924	2
4	66	2.122714752752	1
4	76	2.473844876294	1
4	92	3.302757656789	1
4	106	4.372715954934	1
4	122	4.786815349299	1
4	135	5.312079900445	1
4	142	5.464857837894	1
4	145	5.480154214266	1
4	152	5.612589248779	1
4	178	6.353677496298	1
4	196	7.21127555901	1
4	202	7.39646874993	1
4	208	7.507624070724	1
4	218	7.691215488735	1
4	224	7.746708266185	1
4	231	7.844486413032	1
4	257	8.538281749246	1
4	272	9.229144928029	1
4	293	11.068752075178	1
4	308	12.086409513648	1
4	311	12.088783163029	1
4	319	12.334531727842	1
4	335	12.765232085844	1
4	359	14.094067447467	1
4	374	15.098840513282	1
4	380	15.231319655933	1
4	405	15.800183687409	1
4	408	15.818840765396	1
4	432	16.586393394878	1
4	447	17.846743173386	1
4	454	18.053824864946	1
4	476	18.833752886188	1
4	492	20.332724018173	1
4	505	20.799791434058	1
4	522	21.552058674018	1
4	526	21.63662237845	1
4	546	22.105867605315	1
4	562	22.426188426755	1
4	568	22.518198060657	1
4	588	23.423217802749	1
4	594	23.703629219307	1
4	616	24.229728988484	1
4	629	24.902489701689	1
4	636	25.023488804893	1
4	647	25.373347240215	1
4	667	26.42285091698	1
4	677	26.764362473682	1
4	682	26.831190853246	1
4	698	27.408225772667	2
4	705	27.60831620776	1
4	723	28.040181245393	1
4	726	28.080868059397	1
4	750	28.711442610506	1
4	753	28.746302468641	1
4	770	29.297637361279	1
4	786	30.167704139262	1
4	804	31.149244740556	1
4	807	31.156359577891	1
4	821	31.598803565521	1
4	839	32.166765912187	1
4	854	33.602592785494	1
4	865	33.844567299654	1
4	877	34.075291128587	1
4	895	34.567400151615	1
4	898	34.62428950407	1
4	909	34.869521427159	1
4	919	35.084126742884	1
4	932	35.401910188411	1
4	943	35.474522596086	1
4	948	35.522504298052	1
4	974	36.58104220554	1
4	989	37.731611331948	1
4	992	37.760430284329	1
4	1003	38.108307937847	1
4	1026	38.698868472116	1
4	1030	38.776902351272	1
4	1046	39.252797104626	1
4	1062	40.042264250509	1
4	1076	41.068771337714	1
4	1080	41.15841622854	1
4	1087	41.29151353276	1
4	1110	42.165234812161	1
4	1129	43.331553407246	1
4	1143	44.401791638459	1
4	1150	44.661788843428	1
4	1162	44.884234087796	1
4	1181	45.727270155136	1
4	1202	46.27342894867	1
4	1208	46.483982463912	1
4	1224	47.719259947619	2
4	1251	49.011430500819	1
4	1274	51.456892571404	1
4	1281	51.693173085911	1
4	1300	52.071167545245	1
4	1308	52.17937310067	1
4	1331	53.430622287649	1
4	1338	53.729693038005	1
4	1350	53.940337745322	1
4	1353	53.999210070371	1
4	1362	54.083658352506	2
4	1379	55.116234288052	3
4	1408	56.226444595051	1
4	1411	56.324769692989	1
4	1427	56.970357256825	2
4	1436	57.26117373085	1
4	1458	57.804146277589	1
4	1475	59.536388263524	1
4	1489	59.880385272418	1
4	1515	62.515654600387	1
4	1522	62.779921803394	1
4	1535	63.145541413799	2
4	1552	63.676316257877	2
4	1570	64.725960000594	2
4	1573	64.823098300394	2
4	1581	64.99680786037	2
4	1587	65.109501647194	3
4	1603	65.655346459403	4
4	1617	65.959013031303	2
4	1641	67.357799827367	3
4	1663	67.967386193212	1
4	1680	68.426246799878	1
4	1687	68.705872840139	1
4	1701	69.241126470131	2
4	1704	69.242572268564	2
4	1706	69.266616735804	3
4	1727	69.744145229598	1
4	1738	70.009281193152	1
4	1743	70.090753677668	1
4	1747	70.140530363637	1
4	1752	70.190424138868	2
4	1764	70.409127383864	2
4	1773	70.569885324716	3
4	1781	70.81081637004	4
4	1798	71.458040308583	5
4	1830	72.349922108845	1
4	1840	72.495129272875	1
4	1843	72.519596976797	1
4	1851	72.655772432191	1
4	1868	72.992509473204	1
4	1881	73.282110069831	1
4	1891	73.509047886636	1
4	1902	73.661884769821	1
4	1921	74.269055743754	2
4	1924	74.342118269907	2
4	1937	74.597225595442	1
4	1956	75.122051570078	1
4	1959	75.148483742987	1
4	1969	75.307364107861	1
4	1995	76.579098241756	1
4	2007	77.066957331825	1
4	2021	77.931383800689	1
4	2038	78.376547921936	1
4	2053	79.639263943808	1
4	2060	79.898618861325	1
4	2075	80.222883937853	1
4	2090	80.956026737138	1
4	2103	81.514226397333	1
4	2121	82.545455865065	1
4	2134	82.977725737861	1
4	2137	83.064438155561	1
4	2160	83.610976314337	1
4	2173	84.167882206267	1
4	2179	84.350344438762	1
4	2192	84.550076193138	1
4	2203	84.764828461684	1
4	2221	85.188455858812	1
4	2224	85.203892614461	1
4	2226	85.227424352556	2
4	2234	85.444060132402	2
4	2247	85.686539415256	3
4	2258	85.852842614319	2
4	2260	85.853006153426	3
4	2282	86.342301072797	1
4	2311	86.997859167963	1
4	2326	87.498004459435	1
4	2333	87.782354264574	1
4	2348	88.169119631774	1
4	2364	88.995120869376	1
4	2371	89.202984216482	1
4	2374	89.293879794969	1
4	2382	89.33372463643	1
4	2396	89.628386915297	1
4	2428	91.94118140222	1
4	2443	93.14933612459	1
4	2454	93.398379852699	1
4	2484	95.284269815314	1
4	2496	95.694245705922	1
4	2511	96.094211564498	1
4	2535	98.359677895439	1
4	2538	98.426862673503	1
4	2552	98.775583440658	1
4	2564	99.024926606941	2
4	2573	99.254802031283	1
4	2594	100.337967113118	2
4	2608	100.778094908846	1
4	2627	101.153883512331	1
4	2642	101.671727505761	1
4	2645	101.730200018807	1
4	2666	102.88441699533	1
4	2685	104.041765643434	1
4	2688	104.084081747311	1
4	2696	104.330903616438	1
4	2712	104.705670767217	1
4	2730	105.264736904683	1
4	2744	106.178553024589	1
4	2747	106.25027236625	1
4	2771	107.011065234478	1
4	2788	107.482118050751	1
4	2800	108.011283484756	1
4	2814	108.776776596005	1
4	2817	108.799456544122	1
4	2835	110.004579684975	2
4	2844	110.263655645855	1
4	2850	110.358842893758	1
4	2870	110.855798017536	1
4	2876	110.921272620402	1
4	2884	111.135046093168	2
4	2897	111.539705744271	3
4	2913	111.97058065881	1
4	2917	111.988348907714	1
4	2943	112.659883325882	1
4	2958	113.201998289425	1
4	2964	113.306034692265	1
4	2967	113.444321025598	2
4	2971	113.475398766944	3
4	2983	113.611390822672	4
4	2992	113.858717810178	2
4	3028	114.973941706995	1
4	3032	115.042558096778	1
4	3037	115.080683987956	1
4	3041	115.198952263632	1
4	3059	115.613918102832	1
4	3083	116.915942887622	1
4	3090	117.087326963597	1
4	3102	117.360150083839	2
4	3111	117.597884473292	1
4	3120	117.746015383965	1
4	3123	117.747767591322	1
4	3154	118.585565122181	1
4	3160	118.795676016248	1
4	3163	118.863496330222	1
4	3198	121.464084033144	1
4	3212	122.28304625679	1
4	3218	122.446393528937	1
4	3233	122.82707747404	1
4	3248	123.620273069299	1
4	3261	124.167436696263	1
4	3283	126.132654991494	1
4	3286	126.22848882805	1
4	3310	127.242408571766	1
4	3314	127.364438730311	2
4	3319	128.075386049031	3
4	3324	128.696890463835	4
4	3328	128.838852777561	5
4	3331	128.868762856425	6
4	3335	129.306455481279	7
4	3339	129.477955754535	8
4	3348	131.271447987915	9
4	3352	131.740515059806	10
4	3358	132.454900034582	11
4	3361	132.609209866798	12
4	3369	134.019423171488	13
4	3373	134.307612212998	14
4	3378	134.93390333708	15
4	3386	136.466324538094	16
4	3390	136.720473401148	17
4	3398	138.277495519701	18
4	3401	138.318140332375	19
4	3406	138.820004443292	20
4	3409	138.969564427377	21
4	3414	139.427025342074	22
4	3417	139.515689254289	23
4	3420	139.524672176182	24
4	3426	140.342912847682	25
4	3437	142.630199464202	26
4	3440	142.885622187588	27
4	3445	143.396245562823	28
4	3450	143.913418365291	29
4	3456	144.854848126166	30
4	3459	144.965456401309	31
4	3464	145.46017218236	32
4	3467	145.483399029074	33
4	3474	146.742379125601	34
4	3481	147.761920237995	35
4	3485	148.28844476106	36
4	3492	149.292718160014	37
4	3497	150.033067810122	38
4	3501	150.158342776387	39
4	3504	150.254819817283	40
4	3508	150.534964772536	41
4	3512	150.87060753244	42
4	3518	151.688604721478	43
4	3523	152.398891310234	44
4	3527	152.52255092189	45
4	3530	152.588854991918	46
4	3534	152.909309298143	47
4	3538	153.256777582934	48
4	3542	153.41438032046	49
4	3545	153.523438891231	50
4	3550	154.159575268485	51
4	3554	154.583896919756	52
4	3560	155.451204541624	53
4	3567	156.476878371137	54
4	3573	157.557524893352	55
4	3577	157.614181680199	56
4	3580	157.757298082402	57
4	3586	158.723167104279	58
4	3596	160.684741443285	59
4	3600	161.184361304648	60
4	3604	161.365949673462	61
4	3609	161.899954734731	62
4	3616	163.096001983993	63
4	3619	163.228465298816	64
4	3623	163.309870829054	65
4	3627	163.653617261329	66
4	3631	163.931698404554	67
4	3634	164.142202540936	68
4	3640	164.810925057387	69
4	3643	164.833893739427	70
4	3651	166.463412330207	71
4	3654	166.482111615341	72
4	3659	166.973201183556	73
4	3663	167.335300256865	74
4	3668	168.004967355194	75
4	3674	168.824542666427	76
4	3677	168.872654218653	77
4	3682	169.361565756846	78
4	3685	169.534083993721	79
4	3689	169.825874641694	80
4	3693	170.089518689913	81
4	3696	170.199924895888	82
4	3700	170.214151487931	83
4	3706	171.307215486709	84
4	3715	172.948428426447	85
4	3719	173.496782245345	86
4	3723	173.637910184613	87
4	3729	174.553836944645	88
4	3734	175.069744870756	89
4	3740	176.202083032281	90
4	3745	176.724081427609	91
4	3750	177.278619195858	92
4	3754	177.438501307268	93
4	3760	178.349877536147	94
4	3764	178.745680828799	95
4	3769	179.319537475138	96
4	3773	179.794712753665	97
4	3776	179.807548184139	98
4	3784	181.040104036675	99
4	3789	181.872996742033	100
4	3799	183.868139378064	101
4	3802	183.984320908347	102
4	3806	184.090084457245	103
4	3810	184.45814753356	104
4	3813	184.468368222565	105
4	3817	184.900214116103	106
4	3820	184.91052010833	107
4	3825	185.307533511375	108
4	3828	185.440546554023	109
4	3835	186.556771762292	110
4	3843	187.929661918509	111
4	3846	188.044949719947	112
4	3852	188.969613221503	113
4	3855	188.978459033453	114
4	3860	189.673327325128	115
4	3867	190.80667585769	116
4	3871	191.04386512454	117
4	3877	191.858313382555	118
4	3881	192.173359826171	119
4	3885	192.539413277125	120
4	3890	193.051224371094	121
4	3894	193.37486068737	122
4	3897	193.375452980306	123
4	3900	193.449927254545	124
4	3906	194.281350067013	125
4	3910	194.529459745803	126
4	3915	195.363253425372	127
4	3918	195.422919621514	128
4	3922	195.712916472116	129
4	3928	196.467827886003	130
4	3932	196.747854288485	131
4	3935	196.795985432367	132
4	3942	197.9056765778	133
4	3945	198.044042082135	134
4	3951	198.898555667977	135
4	3956	199.410230142625	136
4	3959	199.518986820584	137
4	3963	199.727727709099	138
5	12	0.885260666985	1
5	19	1.098204707713	2
5	43	1.520217977924	3
5	44	1.620217977924	4
5	67	2.122714752752	5
5	77	2.473844876294	6
5	93	3.302757656789	7
5	107	4.372715954934	8
5	123	4.786815349299	9
5	136	5.312079900445	10
5	143	5.464857837894	11
5	146	5.564857837894	12
5	153	5.664857837894	13
5	179	6.353677496298	14
5	197	7.21127555901	15
5	203	7.39646874993	16
5	209	7.507624070724	17
5	219	7.691215488735	18
5	225	7.791215488735	19
5	232	7.891215488735	20
5	258	8.538281749246	21
5	273	9.229144928029	22
5	294	11.068752075178	23
5	309	12.086409513648	24
5	312	12.186409513648	25
5	320	12.334531727842	26
5	336	12.765232085844	27
5	360	14.094067447467	28
5	375	15.098840513282	29
5	381	15.231319655933	30
5	406	15.800183687409	31
5	409	15.900183687409	32
5	433	16.586393394878	33
5	448	17.846743173386	34
5	455	18.053824864946	35
5	477	18.833752886188	36
5	493	20.332724018173	37
5	506	20.799791434058	38
5	523	21.552058674018	39
5	527	21.652058674018	40
5	547	22.105867605315	41
5	563	22.426188426755	42
5	569	22.526188426755	43
5	589	23.423217802749	44
5	595	23.703629219307	45
5	617	24.229728988484	46
5	630	24.902489701689	47
5	637	25.023488804893	48
5	648	25.373347240215	49
5	668	26.42285091698	50
5	678	26.764362473682	51
5	699	27.408225772667	52
5	700	27.508225772667	53
5	706	27.60831620776	54
5	724	28.040181245393	55
5	730	28.140181245393	56
5	751	28.711442610506	57
5	754	28.811442610506	58
5	771	29.297637361279	59
5	787	30.167704139262	60
5	805	31.149244740556	61
5	809	31.249244740556	62
5	822	31.598803565521	63
5	840	32.166765912187	64
5	855	33.602592785494	65
5	866	33.844567299654	66
5	878	34.075291128587	67
5	896	34.567400151615	68
5	899	34.667400151615	69
5	910	34.869521427159	70
5	920	35.084126742884	71
5	933	35.401910188411	72
5	944	35.501910188411	73
5	951	35.601910188411	74
5	975	36.58104220554	75
5	990	37.731611331948	76
5	994	37.831611331948	77
5	1004	38.108307937847	78
5	1027	38.698868472116	79
5	1031	38.798868472116	80
5	1047	39.252797104626	81
5	1063	40.042264250509	82
5	1077	41.068771337714	83
5	1081	41.168771337714	84
5	1088	41.29151353276	85
5	1111	42.165234812161	86
5	1130	43.331553407246	87
5	1144	44.401791638459	88
5	1151	44.661788843428	89
5	1163	44.884234087796	90
5	1182	45.727270155136	91
5	1203	46.27342894867	92
5	1225	47.719259947619	93
5	1227	47.819259947619	94
5	1252	49.011430500819	95
5	1275	51.456892571404	96
5	1282	51.693173085911	97
5	1301	52.071167545245	98
5	1309	52.17937310067	99
5	1332	53.430622287649	100
5	1339	53.729693038005	101
5	1351	53.940337745322	102
5	1380	55.116234288052	103
5	1381	55.216234288052	104
5	1385	55.316234288052	105
5	1409	56.226444595051	106
5	1428	56.970357256825	107
5	1430	57.070357256825	108
5	1437	57.26117373085	109
5	1459	57.804146277589	110
5	1476	59.536388263524	111
5	1490	59.880385272418	112
5	1516	62.515654600387	113
5	1536	63.145541413799	114
5	1553	63.676316257877	115
5	1571	64.725960000594	116
5	1574	64.825960000594	117
5	1604	65.655346459403	118
5	1606	65.755346459403	119
5	1609	65.855346459403	120
5	1642	67.357799827367	121
5	1643	67.457799827367	122
5	1647	67.557799827367	123
5	1664	67.967386193212	124
5	1681	68.426246799878	125
5	1702	69.241126470131	126
5	1707	69.341126470131	127
5	1711	69.441126470131	128
5	1713	69.541126470131	129
5	1728	69.744145229598	130
5	1739	70.009281193152	131
5	1744	70.109281193152	132
5	1753	70.209281193152	133
5	1799	71.458040308583	134
5	1800	71.558040308583	135
5	1803	71.658040308583	136
5	1806	71.758040308583	137
5	1811	71.858040308583	138
5	1831	72.349922108845	139
5	1841	72.495129272875	140
5	1847	72.595129272875	141
5	1854	72.695129272875	142
5	1869	72.992509473204	143
5	1882	73.282110069831	144
5	1892	73.509047886636	145
5	1922	74.269055743754	146
5	1925	74.369055743754	147
5	1929	74.469055743754	148
5	1938	74.597225595442	149
5	1957	75.122051570078	150
5	1963	75.222051570078	151
5	1970	75.322051570078	152
5	1996	76.579098241756	153
5	2008	77.066957331825	154
5	2022	77.931383800689	155
5	2039	78.376547921936	156
5	2054	79.639263943808	157
5	2061	79.898618861325	158
5	2076	80.222883937853	159
5	2091	80.956026737138	160
5	2104	81.514226397333	161
5	2122	82.545455865065	162
5	2135	82.977725737861	163
5	2138	83.077725737861	164
5	2161	83.610976314337	165
5	2174	84.167882206267	166
5	2180	84.350344438762	167
5	2193	84.550076193138	168
5	2204	84.764828461684	169
5	2222	85.188455858812	170
5	2228	85.288455858812	171
5	2248	85.686539415256	172
5	2252	85.786539415256	173
5	2262	85.886539415256	174
5	2264	85.986539415256	175
5	2269	86.086539415256	176
5	2283	86.342301072797	177
5	2312	86.997859167963	178
5	2327	87.498004459435	179
5	2334	87.782354264574	180
5	2349	88.169119631774	181
5	2365	88.995120869376	182
5	2372	89.202984216482	183
5	2378	89.302984216482	184
5	2385	89.402984216482	185
5	2397	89.628386915297	186
5	2429	91.94118140222	187
5	2444	93.14933612459	188
5	2455	93.398379852699	189
5	2485	95.284269815314	190
5	2497	95.694245705922	191
5	2512	96.094211564498	192
5	2536	98.359677895439	193
5	2539	98.459677895439	194
5	2565	99.024926606941	195
5	2567	99.124926606941	196
5	2595	100.337967113118	197
5	2596	100.437967113118	198
5	2609	100.778094908846	199
5	2628	101.153883512331	200
5	2643	101.671727505761	201
5	2647	101.771727505761	202
5	2667	102.88441699533	203
5	2686	104.041765643434	204
5	2689	104.141765643434	205
5	2697	104.330903616438	206
5	2713	104.705670767217	207
5	2731	105.264736904683	208
5	2745	106.178553024589	209
5	2753	106.278553024589	210
5	2772	107.011065234478	211
5	2789	107.482118050751	212
5	2801	108.011283484756	213
5	2815	108.776776596005	214
5	2836	110.004579684975	215
5	2837	110.104579684975	216
5	2845	110.263655645855	217
5	2851	110.363655645855	218
5	2871	110.855798017536	219
5	2898	111.539705744271	220
5	2899	111.639705744271	221
5	2903	111.739705744271	222
5	2914	111.97058065881	223
5	2921	112.07058065881	224
5	2944	112.659883325882	225
5	2959	113.201998289425	226
5	2984	113.611390822672	227
5	2985	113.711390822672	228
5	2989	113.811390822672	229
5	2993	113.911390822672	230
5	2998	114.011390822672	231
5	3029	114.973941706995	232
5	3033	115.073941706995	233
5	3038	115.173941706995	234
5	3042	115.273941706995	235
5	3060	115.613918102832	236
5	3084	116.915942887622	237
5	3103	117.360150083839	238
5	3105	117.460150083839	239
5	3112	117.597884473292	240
5	3121	117.746015383965	241
5	3126	117.846015383965	242
5	3155	118.585565122181	243
5	3161	118.795676016248	244
5	3168	118.895676016248	245
5	3199	121.464084033144	246
5	3213	122.28304625679	247
5	3219	122.446393528937	248
5	3234	122.82707747404	249
5	3249	123.620273069299	250
5	3262	124.167436696263	251
5	3284	126.132654991494	252
5	3287	126.232654991494	253
6	14	0.985360666985	1
6	26	1.198304707713	1
6	45	1.620317977924	1
6	48	1.720317977924	1
6	69	2.222814752752	1
6	81	2.573944876294	1
6	95	3.402857656789	1
6	109	4.472815954934	1
6	126	4.886915349299	1
6	139	5.412179900445	1
6	147	5.564957837894	1
6	154	5.664957837894	1
6	159	5.764957837894	2
6	181	6.453777496298	1
6	199	7.31137555901	1
6	205	7.49656874993	1
6	214	7.607724070724	1
6	226	7.791315488735	1
6	233	7.891315488735	2
6	238	7.991315488735	2
6	262	8.638381749246	1
6	276	9.329244928029	1
6	297	11.168852075178	1
6	313	12.186509513648	1
6	316	12.286509513648	1
6	325	12.434631727842	1
6	341	12.865332085844	1
6	363	14.194167447467	1
6	377	15.198940513282	1
6	388	15.331419655933	1
6	410	15.900283687409	1
6	414	16.000283687409	1
6	435	16.686493394878	1
6	450	17.946843173386	1
6	460	18.153924864946	1
6	480	18.933852886188	1
6	496	20.432824018173	1
6	508	20.899891434058	1
6	528	21.652158674018	1
6	531	21.752158674018	1
6	551	22.205967605315	1
6	570	22.526288426755	1
6	573	22.626288426755	1
6	591	23.523317802749	1
6	601	23.803729219307	1
6	620	24.329828988484	1
6	633	25.002589701689	1
6	639	25.123588804893	1
6	653	25.473447240215	1
6	670	26.52295091698	1
6	684	26.864462473682	1
6	701	27.508325772667	1
6	707	27.608325772667	1
6	711	27.70841620776	1
6	731	28.140281245393	1
6	737	28.240281245393	1
6	755	28.811542610506	1
6	759	28.911542610506	1
6	775	29.397737361279	1
6	789	30.267804139262	1
6	810	31.249344740556	1
6	813	31.349344740556	1
6	827	31.698903565521	1
6	842	32.266865912187	1
6	862	33.702692785494	1
6	872	33.944667299654	1
6	883	34.175391128587	1
6	900	34.667500151615	1
6	903	34.767500151615	1
6	914	34.969621427159	1
6	925	35.184226742884	1
6	945	35.502010188411	1
6	952	35.602010188411	1
6	955	35.702010188411	1
6	978	36.68114220554	1
6	995	37.831711331948	1
6	998	37.931711331948	1
6	1009	38.208407937847	1
6	1032	38.798968472116	1
6	1035	38.898968472116	1
6	1052	39.352897104626	1
6	1065	40.142364250509	1
6	1082	41.168871337714	1
6	1085	41.268871337714	1
6	1093	41.39161353276	1
6	1113	42.265334812161	1
6	1132	43.431653407246	1
6	1147	44.501891638459	1
6	1157	44.761888843428	1
6	1168	44.984334087796	1
6	1184	45.827370155136	1
6	1205	46.37352894867	1
6	1228	47.819359947619	1
6	1231	47.919359947619	1
6	1254	49.111530500819	1
6	1277	51.556992571404	1
6	1287	51.793273085911	1
6	1305	52.171267545245	1
6	1312	52.27947310067	1
6	1335	53.530722287649	1
6	1345	53.829793038005	1
6	1359	54.040437745322	1
6	1382	55.216334288052	1
6	1386	55.316334288052	1
6	1389	55.416334288052	1
6	1413	56.326544595051	1
6	1431	57.070457256825	1
6	1434	57.170457256825	1
6	1443	57.36127373085	1
6	1461	57.904246277589	1
6	1478	59.636488263524	1
6	1494	59.980485272418	1
6	1518	62.615754600387	1
6	1538	63.245641413799	1
6	1555	63.776416257877	1
6	1575	64.826060000594	1
6	1579	64.926060000594	1
6	1607	65.755446459403	1
6	1610	65.855446459403	1
6	1613	65.955446459403	1
6	1644	67.457899827367	1
6	1648	67.557899827367	1
6	1651	67.657899827367	1
6	1669	68.067486193212	1
6	1684	68.526346799878	1
6	1708	69.341226470131	1
6	1712	69.441226470131	1
6	1715	69.541226470131	1
6	1719	69.641226470131	2
6	1732	69.844245229598	2
6	1745	70.109381193152	2
6	1754	70.209381193152	2
6	1759	70.309381193152	3
6	1801	71.558140308583	1
6	1804	71.658140308583	1
6	1808	71.758140308583	1
6	1812	71.858140308583	2
6	1817	71.958140308583	2
6	1836	72.450022108845	1
6	1848	72.595229272875	1
6	1855	72.695229272875	2
6	1860	72.795229272875	2
6	1873	73.092609473204	2
6	1887	73.382210069831	1
6	1898	73.609147886636	1
6	1926	74.369155743754	1
6	1930	74.469155743754	1
6	1933	74.569155743754	1
6	1942	74.697325595442	2
6	1964	75.222151570078	1
6	1971	75.322151570078	1
6	1975	75.422151570078	1
6	1998	76.679198241756	1
6	2011	77.167057331825	1
6	2024	78.031483800689	1
6	2041	78.476647921936	1
6	2056	79.739363943808	1
6	2066	79.998718861325	1
6	2080	80.322983937853	1
6	2094	81.056126737138	1
6	2106	81.614326397333	1
6	2125	82.645555865065	1
6	2139	83.077825737861	1
6	2143	83.177825737861	1
6	2163	83.711076314337	1
6	2176	84.267982206267	1
6	2183	84.450444438762	1
6	2197	84.650176193138	1
6	2208	84.864928461684	1
6	2229	85.288555858812	1
6	2232	85.388555858812	1
6	2253	85.786639415256	1
6	2263	85.886639415256	1
6	2266	85.986639415256	1
6	2270	86.086639415256	2
6	2276	86.186639415256	2
6	2288	86.442401072797	2
6	2317	87.097959167963	1
6	2329	87.598104459435	1
6	2339	87.882454264574	1
6	2354	88.269219631774	1
6	2367	89.095220869376	1
6	2379	89.303084216482	1
6	2386	89.403084216482	1
6	2390	89.503084216482	1
6	2402	89.728486915297	1
6	2431	92.04128140222	1
6	2446	93.24943612459	1
6	2464	93.498479852699	1
6	2487	95.384369815314	1
6	2500	95.794345705922	1
6	2516	96.194311564498	1
6	2540	98.459777895439	1
6	2544	98.559777895439	1
6	2568	99.125026606941	1
6	2571	99.225026606941	1
6	2597	100.438067113118	1
6	2600	100.538067113118	1
6	2615	100.878194908846	1
6	2633	101.253983512331	1
6	2648	101.771827505761	1
6	2651	101.871827505761	1
6	2670	102.98451699533	1
6	2690	104.141865643434	1
6	2694	104.241865643434	1
6	2702	104.431003616438	1
6	2719	104.805770767217	1
6	2733	105.364836904683	1
6	2754	106.278653024589	1
6	2757	106.378653024589	1
6	2774	107.111165234478	1
6	2791	107.582218050751	1
6	2804	108.111383484756	1
6	2819	108.876876596005	1
6	2838	110.104679684975	1
6	2842	110.204679684975	1
6	2852	110.363755645855	1
6	2856	110.463755645855	2
6	2878	110.955898017536	1
6	2900	111.639805744271	1
6	2904	111.739805744271	1
6	2907	111.839805744271	1
6	2922	112.07068065881	1
6	2926	112.17068065881	2
6	2948	112.759983325882	1
6	2961	113.302098289425	1
6	2986	113.711490822672	1
6	2990	113.811490822672	1
6	2995	113.911490822672	1
6	2999	114.011490822672	2
6	3005	114.111490822672	2
6	3034	115.074041706995	1
6	3039	115.174041706995	1
6	3044	115.274041706995	1
6	3049	115.374041706995	2
6	3065	115.714018102832	1
6	3086	117.016042887622	1
6	3106	117.460250083839	1
6	3109	117.560250083839	1
6	3118	117.697984473292	1
6	3127	117.846115383965	2
6	3132	117.946115383965	2
6	3157	118.685665122181	1
6	3169	118.895776016248	1
6	3174	118.995776016248	1
6	3201	121.564184033144	1
6	3215	122.38314625679	1
6	3222	122.546493528937	1
6	3238	122.92717747404	1
6	3252	123.720373069299	1
6	3264	124.267536696263	1
6	3288	126.232754991494	1
6	3291	126.332754991494	1
7	23	1.185460666985	1
7	32	1.398404707713	1
7	51	1.820417977924	1
7	56	2.020417977924	1
7	73	2.422914752752	1
7	85	2.774044876294	1
7	99	3.602957656789	1
7	113	4.672915954934	1
7	129	5.087015349299	1
7	149	5.612279900445	1
7	161	5.812279900445	1
7	167	6.012279900445	1
7	172	6.212279900445	1
7	185	6.653877496298	1
7	211	7.51147555901	1
7	221	7.71147555901	1
7	235	7.91147555901	1
7	243	8.11147555901	1
7	248	8.31147555901	1
7	254	8.51147555901	1
7	266	8.838481749246	1
7	279	9.529344928029	1
7	300	11.368952075178	1
7	322	12.386609513648	1
7	329	12.586609513648	1
7	338	12.786609513648	1
7	347	13.065432085844	1
7	366	14.394267447467	1
7	390	15.399040513282	1
7	395	15.599040513282	1
7	416	16.100383687409	1
7	422	16.300383687409	1
7	439	16.886593394878	1
7	457	18.146943173386	1
7	466	18.354024864946	1
7	483	19.133952886188	1
7	499	20.632924018173	1
7	516	21.099991434058	1
7	533	21.852258674018	1
7	543	22.052258674018	1
7	555	22.406067605315	1
7	575	22.726388426755	1
7	581	22.926388426755	1
7	598	23.723417802749	1
7	606	24.003829219307	1
7	623	24.529928988484	1
7	641	25.202689701689	1
7	650	25.402689701689	1
7	659	25.673547240215	1
7	674	26.72305091698	1
7	688	27.064562473682	1
7	712	27.708425772667	1
7	717	27.908425772667	1
7	728	28.108425772667	1
7	739	28.340381245393	1
7	745	28.540381245393	1
7	761	29.011642610506	1
7	767	29.211642610506	1
7	779	29.597837361279	1
7	793	30.467904139262	1
7	815	31.449444740556	1
7	824	31.649444740556	1
7	833	31.899003565521	1
7	846	32.466965912187	1
7	868	33.902792785494	1
7	880	34.144767299654	1
7	889	34.375491128587	1
7	906	34.867600151615	1
7	916	35.067600151615	1
7	927	35.267600151615	1
7	936	35.467600151615	1
7	956	35.702110188411	1
7	962	35.902110188411	1
7	968	36.102110188411	1
7	981	36.88124220554	1
7	1000	38.031811331948	1
7	1011	38.231811331948	1
7	1017	38.431811331948	1
7	1037	38.999068472116	1
7	1043	39.199068472116	1
7	1055	39.552997104626	1
7	1069	40.342464250509	1
7	1090	41.368971337714	1
7	1098	41.568971337714	1
7	1104	41.768971337714	1
7	1117	42.465434812161	1
7	1136	43.631753407246	1
7	1153	44.701991638459	1
7	1165	44.961988843428	1
7	1174	45.184434087796	1
7	1192	46.027470155136	1
7	1212	46.57362894867	1
7	1233	48.019459947619	1
7	1239	48.219459947619	1
7	1258	49.311630500819	1
7	1284	51.757092571404	1
7	1293	51.993373085911	1
7	1314	52.371367545245	1
7	1320	52.571367545245	1
7	1341	53.730822287649	1
7	1355	54.029893038005	1
7	1367	54.240537745322	1
7	1390	55.416434288052	1
7	1396	55.616434288052	1
7	1401	55.816434288052	1
7	1417	56.526644595051	1
7	1439	57.270557256825	1
7	1447	57.470557256825	1
7	1453	57.670557256825	1
7	1465	58.104346277589	1
7	1486	59.836588263524	1
7	1498	60.180585272418	1
7	1525	62.815854600387	1
7	1542	63.445741413799	1
7	1559	63.976516257877	1
7	1584	65.026160000594	1
7	1593	65.226160000594	1
7	1614	65.955546459403	1
7	1623	66.155546459403	1
7	1629	66.355546459403	1
7	1652	67.657999827367	1
7	1658	67.857999827367	1
7	1666	68.057999827367	1
7	1675	68.267586193212	1
7	1690	68.726446799878	1
7	1716	69.541326470131	1
7	1724	69.741326470131	1
7	1734	69.941326470131	1
7	1749	70.141326470131	1
7	1761	70.341326470131	1
7	1769	70.541326470131	1
7	1778	70.741326470131	1
7	1787	70.941326470131	1
7	1809	71.758240308583	1
7	1818	71.958240308583	1
7	1824	72.158240308583	1
7	1833	72.358240308583	1
7	1845	72.558240308583	1
7	1857	72.758240308583	1
7	1865	72.958240308583	1
7	1875	73.158240308583	1
7	1884	73.358240308583	1
7	1895	73.558240308583	1
7	1905	73.758240308583	1
7	1911	73.958240308583	1
7	1934	74.569255743754	1
7	1945	74.769255743754	1
7	1950	74.969255743754	1
7	1961	75.169255743754	1
7	1976	75.422251570078	1
7	1981	75.622251570078	1
7	1987	75.822251570078	1
7	2002	76.879298241756	1
7	2014	77.367157331825	1
7	2032	78.231583800689	1
7	2045	78.676747921936	1
7	2063	79.939463943808	1
7	2072	80.198818861325	1
7	2084	80.523083937853	1
7	2097	81.256226737138	1
7	2114	81.814426397333	1
7	2128	82.845655865065	1
7	2145	83.277925737861	1
7	2155	83.477925737861	1
7	2167	83.911176314337	1
7	2185	84.468082206267	1
7	2200	84.668082206267	1
7	2210	84.868082206267	1
7	2216	85.068082206267	1
7	2237	85.488655858812	1
7	2250	85.688655858812	1
7	2267	85.986739415256	1
7	2277	86.186739415256	1
7	2285	86.386739415256	1
7	2293	86.586739415256	1
7	2299	86.786739415256	1
7	2304	86.986739415256	1
7	2320	87.298059167963	1
7	2336	87.798204459435	1
7	2345	88.082554264574	1
7	2357	88.469319631774	1
7	2376	89.295320869376	1
7	2391	89.503184216482	1
7	2399	89.703184216482	1
7	2407	89.903184216482	1
7	2413	90.103184216482	1
7	2435	92.24138140222	1
7	2457	93.44953612459	1
7	2470	93.698579852699	1
7	2491	95.584469815314	1
7	2503	95.994445705922	1
7	2520	96.394411564498	1
7	2546	98.659877895439	1
7	2555	98.859877895439	1
7	2576	99.325126606941	1
7	2582	99.525126606941	1
7	2603	100.638167113118	1
7	2611	100.838167113118	1
7	2620	101.078294908846	1
7	2636	101.454083512331	1
7	2653	101.971927505761	1
7	2659	102.171927505761	1
7	2673	103.18461699533	1
7	2699	104.341965643434	1
7	2707	104.541965643434	1
7	2715	104.741965643434	1
7	2724	105.005870767217	1
7	2737	105.564936904683	1
7	2759	106.478753024589	1
7	2765	106.678753024589	1
7	2778	107.311265234478	1
7	2795	107.782318050751	1
7	2807	108.311483484756	1
7	2823	109.076976596005	1
7	2847	110.304779684975	1
7	2859	110.504779684975	1
7	2864	110.704779684975	1
7	2873	110.904779684975	1
7	2887	111.155998017536	1
7	2908	111.839905744271	1
7	2919	112.039905744271	1
7	2928	112.239905744271	1
7	2934	112.439905744271	1
7	2940	112.639905744271	1
7	2952	112.960083325882	1
7	2974	113.502198289425	1
7	2996	113.911590822672	1
7	3006	114.111590822672	1
7	3011	114.311590822672	1
7	3017	114.511590822672	1
7	3023	114.711590822672	1
7	3045	115.274141706995	1
7	3053	115.474141706995	1
7	3062	115.674141706995	1
7	3069	115.874141706995	1
7	3075	116.074141706995	1
7	3093	117.216142887622	1
7	3114	117.660350083839	1
7	3129	117.860350083839	1
7	3137	118.060350083839	1
7	3142	118.260350083839	1
7	3148	118.460350083839	1
7	3166	118.885765122181	1
7	3176	119.095876016248	1
7	3182	119.295876016248	1
7	3205	121.764284033144	1
7	3224	122.58324625679	1
7	3230	122.78324625679	1
7	3242	123.12727747404	1
7	3255	123.920473069299	1
7	3272	124.467636696263	1
7	3298	126.432854991494	1
7	3303	126.632854991494	1
8	29	1.285460666985	0.4002
8	38	1.498404707713	0.4002
8	53	1.920417977924	0.809631093636
8	63	2.120417977924	0.6002
8	78	2.522914752752	0.4002
8	87	2.874044876294	0.4002
8	101	3.702957656789	0.4002
8	119	4.772915954934	0.4002
8	132	5.187015349299	0.4002
8	156	5.712279900445	0.4002
8	163	5.912279900445	0.447422062551
8	169	6.112279900445	0.632125686179
8	175	6.312279900445	0.699690651666
8	191	6.753877496298	0.4002
8	215	7.61147555901	0.4002
8	228	7.81147555901	0.41500680908
8	239	8.01147555901	0.503851488286
8	245	8.21147555901	0.520260070275
8	251	8.41147555901	0.664767292825
8	259	8.61147555901	0.766989145978
8	268	8.938481749246	0.4002
8	282	9.629344928029	0.4002
8	303	11.468952075178	0.4002
8	326	12.486609513648	0.4002
8	332	12.686609513648	0.597826350619
8	343	12.886609513648	0.552077785806
8	353	13.165432085844	0.4002
8	369	14.494267447467	0.4002
8	392	15.499040513282	0.4002
8	402	15.699040513282	0.467720857349
8	418	16.200383687409	0.4002
8	428	16.400383687409	0.581542922013
8	441	16.986593394878	0.4002
8	462	18.246943173386	0.4002
8	472	18.454024864946	0.4002
8	486	19.233952886188	0.4002
8	502	20.732924018173	0.4002
8	518	21.199991434058	0.4002
8	540	21.952258674018	0.4002
8	548	22.152258674018	0.515636295568
8	564	22.506067605315	0.4002
8	578	22.826388426755	0.4002
8	583	23.026388426755	0.508190366098
8	603	23.823417802749	0.4002
8	613	24.103829219307	0.4002
8	626	24.629928988484	0.4002
8	644	25.302689701689	0.4002
8	655	25.502689701689	0.479200896796
8	661	25.773547240215	0.4002
8	679	26.82305091698	0.4002
8	694	27.164562473682	0.4002
8	714	27.808425772667	0.977234919421
8	720	28.008425772667	0.6002
8	733	28.208425772667	0.600109564907
8	741	28.440381245393	0.4002
8	747	28.640381245393	0.559513185996
8	763	29.111642610506	0.4002
8	772	29.311642610506	0.565340141865
8	781	29.697837361279	0.4002
8	799	30.567904139262	0.4002
8	818	31.549444740556	0.4002
8	829	31.749444740556	0.593085162665
8	835	31.999003565521	0.4002
8	848	32.566965912187	0.4002
8	874	34.002792785494	0.4002
8	886	34.244767299654	0.4002
8	891	34.475491128587	0.4002
8	911	34.967600151615	0.4002
8	922	35.167600151615	0.543310647545
8	929	35.367600151615	0.498078724456
8	949	35.567600151615	0.483473408731
8	959	35.802110188411	0.4002
8	964	36.002110188411	0.527587592325
8	970	36.202110188411	0.679605890359
8	984	36.98124220554	0.4002
8	1006	38.131811331948	0.4002
8	1013	38.331811331948	0.571381047619
8	1023	38.531811331948	0.423503394101
8	1040	39.099068472116	0.4002
8	1048	39.299068472116	0.522166120844
8	1058	39.652997104626	0.4002
8	1071	40.442464250509	0.4002
8	1095	41.468971337714	0.4002
8	1100	41.668971337714	0.510555109174
8	1106	41.868971337714	0.577457804954
8	1119	42.565434812161	0.4002
8	1138	43.731753407246	0.4002
8	1159	44.801991638459	0.4002
8	1171	45.061988843428	0.4002
8	1176	45.284434087796	0.4002
8	1198	46.127470155136	0.4002
8	1218	46.67362894867	0.4002
8	1236	48.119459947619	1.635477483707
8	1245	48.319459947619	0.6002
8	1260	49.411630500819	0.4002
8	1289	51.857092571404	0.4002
8	1302	52.093373085911	0.4002
8	1316	52.471367545245	0.4002
8	1326	52.671367545245	0.491994444575
8	1347	53.830822287649	0.4002
8	1364	54.129893038005	0.4002
8	1374	54.340537745322	0.4002
8	1392	55.516434288052	1.517224217681
8	1398	55.716434288052	1.632775935546
8	1404	55.916434288052	0.8002
8	1423	56.626644595051	0.4002
8	1444	57.370557256825	1.045787563836
8	1449	57.570557256825	0.6002
8	1455	57.770557256825	0.509383525975
8	1467	58.204346277589	0.4002
8	1491	59.936588263524	0.4002
8	1500	60.280585272418	0.4002
8	1531	62.915854600387	0.4002
8	1548	63.545741413799	0.765819610405
8	1565	64.076516257877	0.930974844078
8	1589	65.126160000594	1.449843742717
8	1599	65.326160000594	0.6002
8	1620	66.055546459403	1.232448159009
8	1625	66.255546459403	1.258738599033
8	1635	66.455546459403	1.346044812209
8	1654	67.757999827367	2.102653367964
8	1660	67.957999827367	1.998986796064
8	1672	68.157999827367	0.8002
8	1677	68.367586193212	0.4002
8	1697	68.826446799878	0.4002
8	1720	69.641326470131	0.935453629992
8	1729	69.841326470131	0.6002
8	1740	70.041326470131	0.798754201567
8	1755	70.241326470131	0.974709734327
8	1766	70.441326470131	0.697181240533
8	1775	70.641326470131	0.632045276979
8	1783	70.841326470131	0.750572792463
8	1793	71.041326470131	0.900796106494
8	1813	71.858240308583	1.667816169715
8	1821	72.058240308583	1.649112924719
8	1826	72.258240308583	1.688354983867
8	1837	72.458240308583	1.647423938543
8	1852	72.658240308583	1.2002
8	1861	72.858240308583	0.508318199738
8	1870	73.058240308583	0.563111035708
8	1878	73.258240308583	0.738643331786
8	1888	73.458240308583	0.802467876392
8	1899	73.658240308583	0.665730835379
8	1908	73.858240308583	0.576130238752
8	1917	74.058240308583	0.549192421947
8	1939	74.669255743754	1.007370973933
8	1947	74.869255743754	0.6002
8	1953	75.069255743754	0.727137473847
8	1966	75.269255743754	0.672030148312
8	1978	75.522251570078	0.4002
8	1984	75.722251570078	0.573767827091
8	1989	75.922251570078	0.614887462217
8	2004	76.979298241756	0.4002
8	2017	77.467157331825	0.4002
8	2034	78.331583800689	0.4002
8	2047	78.776747921936	0.4002
8	2068	80.039463943808	0.4002
8	2077	80.298818861325	0.4002
8	2086	80.623083937853	0.4002
8	2100	81.356226737138	0.4002
8	2116	81.914426397333	0.4002
8	2131	82.945655865065	0.4002
8	2151	83.377925737861	0.4002
8	2157	83.577925737861	0.5134875823
8	2169	84.011176314337	0.4002
8	2194	84.568082206267	0.4002
8	2205	84.768082206267	0.417737767505
8	2213	84.968082206267	0.418006013129
8	2218	85.168082206267	0.403253744583
8	2244	85.588655858812	0.4002
8	2255	85.788655858812	0.584763244351
8	2271	86.086739415256	0.8593150627
8	2279	86.286739415256	0.842679282854
8	2290	86.486739415256	0.8002
8	2295	86.686739415256	0.833896800937
8	2301	86.886739415256	1.03373326183
8	2314	87.086739415256	0.744438342459
8	2323	87.398059167963	0.4002
8	2341	87.898204459435	0.4002
8	2350	88.182554264574	0.4002
8	2360	88.569319631774	0.4002
8	2383	89.395320869376	0.4002
8	2393	89.603184216482	0.4002
8	2404	89.803184216482	0.509304421513
8	2409	90.003184216482	0.669459580052
8	2415	90.203184216482	0.574797301185
8	2437	92.34138140222	0.4002
8	2466	93.54953612459	0.4002
8	2476	93.798579852699	0.4002
8	2493	95.684469815314	0.4002
8	2513	96.094445705922	0.4002
8	2522	96.494411564498	0.4002
8	2548	98.759877895439	0.4002
8	2561	98.959877895439	0.533015221936
8	2579	99.425126606941	0.649543166283
8	2588	99.625126606941	0.6002
8	2605	100.738167113118	1.483365081835
8	2617	100.938167113118	0.6002
8	2630	101.178294908846	0.4002
8	2639	101.554083512331	0.4002
8	2656	102.071927505761	0.4002
8	2661	102.271927505761	0.541727486954
8	2680	103.28461699533	0.4002
8	2703	104.441965643434	0.4002
8	2709	104.641965643434	0.557883896123
8	2721	104.841965643434	0.511062026996
8	2727	105.105870767217	0.4002
8	2739	105.664936904683	0.4002
8	2762	106.578753024589	0.4002
8	2767	106.778753024589	0.528480658339
8	2784	107.411265234478	0.4002
8	2797	107.882318050751	0.4002
8	2810	108.411483484756	0.4002
8	2829	109.176976596005	0.4002
8	2853	110.404779684975	1.605323140853
8	2861	110.604779684975	0.6002
8	2867	110.804779684975	0.54112403912
8	2880	111.004779684975	0.645936791217
8	2893	111.255998017536	0.4002
8	2910	111.939905744271	1.018633123869
8	2923	112.139905744271	1.004859651103
8	2931	112.339905744271	0.8002
8	2936	112.539905744271	0.569325085461
8	2945	112.739905744271	0.751556836557
8	2954	113.060083325882	0.4002
8	2980	113.602198289425	0.4002
8	3000	114.011590822672	0.705556130407
8	3008	114.211590822672	0.767269797074
8	3014	114.411590822672	0.936192055728
8	3019	114.611590822672	1.0002
8	3025	114.811590822672	0.952873012494
8	3050	115.374141706995	0.4002
8	3055	115.574141706995	0.531583610217
8	3066	115.774141706995	0.693457719039
8	3072	115.974141706995	0.775189443363
8	3077	116.174141706995	0.560223604163
8	3099	117.316142887622	0.4002
8	3124	117.760350083839	0.673023120242
8	3133	117.960350083839	0.6002
8	3139	118.160350083839	0.562465610547
8	3145	118.360350083839	0.614334699874
8	3150	118.560350083839	0.812582492517
8	3171	118.985765122181	0.4002
8	3179	119.195876016248	0.4002
8	3184	119.395876016248	0.532379686026
8	3207	121.864284033144	0.4002
8	3226	122.68324625679	0.4002
8	3235	122.88324625679	0.436852727853
8	3244	123.22727747404	0.4002
8	3258	124.020473069299	0.4002
8	3274	124.567636696263	0.4002
8	3300	126.532854991494	0.4002
8	3306	126.732854991494	0.504366163444
9	29	1.285460666985	1
9	38	1.498404707713	1
9	53	1.920417977924	1
9	63	2.120417977924	1
9	78	2.522914752752	1
9	87	2.874044876294	1
9	101	3.702957656789	1
9	119	4.772915954934	1
9	132	5.187015349299	1
9	156	5.712279900445	1
9	163	5.912279900445	1
9	169	6.112279900445	1
9	175	6.312279900445	1
9	191	6.753877496298	1
9	215	7.61147555901	1
9	228	7.81147555901	1
9	239	8.01147555901	1
9	245	8.21147555901	1
9	251	8.41147555901	1
9	259	8.61147555901	1
9	268	8.938481749246	1
9	282	9.629344928029	1
9	303	11.468952075178	1
9	326	12.486609513648	1
9	332	12.686609513648	1
9	343	12.886609513648	1
9	353	13.165432085844	1
9	369	14.494267447467	1
9	392	15.499040513282	1
9	402	15.699040513282	1
9	418	16.200383687409	1
9	428	16.400383687409	1
9	441	16.986593394878	1
9	462	18.246943173386	1
9	472	18.454024864946	1
9	486	19.233952886188	1
9	502	20.732924018173	1
9	518	21.199991434058	1
9	540	21.952258674018	1
9	548	22.152258674018	1
9	564	22.506067605315	1
9	578	22.826388426755	1
9	583	23.026388426755	1
9	603	23.823417802749	1
9	613	24.103829219307	1
9	626	24.629928988484	1
9	644	25.302689701689	1
9	655	25.502689701689	1
9	661	25.773547240215	1
9	679	26.82305091698	1
9	694	27.164562473682	1
9	714	27.808425772667	1
9	720	28.008425772667	1
9	733	28.208425772667	1
9	741	28.440381245393	1
9	747	28.640381245393	1
9	763	29.111642610506	1
9	772	29.311642610506	1
9	781	29.697837361279	1
9	799	30.567904139262	1
9	818	31.549444740556	1
9	829	31.749444740556	1
9	835	31.999003565521	1
9	848	32.566965912187	1
9	874	34.002792785494	1
9	886	34.244767299654	1
9	891	34.475491128587	1
9	911	34.967600151615	1
9	922	35.167600151615	1
9	929	35.367600151615	1
9	949	35.567600151615	1
9	959	35.802110188411	1
9	964	36.002110188411	1
9	970	36.202110188411	1
9	984	36.98124220554	1
9	1006	38.131811331948	1
9	1013	38.331811331948	1
9	1023	38.531811331948	1
9	1040	39.099068472116	1
9	1048	39.299068472116	1
9	1058	39.652997104626	1
9	1071	40.442464250509	1
9	1095	41.468971337714	1
9	1100	41.668971337714	1
9	1106	41.868971337714	1
9	1119	42.565434812161	1
9	1138	43.731753407246	1
9	1159	44.801991638459	1
9	1171	45.061988843428	1
9	1176	45.284434087796	1
9	1198	46.127470155136	1
9	1218	46.67362894867	1
9	1236	48.119459947619	1
9	1245	48.319459947619	1
9	1260	49.411630500819	1
9	1289	51.857092571404	1
9	1302	52.093373085911	1
9	1316	52.471367545245	1
9	1326	52.671367545245	1
9	1347	53.830822287649	1
9	1364	54.129893038005	1
9	1374	54.340537745322	1
9	1392	55.516434288052	1
9	1398	55.716434288052	1
9	1404	55.916434288052	1
9	1423	56.626644595051	1
9	1444	57.370557256825	1
9	1449	57.570557256825	1
9	1455	57.770557256825	1
9	1467	58.204346277589	1
9	1491	59.936588263524	1
9	1500	60.280585272418	1
9	1531	62.915854600387	1
9	1548	63.545741413799	1
9	1565	64.076516257877	1
9	1589	65.126160000594	1
9	1599	65.326160000594	1
9	1620	66.055546459403	1
9	1625	66.255546459403	1
9	1635	66.455546459403	1
9	1654	67.757999827367	1
9	1660	67.957999827367	1
9	1672	68.157999827367	1
9	1677	68.367586193212	1
9	1697	68.826446799878	1
9	1720	69.641326470131	1
9	1729	69.841326470131	1
9	1740	70.041326470131	1
9	1755	70.241326470131	1
9	1766	70.441326470131	1
9	1775	70.641326470131	1
9	1783	70.841326470131	1
9	1793	71.041326470131	1
9	1813	71.858240308583	1
9	1821	72.058240308583	1
9	1826	72.258240308583	1
9	1837	72.458240308583	1
9	1852	72.658240308583	1
9	1861	72.858240308583	1
9	1870	73.058240308583	1
9	1878	73.258240308583	1
9	1888	73.458240308583	1
9	1899	73.658240308583	1
9	1908	73.858240308583	1
9	1917	74.058240308583	1
9	1939	74.669255743754	1
9	1947	74.869255743754	1
9	1953	75.069255743754	1
9	1966	75.269255743754	1
9	1978	75.522251570078	1
9	1984	75.722251570078	1
9	1989	75.922251570078	1
9	2004	76.979298241756	1
9	2017	77.467157331825	1
9	2034	78.331583800689	1
9	2047	78.776747921936	1
9	2068	80.039463943808	1
9	2077	80.298818861325	1
9	2086	80.623083937853	1
9	2100	81.356226737138	1
9	2116	81.914426397333	1
9	2131	82.945655865065	1
9	2151	83.377925737861	1
9	2157	83.577925737861	1
9	2169	84.011176314337	1
9	2194	84.568082206267	1
9	2205	84.768082206267	1
9	2213	84.968082206267	1
9	2218	85.168082206267	1
9	2244	85.588655858812	1
9	2255	85.788655858812	1
9	2271	86.086739415256	1
9	2279	86.286739415256	1
9	2290	86.486739415256	1
9	2295	86.686739415256	1
9	2301	86.886739415256	1
9	2314	87.086739415256	1
9	2323	87.398059167963	1
9	2341	87.898204459435	1
9	2350	88.182554264574	1
9	2360	88.569319631774	1
9	2383	89.395320869376	1
9	2393	89.603184216482	1
9	2404	89.803184216482	1
9	2409	90.003184216482	1
9	2415	90.203184216482	1
9	2437	92.34138140222	1
9	2466	93.54953612459	1
9	2476	93.798579852699	1
9	2493	95.684469815314	1
9	2513	96.094445705922	1
9	2522	96.494411564498	1
9	2548	98.759877895439	1
9	2561	98.959877895439	1
9	2579	99.425126606941	1
9	2588	99.625126606941	1
9	2605	100.738167113118	1
9	2617	100.938167113118	1
9	2630	101.178294908846	1
9	2639	101.554083512331	1
9	2656	102.071927505761	1
9	2661	102.271927505761	1
9	2680	103.28461699533	1
9	2703	104.441965643434	1
9	2709	104.641965643434	1
9	2721	104.841965643434	1
9	2727	105.105870767217	1
9	2739	105.664936904683	1
9	2762	106.578753024589	1
9	2767	106.778753024589	1
9	2784	107.411265234478	1
9	2797	107.882318050751	1
9	2810	108.411483484756	1
9	2829	109.176976596005	1
9	2853	110.404779684975	1
9	2861	110.604779684975	1
9	2867	110.804779684975	1
9	2880	111.004779684975	1
9	2893	111.255998017536	1
9	2910	111.939905744271	1
9	2923	112.139905744271	1
9	2931	112.339905744271	1
9	2936	112.539905744271	1
9	2945	112.739905744271	1
9	2954	113.060083325882	1
9	2980	113.602198289425	1
9	3000	114.011590822672	1
9	3008	114.211590822672	1
9	3014	114.411590822672	1
9	3019	114.611590822672	1
9	3025	114.811590822672	1
9	3050	115.374141706995	1
9	3055	115.574141706995	1
9	3066	115.774141706995	1
9	3072	115.974141706995	1
9	3077	116.174141706995	1
9	3099	117.316142887622	1
9	3124	117.760350083839	1
9	3133	117.960350083839	1
9	3139	118.160350083839	1
9	3145	118.360350083839	1
9	3150	118.560350083839	1
9	3171	118.985765122181	1
9	3179	119.195876016248	1
9	3184	119.395876016248	1
9	3207	121.864284033144	1
9	3226	122.68324625679	1
9	3235	122.88324625679	1
9	3244	123.22727747404	1
9	3258	124.020473069299	1
9	3274	124.567636696263	1
9	3300	126.532854991494	1
9	3306	126.732854991494	1

