version 3
run FeedbackVersion-7-20240511-20:48:08-11935
attr configname FeedbackVersion
attr datetime 20240511-20:48:08
attr datetimef 20240511-204808
attr experiment FeedbackVersion
attr inifile omnetpp.ini
attr iterationvars $genInterval=0.45
attr iterationvarsd genInterval=0.45
attr iterationvarsf genInterval=0.45-
attr measurement $genInterval=0.45
attr network NetworkFV
attr processid 11935
attr repetition 0
attr replication #0
attr resultdir results
attr runnumber 7
attr seedset 7
itervar genInterval 0.45
config network NetworkFV
config sim-time-limit 200s
config NetworkFV.nodeTx.gen.generationInterval exponential(0.45)
config NetworkFV.nodeTx.gen.packetByteSize 12500
config NetworkFV.queueOne.bufferSize 200
config NetworkFV.nodeRx.queue.bufferSize 200
config NetworkFV.nodeTx.queue.bufferSize 2000000
config NetworkFV.queueZero.bufferSize 200

vector 0 NetworkFV.nodeRx.queue PacketsLost ETV
vector 1 NetworkFV.nodeRx.queue PacketsAsked ETV
vector 2 NetworkFV.queueOne bufferSize ETV
vector 3 NetworkFV.nodeTx.gen packetGen ETV
vector 4 NetworkFV.nodeTx.queue BufferSize ETV
vector 5 NetworkFV.nodeTx.queue PacketsSent ETV
vector 6 NetworkFV.queueZero bufferSize ETV
vector 7 NetworkFV.nodeRx.queue BufferSize ETV
vector 8 NetworkFV.nodeRx.sink Delay ETV
vector 9 NetworkFV.nodeRx.sink packetUsed ETV
0	1	0	1
0	15	0.2	1
0	40	1.0004	1
0	65	1.901	1
0	66	2.2012	1
0	67	2.5014	1
0	68	2.8016	1
0	75	3.1018	1
0	118	4.6028	1
0	119	4.903	1
0	120	5.2032	1
0	121	5.5034	1
0	131	5.8036	1
0	271	9.1058	1
0	281	9.7062	1
0	291	10.0064	1
0	320	10.6068	1
0	376	12.408	1
0	380	12.7082	1
0	393	13.3086	1
0	435	14.5094	1
0	436	14.8096	1
0	447	15.1098	1
0	454	15.7102	1
0	455	16.0104	1
0	462	16.3106	1
0	495	17.2112	1
0	529	18.412	1
0	530	18.7122	1
0	537	19.0124	1
0	544	19.6128	1
0	554	19.913	1
0	595	21.1138	1
0	606	21.7142	1
0	607	22.0144	1
0	614	22.3146	1
0	621	22.915	1
0	622	23.2152	1
0	633	23.5154	1
0	659	23.8156	1
0	706	25.0164	1
0	822	27.7182	1
0	823	28.0184	1
0	824	28.3186	1
0	825	28.6188	1
0	834	28.919	1
0	895	30.42	1
0	921	31.3206	1
0	931	31.921	1
0	932	32.2212	1
0	933	32.5214	1
0	943	32.8216	1
0	1087	36.1238	1
0	1088	36.424	1
0	1097	36.7242	1
0	1167	38.8256	1
0	1168	39.1258	1
0	1169	39.426	1
0	1174	39.7262	1
0	1175	40.0264	1
0	1182	40.3266	1
0	1189	40.927	1
0	1196	41.2272	1
0	1206	41.8276	1
0	1228	42.1278	1
0	1244	42.7282	1
0	1279	43.6288	1
0	1324	44.8296	1
0	1400	46.6308	1
0	1456	48.1318	1
0	1481	49.0324	1
0	1498	49.6328	1
0	1511	50.2332	1
0	1518	50.8336	1
0	1519	51.1338	1
0	1523	51.434	1
0	1548	52.3346	1
0	1562	52.935	1
0	1563	53.2352	1
0	1564	53.5354	1
0	1577	53.8356	1
0	1627	55.0364	1
0	1656	55.937	1
0	1660	56.2372	1
0	1670	56.8376	1
0	1671	57.1378	1
0	1672	57.438	1
0	1680	57.7382	1
0	1700	58.6388	1
0	1701	58.939	1
0	1708	59.2392	1
0	1722	59.8396	1
0	1723	60.1398	1
0	1732	60.44	1
0	1763	61.3406	1
0	1772	61.6408	1
0	1784	62.2412	1
0	1791	62.5414	1
0	1803	63.1418	1
0	1894	65.5434	1
0	1918	66.1438	1
0	2007	68.2452	1
0	2031	69.1458	1
0	2032	69.446	1
0	2039	69.7462	1
0	2092	71.2472	1
0	2099	71.5474	1
0	2106	72.1478	1
0	2117	72.448	1
0	2130	73.0484	1
0	2181	74.5494	1
0	2188	74.8496	1
0	2201	75.45	1
0	2224	76.3506	1
0	2233	76.6508	1
0	2260	77.8516	1
0	2264	78.1518	1
0	2274	78.7522	1
0	2286	79.0524	1
0	2302	79.6528	1
0	2303	79.953	1
0	2307	80.2532	1
0	2352	81.454	1
0	2362	81.7542	1
0	2429	83.2552	1
0	2458	84.1558	1
0	2468	84.7562	1
0	2494	85.6568	1
0	2521	86.5574	1
0	2564	87.7582	1
0	2568	88.0584	1
0	2607	89.2592	1
0	2608	89.5594	1
0	2612	89.8596	1
0	2628	90.46	1
0	2645	91.0604	1
0	2662	91.6608	1
0	2677	92.2612	1
0	2687	92.8616	1
0	2694	93.1618	1
0	2707	93.7622	1
0	2745	94.329639944054	1
0	2747	94.3626	1
0	2794	95.5634	1
0	2795	95.8636	1
0	2808	96.1638	1
0	2845	97.3646	1
0	2880	98.5654	1
0	2887	98.8656	1
0	2906	99.7662	1
0	2907	100.0664	1
0	2911	100.3666	1
0	2966	101.8676	1
0	3023	103.3686	1
0	3115	105.7702	1
0	3122	106.3706	1
0	3129	106.6708	1
0	3196	108.472	1
0	3215	109.3726	1
0	3216	109.6728	1
0	3221	109.973	1
0	3222	110.2732	1
0	3229	110.5734	1
0	3289	112.0744	1
0	3293	112.3746	1
0	3303	112.975	1
0	3308	113.2752	1
0	3309	113.5754	1
0	3310	113.8756	1
0	3311	114.1758	1
0	3318	114.476	1
0	3325	115.0764	1
0	3336	115.3766	1
0	3346	115.6768	1
0	3355	115.977	1
0	3368	116.2772	1
0	3385	116.8776	1
0	3386	117.1778	1
0	3387	117.478	1
0	3394	117.7782	1
0	3432	118.979	1
0	3433	119.2792	1
0	3434	119.5794	1
0	3441	119.8796	1
0	3455	120.48	1
0	3477	121.0804	1
0	3516	122.2812	1
0	3520	122.5814	1
0	3538	123.482	1
0	3539	123.7822	1
0	3546	124.0824	1
0	3612	125.5834	1
0	3686	127.6848	1
0	3728	128.8856	1
0	3737	129.1858	1
0	3773	130.3866	1
0	3774	130.6868	1
0	3775	130.987	1
0	3776	131.2872	1
0	3781	131.5874	1
0	3782	131.8876	1
0	3783	132.1878	1
0	3784	132.488	1
0	3785	132.7882	1
0	3794	133.0884	1
0	3825	133.602027525264	1
0	3830	133.6888	1
0	3867	134.5894	1
0	3968	136.991	1
0	3977	137.2912	1
0	3992	138.1918	1
0	3993	138.492	1
0	3994	138.7922	1
0	3995	139.0924	1
0	4003	139.3926	1
0	4013	139.993	1
0	4014	140.2932	1
0	4015	140.5934	1
0	4016	140.8936	1
0	4026	141.1938	1
0	4042	141.494	1
0	4115	143.2952	1
0	4116	143.5954	1
0	4126	143.8956	1
0	4168	145.0964	1
0	4185	145.6968	1
0	4192	146.2972	1
0	4199	146.5974	1
0	4242	148.0984	1
0	4252	148.6988	1
0	4253	148.999	1
0	4266	149.2992	1
0	4287	150.1998	1
0	4359	152.001	1
0	4360	152.3012	1
0	4369	152.6014	1
0	4438	154.4026	1
0	4603	158.3052	1
0	4620	158.9056	1
0	4660	160.1064	1
0	4705	161.6074	1
0	4706	161.9076	1
0	4718	162.2078	1
0	4730	162.8082	1
0	4731	163.1084	1
0	4732	163.4086	1
0	4737	163.7088	1
0	4744	164.009	1
0	4751	164.6094	1
0	4752	164.9096	1
0	4764	165.2098	1
0	4776	165.8102	1
0	4787	166.1104	1
0	4825	167.011	1
0	4859	167.9116	1
0	4866	168.2118	1
0	4917	169.7128	1
0	4924	170.013	1
0	4943	170.9136	1
0	4950	171.2138	1
0	4957	171.8142	1
0	4961	172.1144	1
0	5051	173.9156	1
0	5064	174.516	1
0	5113	175.7168	1
0	5131	176.6174	1
0	5132	176.9176	1
0	5141	177.2178	1
0	5170	178.1184	1
0	5219	179.6194	1
0	5220	179.9196	1
0	5227	180.2198	1
0	5272	181.4206	1
0	5300	182.6214	1
0	5301	182.9216	1
0	5316	183.2218	1
0	5328	183.8222	1
0	5329	184.1224	1
0	5333	184.4226	1
0	5401	185.9236	1
0	5423	186.8242	1
0	5424	187.1244	1
0	5425	187.4246	1
0	5426	187.7248	1
0	5436	188.025	1
0	5461	188.9256	1
0	5478	189.526	1
0	5522	190.7268	1
0	5553	191.6274	1
0	5642	193.7288	1
0	5643	194.029	1
0	5652	194.3292	1
0	5766	197.3312	1
0	5773	197.6314	1
0	5780	198.2318	1
0	5781	198.532	1
0	5788	198.8322	1
0	5801	199.4326	1
1	1	0	2
1	25	0.535919610161	2
1	56	1.333172759363	4
1	109	4.139844161821	6
1	196	7.021587107751	10
1	303	10.296394676594	15
1	436	14.8096	7
1	520	17.877160563232	7
1	595	21.1138	3
1	633	23.5154	1
1	639	23.609843723647	1
1	653	23.809843723647	1
1	666	24.009843723647	2
1	691	24.494221334956	4
1	747	26.015404226129	6
1	813	27.374941388721	9
1	895	30.42	4
1	949	32.949032270042	4
1	997	33.990236913515	7
1	1072	35.472066413508	10
1	1169	39.426	5
1	1206	41.8276	1
1	1222	42.108988513528	1
1	1232	42.308988513528	2
1	1262	43.195904274488	4
1	1307	44.319088984384	6
1	1383	46.075802363257	9
1	1483	49.180344860023	13
1	1548	52.3346	6
1	1612	54.721948455086	6
1	1672	57.438	3
1	1713	59.347261013201	3
1	1754	60.94795908931	5
1	1819	63.572847341003	7
1	1899	65.61882698628	11
1	2022	68.693760828284	17
1	2106	72.1478	8
1	2203	75.546644822628	8
1	2286	79.0524	4
1	2332	80.708371167915	4
1	2380	82.016102794873	6
1	2443	83.604589608018	9
1	2555	87.313778892566	14
1	2628	90.46	7
1	2707	93.7622	2
1	2731	94.129639944054	2
1	2756	94.529639944054	3
1	2785	95.170449554275	5
1	2847	97.472931059356	8
1	2951	101.50464025186	12
1	3088	105.045174190317	18
1	3216	109.6728	9
1	3303	112.975	3
1	3325	115.0764	1
1	3338	115.5588802787	1
1	3357	115.998365552626	1
1	3376	116.544269514328	2
1	3404	118.089858797706	3
1	3443	119.93923133103	5
1	3507	121.831150011941	7
1	3597	125.277348903941	11
1	3719	128.482795574018	17
1	3776	131.2872	8
1	3794	133.0884	2
1	3813	133.402027525264	2
1	3839	133.875528717942	4
1	3885	134.991004417295	6
1	3953	136.264852202139	9
1	3995	139.0924	4
1	4026	141.1938	1
1	4034	141.363571215622	1
1	4049	141.563571215622	2
1	4073	142.048801796819	3
1	4106	142.886154887254	5
1	4170	145.165214200714	8
1	4253	148.999	4
1	4303	150.567080690653	4
1	4350	151.484823338009	6
1	4426	153.81171586941	9
1	4523	156.227088378476	13
1	4676	160.41277132448	20
1	4732	163.4086	10
1	4776	165.8102	3
1	4810	166.620694873367	3
1	4850	167.581749476497	5
1	4908	169.152022853294	7
1	4961	172.1144	3
1	4995	172.798059238525	3
1	5028	173.398059238525	5
1	5093	175.130178870198	8
1	5189	178.564133963411	13
1	5301	182.9216	6
1	5370	185.27788458421	6
1	5436	188.025	3
1	5463	189.013213897477	3
1	5503	190.243495842301	4
1	5558	191.761776443234	7
1	5633	193.2974777285	11
1	5757	197.001565986808	16
1	5801	199.4326	8
2	2	0	1
2	27	0.535919610161	1
2	58	1.333172759363	1
2	111	4.139844161821	1
2	198	7.021587107751	1
2	305	10.296394676594	1
2	437	14.8096	1
2	522	17.877160563232	1
2	596	21.1138	1
2	634	23.5154	1
2	641	23.609843723647	1
2	655	23.809843723647	1
2	668	24.009843723647	1
2	693	24.494221334956	1
2	749	26.015404226129	1
2	815	27.374941388721	1
2	896	30.42	1
2	951	32.949032270042	1
2	999	33.990236913515	1
2	1074	35.472066413508	1
2	1170	39.426	1
2	1207	41.8276	1
2	1224	42.108988513528	1
2	1234	42.308988513528	1
2	1264	43.195904274488	1
2	1309	44.319088984384	1
2	1385	46.075802363257	1
2	1485	49.180344860023	1
2	1549	52.3346	1
2	1614	54.721948455086	1
2	1673	57.438	1
2	1715	59.347261013201	1
2	1756	60.94795908931	1
2	1821	63.572847341003	1
2	1901	65.61882698628	1
2	2024	68.693760828284	1
2	2107	72.1478	1
2	2205	75.546644822628	1
2	2287	79.0524	1
2	2334	80.708371167915	1
2	2382	82.016102794873	1
2	2445	83.604589608018	1
2	2557	87.313778892566	1
2	2629	90.46	1
2	2708	93.7622	1
2	2733	94.129639944054	1
2	2758	94.529639944054	1
2	2787	95.170449554275	1
2	2849	97.472931059356	1
2	2953	101.50464025186	1
2	3090	105.045174190317	1
2	3217	109.6728	1
2	3304	112.975	1
2	3326	115.0764	1
2	3340	115.5588802787	1
2	3359	115.998365552626	1
2	3378	116.544269514328	1
2	3406	118.089858797706	1
2	3445	119.93923133103	1
2	3509	121.831150011941	1
2	3599	125.277348903941	1
2	3721	128.482795574018	1
2	3777	131.2872	1
2	3795	133.0884	1
2	3815	133.402027525264	1
2	3841	133.875528717942	1
2	3887	134.991004417295	1
2	3955	136.264852202139	1
2	3996	139.0924	1
2	4027	141.1938	1
2	4036	141.363571215622	1
2	4051	141.563571215622	1
2	4075	142.048801796819	1
2	4108	142.886154887254	1
2	4172	145.165214200714	1
2	4254	148.999	1
2	4305	150.567080690653	1
2	4352	151.484823338009	1
2	4428	153.81171586941	1
2	4525	156.227088378476	1
2	4678	160.41277132448	1
2	4733	163.4086	1
2	4777	165.8102	1
2	4812	166.620694873367	1
2	4852	167.581749476497	1
2	4910	169.152022853294	1
2	4962	172.1144	1
2	4997	172.798059238525	1
2	5030	173.398059238525	1
2	5095	175.130178870198	1
2	5191	178.564133963411	1
2	5302	182.9216	1
2	5372	185.27788458421	1
2	5437	188.025	1
2	5465	189.013213897477	1
2	5505	190.243495842301	1
2	5560	191.761776443234	1
2	5635	193.2974777285	1
2	5759	197.001565986808	1
2	5802	199.4326	1
3	6	0.035719610161	1
3	12	0.151781348769	1
3	34	0.832972759363	1
3	41	1.005841245725	1
3	51	1.265483079315	1
3	69	2.987586342986	1
3	87	3.566024683246	1
3	96	3.839644161821	1
3	122	5.556950543495	1
3	128	5.722635041323	1
3	142	6.070603967185	1
3	151	6.208461326522	1
3	162	6.521387107751	1
3	165	6.562219398936	1
3	170	6.595869790744	1
3	183	6.840510205238	1
3	188	6.981168798916	1
3	191	6.988386028337	1
3	204	7.300196520684	1
3	219	7.637821662849	1
3	240	8.14948556524	1
3	268	9.063455140093	1
3	282	9.796194676594	1
3	288	9.976973609014	1
3	297	10.192773318821	1
3	312	10.417382471425	1
3	315	10.448077281643	1
3	334	10.95291967659	1
3	341	11.105866524102	1
3	361	11.607935762553	1
3	377	12.68948349699	1
3	390	13.222406520743	1
3	397	13.330414080529	1
3	402	13.521487029098	1
3	416	13.79225482576	1
3	441	14.985898952908	1
3	456	16.190386541671	1
3	463	16.327457797499	1
3	466	16.338804302809	1
3	487	16.964011772693	1
3	501	17.376960563232	1
3	507	17.509363555764	1
3	531	18.858610037297	1
3	545	19.716214642172	1
3	551	19.834005830583	1
3	555	19.920056803444	1
3	570	20.277877711416	1
3	589	20.981808264271	1
3	608	22.061046600963	1
3	623	23.309643723647	1
3	626	23.373954015211	1
3	645	23.642020977931	1
3	662	23.975517826005	1
3	678	24.194021334956	1
3	700	24.818592147806	1
3	707	25.017649614839	1
3	723	25.515204226129	1
3	726	25.611896795848	1
3	737	25.895688101886	1
3	743	25.943337383307	1
3	753	26.046487895639	1
3	764	26.343042549291	1
3	781	26.646723892614	1
3	797	27.074741388721	1
3	809	27.284363926629	1
3	826	28.64382120353	1
3	835	28.935844713769	1
3	845	29.128836879712	1
3	856	29.333826930782	1
3	866	29.479480706004	1
3	889	30.298324487445	1
3	900	30.564501362591	1
3	918	31.223217115421	1
3	934	32.648832270042	1
3	940	32.818423724132	1
3	944	32.907494514782	1
3	963	33.290036913515	1
3	966	33.359330491514	1
3	974	33.504694730008	1
3	976	33.543935651184	1
3	991	33.815294366864	1
3	1006	34.171866413508	1
3	1018	34.367785408784	1
3	1027	34.534900549144	1
3	1047	35.016936110896	1
3	1055	35.166465987172	1
3	1068	35.374632785712	1
3	1089	36.516834348751	1
3	1098	36.793362891904	1
3	1112	37.048962720849	1
3	1130	37.620712347547	1
3	1137	37.86487638907	1
3	1149	38.104598831573	1
3	1176	40.032743192377	1
3	1190	41.098781257407	1
3	1203	41.808788513528	1
3	1211	41.898339346338	1
3	1218	42.087580434693	1
3	1241	42.695704274488	1
3	1248	42.856426032175	1
3	1258	43.103398968968	1
3	1271	43.418888984384	1
3	1280	43.669051360135	1
3	1297	44.108336364322	1
3	1316	44.561108533968	1
3	1330	45.042583390674	1
3	1345	45.375602363257	1
3	1354	45.510574416617	1
3	1363	45.751751262892	1
3	1375	45.985539082104	1
3	1378	45.986181636329	1
3	1392	46.48135991973	1
3	1395	46.524919862627	1
3	1408	46.785437631153	1
3	1428	47.341542331563	1
3	1450	48.02646379775	1
3	1460	48.360842475	1
3	1475	48.880144860023	1
3	1492	49.416209857574	1
3	1505	50.016673757269	1
3	1520	51.416873311487	1
3	1530	51.719369409334	1
3	1545	52.236231211355	1
3	1565	53.621748455086	1
3	1568	53.646314895816	1
3	1570	53.721432340533	1
3	1578	53.887663366859	1
3	1598	54.358951841837	1
3	1619	54.763027868952	1
3	1631	55.129831606904	1
3	1639	55.250448187886	1
3	1657	56.163493047559	1
3	1677	57.671703650733	1
3	1681	57.741476345989	1
3	1702	59.047061013201	1
3	1709	59.314376294578	1
3	1724	60.163308323124	1
3	1738	60.64775908931	1
3	1750	60.935431854511	1
3	1764	61.423164874644	1
3	1785	62.251999063175	1
3	1798	63.072647341003	1
3	1801	63.135890107872	1
3	1815	63.478105718544	1
3	1825	63.644259258506	1
3	1828	63.662463294031	1
3	1838	63.94225100636	1
3	1845	63.987467779032	1
3	1868	64.596859401872	1
3	1888	65.31862698628	1
3	1895	65.617963407088	1
3	1908	65.849629878952	1
3	1911	65.915868550724	1
3	1929	66.432075317623	1
3	1940	66.621475019632	1
3	1953	66.935125730777	1
3	1965	67.11161250397	1
3	1975	67.339372355687	1
3	1985	67.500145453685	1
3	2004	68.193560828284	1
3	2008	68.274976723314	1
3	2033	69.635245102215	1
3	2040	69.87643409342	1
3	2049	70.010689279249	1
3	2062	70.27818090859	1
3	2077	70.608356126615	1
3	2093	71.279401616994	1
3	2111	72.190983771877	1
3	2124	72.90718232026	1
3	2131	73.183934302838	1
3	2146	73.516466775895	1
3	2149	73.568909788847	1
3	2162	73.846719101755	1
3	2182	74.568726579166	1
3	2195	75.246444822628	1
3	2209	75.556492136793	1
3	2225	76.538809668011	1
3	2228	76.637638266249	1
3	2247	77.143294347747	1
3	2261	78.082930180258	1
3	2275	78.808256392679	1
3	2281	78.948752302395	1
3	2304	80.208171167915	1
3	2311	80.329858505805	1
3	2314	80.348535919398	1
3	2324	80.558307796282	1
3	2353	81.496481228561	1
3	2359	81.715902794873	1
3	2369	81.861586656199	1
3	2376	81.981010649088	1
3	2394	82.27162707373	1
3	2400	82.35861974546	1
3	2423	83.075637344912	1
3	2430	83.304389608018	1
3	2452	83.87281371291	1
3	2465	84.702082248292	1
3	2469	84.773708185237	1
3	2488	85.46904776646	1
3	2500	85.952858442193	1
3	2513	86.413578892566	1
3	2516	86.445873947407	1
3	2527	86.7542197314	1
3	2538	86.952993911124	1
3	2551	87.241291196128	1
3	2565	87.99537219957	1
3	2574	88.284677354767	1
3	2588	88.535822530619	1
3	2609	89.829519463799	1
3	2622	90.241686561866	1
3	2639	90.844076791971	1
3	2652	91.430222654293	1
3	2655	91.449330500279	1
3	2674	92.224069326214	1
3	2688	92.862128981482	1
3	2701	93.505298233236	1
3	2715	93.829439944054	1
3	2718	93.832665954498	1
3	2722	93.921105790012	1
3	2737	94.166432329054	1
3	2750	94.390344659357	1
3	2765	94.670249554275	1
3	2796	95.933240413193	1
3	2799	95.958934993116	1
3	2804	96.066675600303	1
3	2816	96.417526550538	1
3	2839	97.172731059356	1
3	2855	97.593890019692	1
3	2862	97.826506335108	1
3	2881	98.619810952936	1
3	2891	99.017445432198	1
3	2908	100.29725858318	1
3	2912	100.389865679272	1
3	2917	100.451576618565	1
3	2940	101.20444025186	1
3	2947	101.322306156441	1
3	2960	101.713590268147	1
3	2975	102.19794210854	1
3	2986	102.464465996966	1
3	2993	102.528415396594	1
3	3014	103.248366200401	1
3	3020	103.362533044222	1
3	3032	103.716169512213	1
3	3047	104.101073793115	1
3	3056	104.344974190317	1
3	3062	104.428564353962	1
3	3064	104.437268490482	1
3	3094	105.123210916019	1
3	3109	105.641294674842	1
3	3123	106.516427762279	1
3	3133	106.81775763452	1
3	3136	106.833172043134	1
3	3143	106.94531420229	1
3	3156	107.287613774329	1
3	3172	107.647485609782	1
3	3190	108.36492497536	1
3	3200	108.697646841699	1
3	3223	110.360163896084	1
3	3233	110.661014537366	1
3	3241	110.8052672202	1
3	3247	110.942611767623	1
3	3253	111.025972968044	1
3	3270	111.363141892023	1
3	3290	112.305055964651	1
3	3312	114.179173976138	1
3	3330	115.2586802787	1
3	3347	115.698165552626	1
3	3350	115.797194535683	1
3	3365	116.244069514328	1
3	3372	116.506218775233	1
3	3388	117.589658797706	1
3	3410	118.161260982925	1
3	3435	119.63903133103	1
3	3452	120.478983082488	1
3	3463	120.874855858632	1
3	3468	120.957770066199	1
3	3473	121.038860559947	1
3	3491	121.530950011941	1
3	3503	121.754560294038	1
3	3517	122.496791772739	1
3	3540	123.798354898024	1
3	3550	124.15739757685	1
3	3558	124.346697656679	1
3	3562	124.427690583133	1
3	3584	124.977148903941	1
3	3588	124.993427793221	1
3	3593	125.27312367692	1
3	3606	125.421910165703	1
3	3615	125.641982194674	1
3	3641	126.384296552084	1
3	3653	126.722558472093	1
3	3656	126.743168117239	1
3	3678	127.519072180053	1
3	3681	127.522784879588	1
3	3694	127.980628236395	1
3	3706	128.182595574018	1
3	3729	129.076728674911	1
3	3732	129.106310028989	1
3	3746	129.561855894951	1
3	3752	129.634717535846	1
3	3786	132.901827525264	1
3	3789	132.912386096492	1
3	3804	133.240595844098	1
3	3821	133.575328717942	1
3	3833	133.753945700963	1
3	3854	134.290804417295	1
3	3857	134.337603684034	1
3	3864	134.588236998845	1
3	3881	134.964652202139	1
3	3891	135.029690394704	1
3	3898	135.138741811753	1
3	3908	135.319869204071	1
3	3911	135.325206585909	1
3	3928	135.726805495823	1
3	3939	135.886805065543	1
3	3969	137.157827896682	1
3	3972	137.175718715803	1
3	4000	139.380978450078	1
3	4017	141.063371215622	1
3	4023	141.187817892106	1
3	4043	141.548601796819	1
3	4046	141.55338812017	1
3	4055	141.586876123813	1
3	4087	142.385954887254	1
3	4094	142.572983079001	1
3	4117	143.748386518149	1
3	4123	143.873604910722	1
3	4134	144.149726412056	1
3	4138	144.200829147212	1
3	4162	144.865014200714	1
3	4179	145.527015638906	1
3	4193	146.432146512543	1
3	4200	146.626415475275	1
3	4216	147.049695079471	1
3	4219	147.143211853776	1
3	4239	148.070498460104	1
3	4258	149.167536824854	1
3	4261	149.178423826076	1
3	4281	150.066880690653	1
3	4288	150.209484959262	1
3	4296	150.438530921734	1
3	4309	150.584623338009	1
3	4323	150.940303070729	1
3	4328	150.998151604843	1
3	4340	151.267485540977	1
3	4361	152.35464252832	1
3	4378	152.886930075894	1
3	4381	152.90084055002	1
3	4389	153.009111756794	1
3	4407	153.51151586941	1
3	4418	153.687585014005	1
3	4421	153.720890527469	1
3	4435	154.326888378476	1
3	4444	154.528266693949	1
3	4446	154.618982478318	1
3	4463	154.862637626523	1
3	4482	155.398497519886	1
3	4488	155.488571750683	1
3	4502	155.825216718571	1
3	4518	156.156454579857	1
3	4529	156.25602119798	1
3	4543	156.600586266247	1
3	4561	157.073603219699	1
3	4568	157.245199320512	1
3	4579	157.566001553252	1
3	4597	158.167172809371	1
3	4610	158.69280966132	1
3	4613	158.771377133816	1
3	4626	159.154765495115	1
3	4633	159.250985572914	1
3	4654	159.91257132448	1
3	4661	160.109557536257	1
3	4671	160.334245226994	1
3	4684	160.548184261551	1
3	4707	161.981088551471	1
3	4713	162.085052907803	1
3	4738	163.803635783099	1
3	4753	164.933010915849	1
3	4759	165.037312898249	1
3	4781	165.829675135228	1
3	4788	166.120494873367	1
3	4794	166.171358678112	1
3	4819	166.874000573055	1
3	4826	167.081549476497	1
3	4829	167.143151277683	1
3	4837	167.262329164835	1
3	4860	168.051822853294	1
3	4869	168.321732864067	1
3	4877	168.443713793811	1
3	4888	168.589244730351	1
3	4918	169.859541892446	1
3	4928	170.173087270066	1
3	4944	170.946395050428	1
3	4958	172.097859238525	1
3	4966	172.121775477186	1
3	4973	172.338717892458	1
3	4976	172.339553257325	1
3	5001	172.812138237956	1
3	5006	172.899782757867	1
3	5023	173.307214105355	1
3	5043	173.655114744704	1
3	5058	174.282477423566	1
3	5068	174.629978870198	1
3	5071	174.658620742844	1
3	5084	174.981256301105	1
3	5107	175.59586652569	1
3	5114	175.720659247105	1
3	5133	177.03641161648	1
3	5136	177.039199762863	1
3	5149	177.455553009472	1
3	5167	178.063933963411	1
3	5174	178.216523370877	1
3	5185	178.485308324389	1
3	5206	178.987448906036	1
3	5221	179.922171208559	1
3	5233	180.48240510807	1
3	5240	180.702597920636	1
3	5258	181.183388482031	1
3	5261	181.185264461013	1
3	5263	181.25677578199	1
3	5268	181.328170982682	1
3	5306	182.961531091736	1
3	5309	182.978341888908	1
3	5330	184.37768458421	1
3	5337	184.520660059451	1
3	5346	184.769390454481	1
3	5356	184.906484101047	1
3	5376	185.311713257473	1
3	5391	185.734568419153	1
3	5394	185.752764244606	1
3	5396	185.824995880025	1
3	5427	187.839717096408	1
3	5433	187.944481248237	1
3	5455	188.713013897477	1
3	5472	189.287903746671	1
3	5484	189.743295842301	1
3	5491	189.883431252257	1
3	5512	190.52767212152	1
3	5515	190.619669824629	1
3	5520	190.713401130482	1
3	5544	191.461576443234	1
3	5550	191.627028081104	1
3	5554	191.669979423781	1
3	5564	191.7972777285	1
3	5567	191.859774816085	1
3	5587	192.267682708797	1
3	5606	192.779861453095	1
3	5611	192.823244204312	1
3	5623	193.091941581746	1
3	5644	194.108771133603	1
3	5653	194.330956018023	1
3	5666	194.610140403581	1
3	5683	195.098054305541	1
3	5692	195.362856421852	1
3	5695	195.367598915635	1
3	5700	195.41737298622	1
3	5708	195.553794980961	1
3	5730	196.073490096313	1
3	5749	196.701365986808	1
3	5767	197.465326498819	1
3	5782	198.712906793004	1
3	5795	199.159773559364	1
3	5811	199.666491055416	1
3	5818	199.791186829635	1
4	7	0.035719610161	1
4	13	0.151781348769	1
4	35	0.832972759363	1
4	42	1.005841245725	1
4	52	1.265483079315	1
4	70	2.987586342986	2
4	88	3.566024683246	1
4	97	3.839644161821	1
4	123	5.556950543495	1
4	129	5.722635041323	1
4	143	6.070603967185	1
4	152	6.208461326522	1
4	163	6.521387107751	1
4	166	6.562219398936	1
4	171	6.595869790744	2
4	184	6.840510205238	2
4	189	6.981168798916	3
4	192	6.988386028337	4
4	205	7.300196520684	5
4	220	7.637821662849	2
4	241	8.14948556524	1
4	269	9.063455140093	1
4	283	9.796194676594	1
4	289	9.976973609014	1
4	298	10.192773318821	1
4	313	10.417382471425	2
4	316	10.448077281643	2
4	335	10.95291967659	1
4	342	11.105866524102	1
4	362	11.607935762553	1
4	378	12.68948349699	1
4	391	13.222406520743	1
4	398	13.330414080529	1
4	403	13.521487029098	1
4	417	13.79225482576	1
4	442	14.985898952908	1
4	457	16.190386541671	1
4	464	16.327457797499	1
4	467	16.338804302809	1
4	488	16.964011772693	1
4	502	17.376960563232	1
4	508	17.509363555764	1
4	532	18.858610037297	1
4	546	19.716214642172	1
4	552	19.834005830583	1
4	556	19.920056803444	1
4	571	20.277877711416	1
4	590	20.981808264271	1
4	609	22.061046600963	1
4	624	23.309643723647	1
4	627	23.373954015211	1
4	646	23.642020977931	1
4	663	23.975517826005	1
4	679	24.194021334956	1
4	701	24.818592147806	1
4	708	25.017649614839	1
4	724	25.515204226129	1
4	727	25.611896795848	1
4	738	25.895688101886	1
4	744	25.943337383307	2
4	754	26.046487895639	3
4	765	26.343042549291	1
4	782	26.646723892614	1
4	798	27.074741388721	1
4	810	27.284363926629	1
4	827	28.64382120353	2
4	836	28.935844713769	1
4	846	29.128836879712	1
4	857	29.333826930782	1
4	867	29.479480706004	1
4	890	30.298324487445	1
4	901	30.564501362591	1
4	919	31.223217115421	1
4	935	32.648832270042	1
4	941	32.818423724132	1
4	945	32.907494514782	1
4	964	33.290036913515	2
4	967	33.359330491514	2
4	975	33.504694730008	1
4	977	33.543935651184	2
4	992	33.815294366864	2
4	1007	34.171866413508	3
4	1019	34.367785408784	2
4	1028	34.534900549144	1
4	1048	35.016936110896	1
4	1056	35.166465987172	1
4	1069	35.374632785712	1
4	1090	36.516834348751	2
4	1099	36.793362891904	1
4	1113	37.048962720849	1
4	1131	37.620712347547	1
4	1138	37.86487638907	1
4	1150	38.104598831573	1
4	1177	40.032743192377	1
4	1191	41.098781257407	1
4	1204	41.808788513528	1
4	1212	41.898339346338	1
4	1219	42.087580434693	1
4	1242	42.695704274488	2
4	1249	42.856426032175	1
4	1259	43.103398968968	2
4	1272	43.418888984384	3
4	1281	43.669051360135	1
4	1298	44.108336364322	1
4	1317	44.561108533968	2
4	1331	45.042583390674	1
4	1346	45.375602363257	1
4	1355	45.510574416617	1
4	1364	45.751751262892	1
4	1376	45.985539082104	1
4	1379	45.986181636329	2
4	1393	46.48135991973	3
4	1396	46.524919862627	3
4	1409	46.785437631153	1
4	1429	47.341542331563	1
4	1451	48.02646379775	1
4	1461	48.360842475	1
4	1476	48.880144860023	1
4	1493	49.416209857574	1
4	1506	50.016673757269	1
4	1521	51.416873311487	1
4	1531	51.719369409334	1
4	1546	52.236231211355	1
4	1566	53.621748455086	1
4	1569	53.646314895816	1
4	1571	53.721432340533	2
4	1579	53.887663366859	1
4	1599	54.358951841837	1
4	1620	54.763027868952	1
4	1632	55.129831606904	1
4	1640	55.250448187886	1
4	1658	56.163493047559	1
4	1678	57.671703650733	1
4	1682	57.741476345989	1
4	1703	59.047061013201	1
4	1710	59.314376294578	1
4	1725	60.163308323124	2
4	1739	60.64775908931	1
4	1751	60.935431854511	1
4	1765	61.423164874644	2
4	1786	62.251999063175	1
4	1799	63.072647341003	1
4	1802	63.135890107872	1
4	1816	63.478105718544	1
4	1826	63.644259258506	2
4	1829	63.662463294031	2
4	1839	63.94225100636	1
4	1846	63.987467779032	1
4	1869	64.596859401872	1
4	1889	65.31862698628	1
4	1896	65.617963407088	1
4	1909	65.849629878952	2
4	1912	65.915868550724	2
4	1930	66.432075317623	1
4	1941	66.621475019632	1
4	1954	66.935125730777	1
4	1966	67.11161250397	1
4	1976	67.339372355687	1
4	1986	67.500145453685	1
4	2005	68.193560828284	1
4	2009	68.274976723314	1
4	2034	69.635245102215	1
4	2041	69.87643409342	1
4	2050	70.010689279249	1
4	2063	70.27818090859	1
4	2078	70.608356126615	1
4	2094	71.279401616994	1
4	2112	72.190983771877	1
4	2125	72.90718232026	1
4	2132	73.183934302838	1
4	2147	73.516466775895	1
4	2150	73.568909788847	1
4	2163	73.846719101755	1
4	2183	74.568726579166	1
4	2196	75.246444822628	1
4	2210	75.556492136793	1
4	2226	76.538809668011	1
4	2229	76.637638266249	1
4	2248	77.143294347747	1
4	2262	78.082930180258	1
4	2276	78.808256392679	1
4	2282	78.948752302395	1
4	2305	80.208171167915	1
4	2312	80.329858505805	1
4	2315	80.348535919398	1
4	2325	80.558307796282	1
4	2354	81.496481228561	1
4	2360	81.715902794873	1
4	2370	81.861586656199	1
4	2377	81.981010649088	1
4	2395	82.27162707373	1
4	2401	82.35861974546	1
4	2424	83.075637344912	1
4	2431	83.304389608018	1
4	2453	83.87281371291	1
4	2466	84.702082248292	1
4	2470	84.773708185237	1
4	2489	85.46904776646	1
4	2501	85.952858442193	1
4	2514	86.413578892566	1
4	2517	86.445873947407	1
4	2528	86.7542197314	1
4	2539	86.952993911124	1
4	2552	87.241291196128	1
4	2566	87.99537219957	2
4	2575	88.284677354767	1
4	2589	88.535822530619	1
4	2610	89.829519463799	1
4	2623	90.241686561866	1
4	2640	90.844076791971	1
4	2653	91.430222654293	1
4	2656	91.449330500279	1
4	2675	92.224069326214	1
4	2689	92.862128981482	1
4	2702	93.505298233236	1
4	2716	93.829439944054	1
4	2719	93.832665954498	1
4	2723	93.921105790012	2
4	2738	94.166432329054	2
4	2751	94.390344659357	1
4	2766	94.670249554275	2
4	2797	95.933240413193	1
4	2800	95.958934993116	1
4	2805	96.066675600303	1
4	2817	96.417526550538	1
4	2840	97.172731059356	1
4	2856	97.593890019692	1
4	2863	97.826506335108	1
4	2882	98.619810952936	1
4	2892	99.017445432198	1
4	2909	100.29725858318	1
4	2913	100.389865679272	1
4	2918	100.451576618565	1
4	2941	101.20444025186	1
4	2948	101.322306156441	1
4	2961	101.713590268147	2
4	2976	102.19794210854	1
4	2987	102.464465996966	1
4	2994	102.528415396594	1
4	3015	103.248366200401	1
4	3021	103.362533044222	1
4	3033	103.716169512213	1
4	3048	104.101073793115	1
4	3057	104.344974190317	1
4	3063	104.428564353962	1
4	3065	104.437268490482	2
4	3095	105.123210916019	1
4	3110	105.641294674842	1
4	3124	106.516427762279	1
4	3134	106.81775763452	1
4	3137	106.833172043134	1
4	3144	106.94531420229	1
4	3157	107.287613774329	1
4	3173	107.647485609782	1
4	3191	108.36492497536	1
4	3201	108.697646841699	1
4	3224	110.360163896084	1
4	3234	110.661014537366	1
4	3242	110.8052672202	1
4	3248	110.942611767623	1
4	3254	111.025972968044	1
4	3271	111.363141892023	1
4	3291	112.305055964651	1
4	3313	114.179173976138	1
4	3331	115.2586802787	1
4	3348	115.698165552626	1
4	3351	115.797194535683	1
4	3366	116.244069514328	2
4	3373	116.506218775233	2
4	3389	117.589658797706	3
4	3411	118.161260982925	2
4	3436	119.63903133103	1
4	3453	120.478983082488	1
4	3464	120.874855858632	1
4	3469	120.957770066199	1
4	3474	121.038860559947	1
4	3492	121.530950011941	1
4	3504	121.754560294038	1
4	3518	122.496791772739	2
4	3541	123.798354898024	1
4	3551	124.15739757685	1
4	3559	124.346697656679	1
4	3563	124.427690583133	1
4	3585	124.977148903941	1
4	3589	124.993427793221	1
4	3594	125.27312367692	2
4	3607	125.421910165703	3
4	3616	125.641982194674	1
4	3642	126.384296552084	1
4	3654	126.722558472093	1
4	3657	126.743168117239	1
4	3679	127.519072180053	1
4	3682	127.522784879588	1
4	3695	127.980628236395	1
4	3707	128.182595574018	1
4	3730	129.076728674911	1
4	3733	129.106310028989	1
4	3747	129.561855894951	1
4	3753	129.634717535846	1
4	3787	132.901827525264	1
4	3790	132.912386096492	1
4	3805	133.240595844098	1
4	3822	133.575328717942	1
4	3834	133.753945700963	1
4	3855	134.290804417295	1
4	3858	134.337603684034	1
4	3865	134.588236998845	1
4	3882	134.964652202139	1
4	3892	135.029690394704	1
4	3899	135.138741811753	1
4	3909	135.319869204071	1
4	3912	135.325206585909	1
4	3929	135.726805495823	1
4	3940	135.886805065543	1
4	3970	137.157827896682	1
4	3973	137.175718715803	1
4	4001	139.380978450078	1
4	4018	141.063371215622	1
4	4024	141.187817892106	1
4	4044	141.548601796819	1
4	4047	141.55338812017	1
4	4056	141.586876123813	2
4	4088	142.385954887254	1
4	4095	142.572983079001	1
4	4118	143.748386518149	1
4	4124	143.873604910722	1
4	4135	144.149726412056	1
4	4139	144.200829147212	1
4	4163	144.865014200714	1
4	4180	145.527015638906	1
4	4194	146.432146512543	1
4	4201	146.626415475275	1
4	4217	147.049695079471	1
4	4220	147.143211853776	1
4	4240	148.070498460104	1
4	4259	149.167536824854	1
4	4262	149.178423826076	1
4	4282	150.066880690653	1
4	4289	150.209484959262	1
4	4297	150.438530921734	1
4	4310	150.584623338009	2
4	4324	150.940303070729	1
4	4329	150.998151604843	1
4	4341	151.267485540977	1
4	4362	152.35464252832	2
4	4379	152.886930075894	1
4	4382	152.90084055002	1
4	4390	153.009111756794	1
4	4408	153.51151586941	1
4	4419	153.687585014005	1
4	4422	153.720890527469	2
4	4436	154.326888378476	3
4	4445	154.528266693949	1
4	4447	154.618982478318	2
4	4464	154.862637626523	1
4	4483	155.398497519886	1
4	4489	155.488571750683	1
4	4503	155.825216718571	1
4	4519	156.156454579857	1
4	4530	156.25602119798	2
4	4544	156.600586266247	1
4	4562	157.073603219699	1
4	4569	157.245199320512	1
4	4580	157.566001553252	1
4	4598	158.167172809371	1
4	4611	158.69280966132	1
4	4614	158.771377133816	1
4	4627	159.154765495115	1
4	4634	159.250985572914	1
4	4655	159.91257132448	1
4	4662	160.109557536257	1
4	4672	160.334245226994	1
4	4685	160.548184261551	2
4	4708	161.981088551471	1
4	4714	162.085052907803	1
4	4739	163.803635783099	1
4	4754	164.933010915849	1
4	4760	165.037312898249	1
4	4782	165.829675135228	1
4	4789	166.120494873367	1
4	4795	166.171358678112	1
4	4820	166.874000573055	1
4	4827	167.081549476497	1
4	4830	167.143151277683	1
4	4838	167.262329164835	1
4	4861	168.051822853294	2
4	4870	168.321732864067	1
4	4878	168.443713793811	1
4	4889	168.589244730351	1
4	4919	169.859541892446	1
4	4929	170.173087270066	1
4	4945	170.946395050428	1
4	4959	172.097859238525	1
4	4967	172.121775477186	1
4	4974	172.338717892458	1
4	4977	172.339553257325	1
4	5002	172.812138237956	1
4	5007	172.899782757867	1
4	5024	173.307214105355	1
4	5044	173.655114744704	1
4	5059	174.282477423566	1
4	5069	174.629978870198	1
4	5072	174.658620742844	1
4	5085	174.981256301105	1
4	5108	175.59586652569	1
4	5115	175.720659247105	1
4	5134	177.03641161648	1
4	5137	177.039199762863	1
4	5150	177.455553009472	1
4	5168	178.063933963411	1
4	5175	178.216523370877	1
4	5186	178.485308324389	1
4	5207	178.987448906036	1
4	5222	179.922171208559	1
4	5234	180.48240510807	1
4	5241	180.702597920636	1
4	5259	181.183388482031	1
4	5262	181.185264461013	1
4	5264	181.25677578199	2
4	5269	181.328170982682	2
4	5307	182.961531091736	1
4	5310	182.978341888908	1
4	5331	184.37768458421	1
4	5338	184.520660059451	1
4	5347	184.769390454481	1
4	5357	184.906484101047	1
4	5377	185.311713257473	1
4	5392	185.734568419153	1
4	5395	185.752764244606	1
4	5397	185.824995880025	2
4	5428	187.839717096408	1
4	5434	187.944481248237	1
4	5456	188.713013897477	1
4	5473	189.287903746671	1
4	5485	189.743295842301	1
4	5492	189.883431252257	1
4	5513	190.52767212152	1
4	5516	190.619669824629	1
4	5521	190.713401130482	1
4	5545	191.461576443234	1
4	5551	191.627028081104	1
4	5555	191.669979423781	2
4	5565	191.7972777285	3
4	5568	191.859774816085	3
4	5588	192.267682708797	1
4	5607	192.779861453095	1
4	5612	192.823244204312	1
4	5624	193.091941581746	1
4	5645	194.108771133603	2
4	5654	194.330956018023	1
4	5667	194.610140403581	1
4	5684	195.098054305541	1
4	5693	195.362856421852	1
4	5696	195.367598915635	1
4	5701	195.41737298622	2
4	5709	195.553794980961	2
4	5731	196.073490096313	1
4	5750	196.701365986808	1
4	5768	197.465326498819	1
4	5783	198.712906793004	1
4	5796	199.159773559364	1
4	5812	199.666491055416	1
4	5819	199.791186829635	1
5	8	0.035719610161	1
5	14	0.151781348769	2
5	36	0.832972759363	3
5	43	1.005841245725	4
5	71	2.987586342986	5
5	72	3.087586342986	6
5	89	3.566024683246	7
5	98	3.839644161821	8
5	124	5.556950543495	9
5	130	5.722635041323	10
5	144	6.070603967185	11
5	153	6.208461326522	12
5	164	6.521387107751	13
5	172	6.621387107751	14
5	206	7.300196520684	15
5	208	7.400196520684	16
5	211	7.500196520684	17
5	213	7.600196520684	18
5	221	7.700196520684	19
5	225	7.800196520684	20
5	242	8.14948556524	21
5	270	9.063455140093	22
5	284	9.796194676594	23
5	290	9.976973609014	24
5	314	10.417382471425	25
5	317	10.517382471425	26
5	321	10.617382471425	27
5	336	10.95291967659	28
5	343	11.105866524102	29
5	363	11.607935762553	30
5	379	12.68948349699	31
5	392	13.222406520743	32
5	399	13.330414080529	33
5	404	13.521487029098	34
5	418	13.79225482576	35
5	443	14.985898952908	36
5	458	16.190386541671	37
5	465	16.327457797499	38
5	468	16.427457797499	39
5	489	16.964011772693	40
5	503	17.376960563232	41
5	509	17.509363555764	42
5	533	18.858610037297	43
5	547	19.716214642172	44
5	553	19.834005830583	45
5	557	19.934005830583	46
5	572	20.277877711416	47
5	591	20.981808264271	48
5	610	22.061046600963	49
5	625	23.309643723647	50
5	628	23.409643723647	51
5	647	23.642020977931	52
5	664	23.975517826005	53
5	680	24.194021334956	54
5	702	24.818592147806	55
5	709	25.017649614839	56
5	725	25.515204226129	57
5	728	25.615204226129	58
5	755	26.046487895639	59
5	758	26.146487895639	60
5	762	26.246487895639	61
5	766	26.346487895639	62
5	783	26.646723892614	63
5	799	27.074741388721	64
5	828	28.64382120353	65
5	829	28.74382120353	66
5	837	28.935844713769	67
5	847	29.128836879712	68
5	858	29.333826930782	69
5	868	29.479480706004	70
5	891	30.298324487445	71
5	902	30.564501362591	72
5	920	31.223217115421	73
5	936	32.648832270042	74
5	942	32.818423724132	75
5	965	33.290036913515	76
5	968	33.390036913515	77
5	972	33.490036913515	78
5	978	33.590036913515	79
5	1008	34.171866413508	80
5	1012	34.271866413508	81
5	1020	34.371866413508	82
5	1022	34.471866413508	83
5	1029	34.571866413508	84
5	1049	35.016936110896	85
5	1057	35.166465987172	86
5	1091	36.516834348751	87
5	1092	36.616834348751	88
5	1100	36.793362891904	89
5	1114	37.048962720849	90
5	1132	37.620712347547	91
5	1139	37.86487638907	92
5	1151	38.104598831573	93
5	1178	40.032743192377	94
5	1192	41.098781257407	95
5	1205	41.808788513528	96
5	1213	41.908788513528	97
5	1243	42.695704274488	98
5	1245	42.795704274488	99
5	1273	43.418888984384	100
5	1274	43.518888984384	101
5	1277	43.618888984384	102
5	1282	43.718888984384	103
5	1318	44.561108533968	104
5	1319	44.661108533968	105
5	1332	45.042583390674	106
5	1347	45.375602363257	107
5	1356	45.510574416617	108
5	1365	45.751751262892	109
5	1394	46.48135991973	110
5	1397	46.58135991973	111
5	1401	46.68135991973	112
5	1403	46.78135991973	113
5	1410	46.88135991973	114
5	1430	47.341542331563	115
5	1452	48.02646379775	116
5	1462	48.360842475	117
5	1477	48.880144860023	118
5	1494	49.416209857574	119
5	1507	50.016673757269	120
5	1522	51.416873311487	121
5	1532	51.719369409334	122
5	1547	52.236231211355	123
5	1567	53.621748455086	124
5	1572	53.721748455086	125
5	1575	53.821748455086	126
5	1580	53.921748455086	127
5	1600	54.358951841837	128
5	1621	54.763027868952	129
5	1633	55.129831606904	130
5	1641	55.250448187886	131
5	1659	56.163493047559	132
5	1679	57.671703650733	133
5	1683	57.771703650733	134
5	1704	59.047061013201	135
5	1726	60.163308323124	136
5	1727	60.263308323124	137
5	1740	60.64775908931	138
5	1766	61.423164874644	139
5	1767	61.523164874644	140
5	1787	62.251999063175	141
5	1800	63.072647341003	142
5	1804	63.172647341003	143
5	1827	63.644259258506	144
5	1833	63.744259258506	145
5	1836	63.844259258506	146
5	1840	63.944259258506	147
5	1848	64.044259258506	148
5	1870	64.596859401872	149
5	1890	65.31862698628	150
5	1910	65.849629878952	151
5	1913	65.949629878952	152
5	1916	66.049629878952	153
5	1931	66.432075317623	154
5	1942	66.621475019632	155
5	1955	66.935125730777	156
5	1967	67.11161250397	157
5	1977	67.339372355687	158
5	1987	67.500145453685	159
5	2006	68.193560828284	160
5	2010	68.293560828284	161
5	2035	69.635245102215	162
5	2042	69.87643409342	163
5	2051	70.010689279249	164
5	2064	70.27818090859	165
5	2079	70.608356126615	166
5	2095	71.279401616994	167
5	2113	72.190983771877	168
5	2126	72.90718232026	169
5	2133	73.183934302838	170
5	2148	73.516466775895	171
5	2153	73.616466775895	172
5	2164	73.846719101755	173
5	2184	74.568726579166	174
5	2197	75.246444822628	175
5	2211	75.556492136793	176
5	2227	76.538809668011	177
5	2230	76.638809668011	178
5	2249	77.143294347747	179
5	2263	78.082930180258	180
5	2277	78.808256392679	181
5	2283	78.948752302395	182
5	2306	80.208171167915	183
5	2313	80.329858505805	184
5	2316	80.429858505805	185
5	2326	80.558307796282	186
5	2355	81.496481228561	187
5	2361	81.715902794873	188
5	2371	81.861586656199	189
5	2378	81.981010649088	190
5	2396	82.27162707373	191
5	2402	82.37162707373	192
5	2425	83.075637344912	193
5	2432	83.304389608018	194
5	2454	83.87281371291	195
5	2467	84.702082248292	196
5	2471	84.802082248292	197
5	2490	85.46904776646	198
5	2502	85.952858442193	199
5	2515	86.413578892566	200
5	2518	86.513578892566	201
5	2529	86.7542197314	202
5	2540	86.952993911124	203
5	2567	87.99537219957	204
5	2569	88.09537219957	205
5	2576	88.284677354767	206
5	2590	88.535822530619	207
5	2611	89.829519463799	208
5	2624	90.241686561866	209
5	2641	90.844076791971	210
5	2654	91.430222654293	211
5	2657	91.530222654293	212
5	2676	92.224069326214	213
5	2690	92.862128981482	214
5	2703	93.505298233236	215
5	2717	93.829439944054	216
5	2724	93.929439944054	217
5	2739	94.166432329054	218
5	2742	94.266432329054	219
5	2767	94.670249554275	220
5	2771	94.770249554275	221
5	2798	95.933240413193	222
5	2801	96.033240413193	223
5	2806	96.133240413193	224
5	2818	96.417526550538	225
5	2841	97.172731059356	226
5	2857	97.593890019692	227
5	2864	97.826506335108	228
5	2883	98.619810952936	229
5	2893	99.017445432198	230
5	2910	100.29725858318	231
5	2914	100.39725858318	232
5	2919	100.49725858318	233
5	2942	101.20444025186	234
5	2962	101.713590268147	235
5	2963	101.813590268147	236
5	2977	102.19794210854	237
5	2988	102.464465996966	238
5	2995	102.564465996966	239
5	3016	103.248366200401	240
5	3022	103.362533044222	241
5	3034	103.716169512213	242
5	3049	104.101073793115	243
5	3058	104.344974190317	244
5	3066	104.444974190317	245
5	3071	104.544974190317	246
5	3096	105.123210916019	247
5	3111	105.641294674842	248
5	3125	106.516427762279	249
5	3135	106.81775763452	250
5	3140	106.91775763452	251
5	3146	107.01775763452	252
5	3158	107.287613774329	253
5	3174	107.647485609782	254
5	3192	108.36492497536	255
5	3202	108.697646841699	256
5	3225	110.360163896084	257
5	3235	110.661014537366	258
5	3243	110.8052672202	259
5	3249	110.942611767623	260
5	3255	111.042611767623	261
5	3272	111.363141892023	262
5	3292	112.305055964651	263
5	3314	114.179173976138	264
5	3332	115.2586802787	265
5	3349	115.698165552626	266
5	3367	116.244069514328	267
5	3390	117.589658797706	268
5	3391	117.689658797706	269
5	3412	118.161260982925	270
5	3415	118.261260982925	271
5	3437	119.63903133103	272
5	3454	120.478983082488	273
5	3465	120.874855858632	274
5	3470	120.974855858632	275
5	3475	121.074855858632	276
5	3493	121.530950011941	277
5	3519	122.496791772739	278
5	3521	122.596791772739	279
5	3542	123.798354898024	280
5	3552	124.15739757685	281
5	3560	124.346697656679	282
5	3564	124.446697656679	283
5	3586	124.977148903941	284
5	3608	125.421910165703	285
5	3609	125.521910165703	286
5	3613	125.621910165703	287
5	3617	125.721910165703	288
5	3643	126.384296552084	289
5	3655	126.722558472093	290
5	3661	126.822558472093	291
5	3680	127.519072180053	292
5	3683	127.619072180053	293
5	3696	127.980628236395	294
5	3708	128.182595574018	295
5	3731	129.076728674911	296
5	3734	129.176728674911	297
5	3748	129.561855894951	298
5	3754	129.661855894951	299
5	3788	132.901827525264	300
5	3791	133.001827525264	301
5	3806	133.240595844098	302
5	3823	133.575328717942	303
5	3835	133.753945700963	304
5	3856	134.290804417295	305
5	3859	134.390804417295	306
5	3866	134.588236998845	307
5	3883	134.964652202139	308
5	3893	135.064652202139	309
5	3900	135.164652202139	310
5	3910	135.319869204071	311
5	3915	135.419869204071	312
5	3930	135.726805495823	313
5	3941	135.886805065543	314
5	3971	137.157827896682	315
5	3974	137.257827896682	316
5	4002	139.380978450078	317
5	4019	141.063371215622	318
5	4025	141.187817892106	319
5	4045	141.548601796819	320
5	4057	141.648601796819	321
5	4062	141.748601796819	322
5	4089	142.385954887254	323
5	4096	142.572983079001	324
5	4119	143.748386518149	325
5	4125	143.873604910722	326
5	4136	144.149726412056	327
5	4143	144.249726412056	328
5	4164	144.865014200714	329
5	4181	145.527015638906	330
5	4195	146.432146512543	331
5	4202	146.626415475275	332
5	4218	147.049695079471	333
5	4221	147.149695079471	334
5	4241	148.070498460104	335
5	4260	149.167536824854	336
5	4263	149.267536824854	337
5	4283	150.066880690653	338
5	4290	150.209484959262	339
5	4311	150.584623338009	340
5	4314	150.684623338009	341
5	4325	150.940303070729	342
5	4330	151.040303070729	343
5	4363	152.35464252832	344
5	4364	152.45464252832	345
5	4380	152.886930075894	346
5	4386	152.986930075894	347
5	4391	153.086930075894	348
5	4409	153.51151586941	349
5	4437	154.326888378476	350
5	4439	154.426888378476	351
5	4442	154.526888378476	352
5	4448	154.626888378476	353
5	4454	154.726888378476	354
5	4465	154.862637626523	355
5	4484	155.398497519886	356
5	4490	155.498497519886	357
5	4504	155.825216718571	358
5	4531	156.25602119798	359
5	4534	156.35602119798	360
5	4545	156.600586266247	361
5	4563	157.073603219699	362
5	4570	157.245199320512	363
5	4581	157.566001553252	364
5	4599	158.167172809371	365
5	4612	158.69280966132	366
5	4615	158.79280966132	367
5	4628	159.154765495115	368
5	4635	159.254765495115	369
5	4656	159.91257132448	370
5	4663	160.109557536257	371
5	4686	160.548184261551	372
5	4687	160.648184261551	373
5	4709	161.981088551471	374
5	4715	162.085052907803	375
5	4740	163.803635783099	376
5	4755	164.933010915849	377
5	4761	165.037312898249	378
5	4783	165.829675135228	379
5	4790	166.120494873367	380
5	4796	166.220494873367	381
5	4821	166.874000573055	382
5	4828	167.081549476497	383
5	4834	167.181549476497	384
5	4862	168.051822853294	385
5	4863	168.151822853294	386
5	4871	168.321732864067	387
5	4879	168.443713793811	388
5	4890	168.589244730351	389
5	4920	169.859541892446	390
5	4930	170.173087270066	391
5	4946	170.946395050428	392
5	4960	172.097859238525	393
5	4968	172.197859238525	394
5	4975	172.338717892458	395
5	4982	172.438717892458	396
5	5003	172.812138237956	397
5	5008	172.912138237956	398
5	5025	173.307214105355	399
5	5045	173.655114744704	400
5	5060	174.282477423566	401
5	5070	174.629978870198	402
5	5075	174.729978870198	403
5	5086	174.981256301105	404
5	5109	175.59586652569	405
5	5116	175.720659247105	406
5	5135	177.03641161648	407
5	5138	177.13641161648	408
5	5151	177.455553009472	409
5	5169	178.063933963411	410
5	5176	178.216523370877	411
5	5187	178.485308324389	412
5	5208	178.987448906036	413
5	5223	179.922171208559	414
5	5235	180.48240510807	415
5	5242	180.702597920636	416
5	5260	181.183388482031	417
5	5265	181.283388482031	418
5	5270	181.383388482031	419
5	5273	181.483388482031	420
5	5308	182.961531091736	421
5	5311	183.061531091736	422
5	5332	184.37768458421	423
5	5339	184.520660059451	424
5	5348	184.769390454481	425
5	5358	184.906484101047	426
5	5378	185.311713257473	427
5	5393	185.734568419153	428
5	5398	185.834568419153	429
5	5402	185.934568419153	430
5	5429	187.839717096408	431
5	5435	187.944481248237	432
5	5457	188.713013897477	433
5	5474	189.287903746671	434
5	5486	189.743295842301	435
5	5493	189.883431252257	436
5	5514	190.52767212152	437
5	5517	190.62767212152	438
5	5523	190.72767212152	439
5	5546	191.461576443234	440
5	5566	191.7972777285	441
5	5571	191.8972777285	442
5	5575	191.9972777285	443
5	5577	192.0972777285	444
5	5589	192.267682708797	445
5	5608	192.779861453095	446
5	5614	192.879861453095	447
5	5646	194.108771133603	448
5	5647	194.208771133603	449
5	5655	194.330956018023	450
5	5668	194.610140403581	451
5	5685	195.098054305541	452
5	5694	195.362856421852	453
5	5702	195.462856421852	454
5	5710	195.562856421852	455
5	5712	195.662856421852	456
5	5732	196.073490096313	457
5	5751	196.701365986808	458
5	5769	197.465326498819	459
5	5784	198.712906793004	460
5	5797	199.159773559364	461
5	5813	199.666491055416	462
5	5820	199.791186829635	463
6	10	0.135819610161	1
6	17	0.251881348769	1
6	38	0.933072759363	1
6	45	1.105941245725	1
6	73	3.087686342986	1
6	77	3.187686342986	1
6	93	3.666124683246	1
6	103	3.939744161821	1
6	126	5.657050543495	1
6	133	5.822735041323	1
6	149	6.170703967185	1
6	155	6.308561326522	1
6	173	6.621487107751	1
6	179	6.721487107751	1
6	209	7.400296520684	1
6	212	7.500296520684	1
6	215	7.600296520684	1
6	222	7.700296520684	2
6	227	7.800296520684	2
6	231	7.900296520684	3
6	248	8.24958556524	2
6	273	9.163555140093	1
6	286	9.896294676594	1
6	293	10.077073609014	1
6	318	10.517482471425	1
6	322	10.617482471425	1
6	325	10.717482471425	1
6	340	11.05301967659	1
6	348	11.205966524102	1
6	367	11.708035762553	1
6	382	12.78958349699	1
6	395	13.322506520743	1
6	401	13.430514080529	1
6	410	13.621587029098	1
6	422	13.89235482576	1
6	445	15.085998952908	1
6	460	16.290486541671	1
6	469	16.427557797499	1
6	474	16.527557797499	1
6	493	17.064111772693	1
6	505	17.477060563232	1
6	512	17.609463555764	1
6	535	18.958710037297	1
6	549	19.816314642172	1
6	558	19.934105830583	1
6	563	20.034105830583	1
6	576	20.377977711416	1
6	593	21.081908264271	1
6	612	22.161146600963	1
6	629	23.409743723647	1
6	632	23.509743723647	1
6	651	23.742120977931	1
6	673	24.075617826005	1
6	685	24.294121334956	1
6	704	24.918692147806	1
6	711	25.117749614839	1
6	729	25.615304226129	1
6	733	25.715304226129	1
6	759	26.146587895639	1
6	763	26.246587895639	1
6	768	26.346587895639	1
6	772	26.446587895639	2
6	788	26.746823892614	1
6	805	27.174841388721	1
6	830	28.74392120353	1
6	833	28.84392120353	1
6	842	29.035944713769	1
6	853	29.228936879712	1
6	863	29.433926930782	1
6	874	29.579580706004	1
6	893	30.398424487445	1
6	907	30.664601362591	1
6	923	31.323317115421	1
6	938	32.748932270042	1
6	947	32.918523724132	1
6	969	33.390136913515	1
6	973	33.490136913515	1
6	980	33.590136913515	1
6	984	33.690136913515	2
6	1013	34.271966413508	1
6	1021	34.371966413508	1
6	1024	34.471966413508	1
6	1030	34.571966413508	2
6	1036	34.671966413508	2
6	1054	35.117036110896	1
6	1062	35.266565987172	2
6	1093	36.616934348751	1
6	1096	36.716934348751	1
6	1105	36.893462891904	1
6	1118	37.149062720849	1
6	1135	37.720812347547	1
6	1145	37.96497638907	1
6	1156	38.204698831573	1
6	1180	40.132843192377	1
6	1194	41.198881257407	1
6	1214	41.908888513528	1
6	1217	42.008888513528	1
6	1246	42.795804274488	1
6	1251	42.895804274488	1
6	1275	43.518988984384	1
6	1278	43.618988984384	1
6	1284	43.718988984384	1
6	1288	43.818988984384	2
6	1320	44.661208533968	1
6	1323	44.761208533968	1
6	1338	45.142683390674	1
6	1352	45.475702363257	1
6	1358	45.610674416617	1
6	1369	45.851851262892	1
6	1398	46.58145991973	1
6	1402	46.68145991973	1
6	1405	46.78145991973	1
6	1411	46.88145991973	2
6	1417	46.98145991973	2
6	1435	47.441642331563	1
6	1454	48.12656379775	1
6	1467	48.460942475	1
6	1479	48.980244860023	1
6	1496	49.516309857574	1
6	1509	50.116773757269	1
6	1525	51.516973311487	1
6	1537	51.819469409334	1
6	1554	52.336331211355	1
6	1573	53.721848455086	1
6	1576	53.821848455086	1
6	1582	53.921848455086	1
6	1586	54.021848455086	2
6	1605	54.459051841837	1
6	1625	54.863127868952	1
6	1637	55.229931606904	1
6	1644	55.350548187886	1
6	1662	56.263593047559	1
6	1684	57.771803650733	1
6	1687	57.871803650733	1
6	1706	59.147161013201	1
6	1728	60.263408323124	1
6	1731	60.363408323124	1
6	1746	60.74785908931	1
6	1768	61.523264874644	1
6	1771	61.623264874644	1
6	1789	62.352099063175	1
6	1805	63.172747341003	1
6	1808	63.272747341003	1
6	1834	63.744359258506	1
6	1837	63.844359258506	1
6	1842	63.944359258506	1
6	1849	64.044359258506	2
6	1854	64.144359258506	2
6	1875	64.696959401872	1
6	1892	65.41872698628	1
6	1914	65.949729878952	1
6	1917	66.049729878952	1
6	1921	66.149729878952	1
6	1936	66.532175317623	1
6	1946	66.721575019632	1
6	1960	67.035225730777	1
6	1969	67.21171250397	1
6	1983	67.439472355687	1
6	1991	67.600245453685	1
6	2011	68.293660828284	1
6	2014	68.393660828284	1
6	2037	69.735345102215	1
6	2047	69.97653409342	1
6	2056	70.110789279249	1
6	2070	70.37828090859	1
6	2084	70.708456126615	1
6	2097	71.379501616994	1
6	2115	72.291083771877	1
6	2128	73.00728232026	1
6	2138	73.284034302838	1
6	2154	73.616566775895	1
6	2158	73.716566775895	1
6	2168	73.946819101755	1
6	2186	74.668826579166	1
6	2199	75.346544822628	1
6	2215	75.656592136793	1
6	2231	76.638909668011	1
6	2235	76.738909668011	1
6	2251	77.243394347747	1
6	2266	78.183030180258	1
6	2279	78.908356392679	1
6	2285	79.048852302395	1
6	2309	80.308271167915	1
6	2317	80.429958505805	1
6	2322	80.529958505805	1
6	2330	80.658407796282	2
6	2357	81.596581228561	1
6	2367	81.816002794873	1
6	2375	81.961686656199	1
6	2388	82.081110649088	1
6	2403	82.37172707373	1
6	2408	82.47172707373	1
6	2427	83.175737344912	1
6	2437	83.404489608018	1
6	2456	83.97291371291	1
6	2472	84.802182248292	1
6	2475	84.902182248292	1
6	2492	85.56914776646	1
6	2505	86.052958442193	1
6	2519	86.513678892566	1
6	2523	86.613678892566	1
6	2533	86.8543197314	1
6	2544	87.053093911124	1
6	2570	88.09547219957	1
6	2573	88.19547219957	1
6	2582	88.384777354767	1
6	2594	88.635922530619	1
6	2614	89.929619463799	1
6	2626	90.341786561866	1
6	2643	90.944176791971	1
6	2658	91.530322654293	1
6	2661	91.630322654293	1
6	2679	92.324169326214	1
6	2692	92.962228981482	1
6	2705	93.605398233236	1
6	2725	93.929539944054	1
6	2728	94.029539944054	1
6	2743	94.266532329054	1
6	2749	94.366532329054	1
6	2772	94.770349554275	1
6	2777	94.870349554275	1
6	2802	96.033340413193	1
6	2807	96.133340413193	1
6	2811	96.233340413193	1
6	2824	96.517626550538	1
6	2843	97.272831059356	1
6	2860	97.693990019692	1
6	2869	97.926606335108	1
6	2885	98.719910952936	1
6	2897	99.117545432198	1
6	2915	100.39735858318	1
6	2920	100.49735858318	1
6	2923	100.59735858318	1
6	2945	101.30454025186	1
6	2964	101.813690268147	1
6	2968	101.913690268147	1
6	2982	102.29804210854	1
6	2996	102.564565996966	1
6	3001	102.664565996966	1
6	3018	103.348466200401	1
6	3025	103.462633044222	1
6	3039	103.816269512213	1
6	3053	104.201173793115	1
6	3067	104.445074190317	1
6	3072	104.545074190317	1
6	3076	104.645074190317	1
6	3101	105.223310916019	1
6	3113	105.741394674842	1
6	3127	106.616527762279	1
6	3141	106.91785763452	1
6	3147	107.01785763452	1
6	3150	107.11785763452	1
6	3163	107.387713774329	1
6	3179	107.747585609782	1
6	3194	108.46502497536	1
6	3207	108.797746841699	1
6	3227	110.460263896084	1
6	3239	110.761114537366	1
6	3246	110.9053672202	1
6	3256	111.042711767623	1
6	3260	111.142711767623	2
6	3276	111.463241892023	1
6	3295	112.405155964651	1
6	3316	114.279273976138	1
6	3334	115.3587802787	1
6	3353	115.798265552626	1
6	3370	116.344169514328	1
6	3392	117.689758797706	1
6	3396	117.789758797706	1
6	3416	118.261360982925	1
6	3419	118.361360982925	1
6	3439	119.73913133103	1
6	3457	120.579083082488	1
6	3471	120.974955858632	1
6	3476	121.074955858632	1
6	3480	121.174955858632	1
6	3498	121.631050011941	1
6	3522	122.596891772739	1
6	3525	122.696891772739	1
6	3544	123.898454898024	1
6	3556	124.25749757685	1
6	3565	124.446797656679	1
6	3570	124.546797656679	1
6	3591	125.077248903941	1
6	3610	125.522010165703	1
6	3614	125.622010165703	1
6	3619	125.722010165703	1
6	3623	125.822010165703	2
6	3648	126.484396552084	1
6	3662	126.822658472093	1
6	3665	126.922658472093	1
6	3684	127.619172180053	1
6	3688	127.719172180053	1
6	3702	128.080728236395	1
6	3713	128.282695574018	1
6	3735	129.176828674911	1
6	3739	129.276828674911	1
6	3755	129.661955894951	1
6	3760	129.761955894951	1
6	3792	133.001927525264	1
6	3800	133.101927525264	1
6	3810	133.340695844098	1
6	3828	133.675428717942	1
6	3837	133.854045700963	1
6	3860	134.390904417295	1
6	3863	134.490904417295	1
6	3872	134.688336998845	1
6	3894	135.064752202139	1
6	3901	135.164752202139	1
6	3905	135.264752202139	1
6	3916	135.419969204071	2
6	3922	135.519969204071	2
6	3935	135.826905495823	2
6	3945	135.986905065543	2
6	3975	137.257927896682	1
6	3979	137.357927896682	1
6	4005	139.481078450078	1
6	4021	141.163471215622	1
6	4032	141.287917892106	1
6	4058	141.648701796819	1
6	4063	141.748701796819	1
6	4067	141.848701796819	1
6	4092	142.486054887254	1
6	4098	142.673083079001	1
6	4121	143.848486518149	1
6	4128	143.973704910722	1
6	4144	144.249826412056	1
6	4149	144.349826412056	1
6	4166	144.965114200714	1
6	4183	145.627115638906	1
6	4197	146.532246512543	1
6	4204	146.726515475275	1
6	4222	147.149795079471	1
6	4226	147.249795079471	1
6	4244	148.170598460104	1
6	4264	149.267636824854	1
6	4268	149.367636824854	1
6	4285	150.166980690653	1
6	4292	150.309584959262	1
6	4315	150.684723338009	1
6	4318	150.784723338009	1
6	4331	151.040403070729	1
6	4337	151.140403070729	1
6	4365	152.45474252832	1
6	4368	152.55474252832	1
6	4387	152.987030075894	1
6	4392	153.087030075894	1
6	4395	153.187030075894	1
6	4414	153.61161586941	1
6	4440	154.426988378476	1
6	4443	154.526988378476	1
6	4450	154.626988378476	1
6	4455	154.726988378476	2
6	4460	154.826988378476	2
6	4469	154.962737626523	3
6	4491	155.498597519886	1
6	4495	155.598597519886	2
6	4510	155.925316718571	1
6	4535	156.35612119798	1
6	4538	156.45612119798	1
6	4549	156.700686266247	1
6	4566	157.173703219699	1
6	4572	157.345299320512	1
6	4586	157.666101553252	1
6	4601	158.267272809371	1
6	4616	158.79290966132	1
6	4619	158.89290966132	1
6	4636	159.254865495115	1
6	4641	159.354865495115	1
6	4658	160.01267132448	1
6	4665	160.209657536257	1
6	4688	160.648284261551	1
6	4692	160.748284261551	1
6	4711	162.081188551471	1
6	4717	162.185152907803	1
6	4742	163.903735783099	1
6	4757	165.033110915849	1
6	4763	165.137412898249	1
6	4785	165.929775135228	1
6	4797	166.220594873367	1
6	4802	166.320594873367	1
6	4823	166.974100573055	1
6	4835	167.181649476497	1
6	4842	167.281649476497	1
6	4864	168.151922853294	1
6	4868	168.251922853294	1
6	4876	168.421832864067	1
6	4884	168.543813793811	2
6	4894	168.689344730351	2
6	4922	169.959641892446	1
6	4934	170.273187270066	1
6	4948	171.046495050428	1
6	4969	172.197959238525	1
6	4972	172.297959238525	1
6	4983	172.438817892458	1
6	4987	172.538817892458	2
6	5009	172.912238237956	1
6	5014	173.012238237956	1
6	5035	173.407314105355	1
6	5049	173.755214744704	1
6	5062	174.382577423566	1
6	5076	174.730078870198	1
6	5080	174.830078870198	1
6	5090	175.081356301105	1
6	5111	175.69596652569	1
6	5118	175.820759247105	1
6	5139	177.13651161648	1
6	5143	177.23651161648	1
6	5157	177.555653009472	1
6	5172	178.164033963411	1
6	5178	178.316623370877	1
6	5196	178.585408324389	1
6	5211	179.087548906036	1
6	5225	180.022271208559	1
6	5238	180.58250510807	1
6	5247	180.802697920636	1
6	5266	181.283488482031	1
6	5271	181.383488482031	1
6	5275	181.483488482031	1
6	5279	181.583488482031	2
6	5312	183.061631091736	1
6	5315	183.161631091736	1
6	5335	184.47778458421	1
6	5341	184.620760059451	1
6	5352	184.869490454481	1
6	5362	185.006584101047	1
6	5383	185.411813257473	1
6	5399	185.834668419153	1
6	5403	185.934668419153	1
6	5406	186.034668419153	1
6	5431	187.939817096408	1
6	5442	188.044581248237	1
6	5459	188.813113897477	1
6	5476	189.388003746671	1
6	5489	189.843395842301	1
6	5495	189.983531252257	1
6	5518	190.62777212152	1
6	5524	190.72777212152	1
6	5527	190.82777212152	1
6	5548	191.561676443234	1
6	5572	191.8973777285	1
6	5576	191.9973777285	1
6	5579	192.0973777285	1
6	5583	192.1973777285	2
6	5594	192.367782708797	2
6	5615	192.879961453095	1
6	5620	192.979961453095	1
6	5648	194.208871133603	1
6	5651	194.308871133603	1
6	5660	194.431056018023	1
6	5673	194.710240403581	1
6	5689	195.198154305541	1
6	5703	195.462956421852	1
6	5711	195.562956421852	1
6	5714	195.662956421852	1
6	5718	195.762956421852	2
6	5737	196.173590096313	1
6	5754	196.801465986808	1
6	5771	197.565426498819	1
6	5786	198.813006793004	1
6	5799	199.259873559364	1
6	5816	199.766591055416	1
6	5822	199.891286829635	1
7	19	0.335919610161	1
7	25	0.535919610161	1
7	47	1.133172759363	1
7	56	1.333172759363	1
7	79	3.287786342986	1
7	85	3.487786342986	1
7	100	3.866224683246	1
7	109	4.139844161821	1
7	135	5.857150543495	1
7	140	6.057150543495	1
7	157	6.370803967185	1
7	168	6.570803967185	1
7	181	6.821587107751	1
7	196	7.021587107751	1
7	216	7.600396520684	1
7	228	7.800396520684	1
7	236	8.000396520684	1
7	244	8.200396520684	1
7	252	8.400396520684	1
7	258	8.600396520684	1
7	263	8.800396520684	1
7	276	9.363655140093	1
7	295	10.096394676594	1
7	303	10.296394676594	1
7	326	10.717582471425	1
7	332	10.917582471425	1
7	345	11.117582471425	1
7	353	11.317582471425	1
7	359	11.517582471425	1
7	371	11.908135762553	1
7	385	12.98968349699	1
7	406	13.522606520743	1
7	414	13.722606520743	1
7	425	13.922606520743	1
7	430	14.122606520743	1
7	449	15.286098952908	1
7	471	16.490586541671	1
7	479	16.690586541671	1
7	484	16.890586541671	1
7	497	17.264211772693	1
7	514	17.677160563232	1
7	520	17.877160563232	1
7	539	19.158810037297	1
7	560	20.016414642172	1
7	568	20.216414642172	1
7	578	20.416414642172	1
7	584	20.616414642172	1
7	601	21.282008264271	1
7	616	22.361246600963	1
7	639	23.609843723647	1
7	653	23.809843723647	1
7	666	24.009843723647	1
7	682	24.275717826005	1
7	691	24.494221334956	1
7	713	25.118792147806	1
7	719	25.318792147806	1
7	735	25.815404226129	1
7	747	26.015404226129	1
7	769	26.346687895639	1
7	777	26.546687895639	1
7	785	26.746687895639	1
7	793	26.946687895639	1
7	802	27.146687895639	1
7	813	27.374941388721	1
7	839	28.94402120353	1
7	849	29.14402120353	1
7	860	29.34402120353	1
7	871	29.54402120353	1
7	878	29.74402120353	1
7	884	29.94402120353	1
7	904	30.598524487445	1
7	913	30.864701362591	1
7	926	31.523417115421	1
7	949	32.949032270042	1
7	959	33.149032270042	1
7	981	33.590236913515	1
7	989	33.790236913515	1
7	997	33.990236913515	1
7	1010	34.190236913515	1
7	1025	34.472066413508	1
7	1037	34.672066413508	1
7	1042	34.872066413508	1
7	1051	35.072066413508	1
7	1064	35.272066413508	1
7	1072	35.472066413508	1
7	1082	35.672066413508	1
7	1102	36.817034348751	1
7	1109	37.017034348751	1
7	1120	37.217034348751	1
7	1126	37.417034348751	1
7	1141	37.920912347547	1
7	1153	38.16507638907	1
7	1162	38.404798831573	1
7	1184	40.332943192377	1
7	1198	41.398981257407	1
7	1222	42.108988513528	1
7	1232	42.308988513528	1
7	1253	42.995904274488	1
7	1262	43.195904274488	1
7	1285	43.719088984384	1
7	1292	43.919088984384	1
7	1301	44.119088984384	1
7	1307	44.319088984384	1
7	1326	44.861308533968	1
7	1334	45.061308533968	1
7	1343	45.342783390674	1
7	1360	45.675802363257	1
7	1371	45.875802363257	1
7	1383	46.075802363257	1
7	1406	46.78155991973	1
7	1418	46.98155991973	1
7	1423	47.18155991973	1
7	1432	47.38155991973	1
7	1440	47.58155991973	1
7	1445	47.78155991973	1
7	1458	48.32666379775	1
7	1470	48.661042475	1
7	1483	49.180344860023	1
7	1500	49.716409857574	1
7	1513	50.316873757269	1
7	1528	51.717073311487	1
7	1540	52.019569409334	1
7	1557	52.536431211355	1
7	1583	53.921948455086	1
7	1590	54.121948455086	1
7	1596	54.321948455086	1
7	1607	54.521948455086	1
7	1612	54.721948455086	1
7	1629	55.063227868952	1
7	1646	55.430031606904	1
7	1651	55.630031606904	1
7	1665	56.463693047559	1
7	1689	57.971903650733	1
7	1695	58.171903650733	1
7	1713	59.347261013201	1
7	1734	60.463508323124	1
7	1742	60.663508323124	1
7	1754	60.94795908931	1
7	1774	61.723364874644	1
7	1779	61.923364874644	1
7	1793	62.552199063175	1
7	1810	63.372847341003	1
7	1819	63.572847341003	1
7	1843	63.944459258506	1
7	1855	64.144459258506	1
7	1861	64.344459258506	1
7	1866	64.544459258506	1
7	1877	64.744459258506	1
7	1883	64.944459258506	1
7	1899	65.61882698628	1
7	1922	66.149829878952	1
7	1927	66.349829878952	1
7	1938	66.549829878952	1
7	1949	66.749829878952	1
7	1957	66.949829878952	1
7	1971	67.235325730777	1
7	1980	67.435325730777	1
7	1993	67.639572355687	1
7	1999	67.839572355687	1
7	2016	68.493760828284	1
7	2022	68.693760828284	1
7	2044	69.935445102215	1
7	2058	70.17663409342	1
7	2067	70.37663409342	1
7	2075	70.57838090859	1
7	2087	70.908556126615	1
7	2101	71.579601616994	1
7	2119	72.491183771877	1
7	2135	73.20738232026	1
7	2144	73.484134302838	1
7	2160	73.816666775895	1
7	2171	74.016666775895	1
7	2176	74.216666775895	1
7	2190	74.868926579166	1
7	2203	75.546644822628	1
7	2219	75.856692136793	1
7	2237	76.839009668011	1
7	2243	77.039009668011	1
7	2255	77.443494347747	1
7	2269	78.383130180258	1
7	2292	79.108456392679	1
7	2297	79.308456392679	1
7	2319	80.508371167915	1
7	2332	80.708371167915	1
7	2342	80.908371167915	1
7	2347	81.108371167915	1
7	2364	81.796681228561	1
7	2380	82.016102794873	1
7	2392	82.216102794873	1
7	2405	82.416102794873	1
7	2412	82.616102794873	1
7	2418	82.816102794873	1
7	2434	83.375837344912	1
7	2443	83.604589608018	1
7	2460	84.17301371291	1
7	2477	85.002282248292	1
7	2483	85.202282248292	1
7	2496	85.76924776646	1
7	2508	86.253058442193	1
7	2525	86.713778892566	1
7	2536	86.913778892566	1
7	2546	87.113778892566	1
7	2555	87.313778892566	1
7	2578	88.29557219957	1
7	2586	88.49557219957	1
7	2597	88.69557219957	1
7	2602	88.89557219957	1
7	2617	90.129719463799	1
7	2634	90.541886561866	1
7	2647	91.144276791971	1
7	2664	91.730422654293	1
7	2669	91.930422654293	1
7	2682	92.524269326214	1
7	2696	93.162328981482	1
7	2713	93.805498233236	1
7	2731	94.129639944054	1
7	2745	94.329639944054	1
7	2756	94.529639944054	1
7	2769	94.729639944054	1
7	2780	94.970449554275	1
7	2785	95.170449554275	1
7	2812	96.233440413193	1
7	2820	96.433440413193	1
7	2828	96.633440413193	1
7	2834	96.833440413193	1
7	2847	97.472931059356	1
7	2866	97.894090019692	1
7	2875	98.126706335108	1
7	2889	98.920010952936	1
7	2901	99.317645432198	1
7	2924	100.59745858318	1
7	2930	100.79745858318	1
7	2936	100.99745858318	1
7	2951	101.50464025186	1
7	2970	102.013790268147	1
7	2979	102.213790268147	1
7	2991	102.49814210854	1
7	3003	102.764665996966	1
7	3009	102.964665996966	1
7	3027	103.548566200401	1
7	3036	103.748566200401	1
7	3045	104.016369512213	1
7	3060	104.401273793115	1
7	3077	104.645174190317	1
7	3082	104.845174190317	1
7	3088	105.045174190317	1
7	3104	105.423410916019	1
7	3117	105.941494674842	1
7	3131	106.816627762279	1
7	3151	107.11795763452	1
7	3160	107.31795763452	1
7	3167	107.51795763452	1
7	3176	107.71795763452	1
7	3185	107.947685609782	1
7	3198	108.66512497536	1
7	3210	108.997846841699	1
7	3231	110.660363896084	1
7	3251	110.961214537366	1
7	3262	111.161214537366	1
7	3268	111.361214537366	1
7	3279	111.561214537366	1
7	3284	111.761214537366	1
7	3298	112.605255964651	1
7	3320	114.479373976138	1
7	3338	115.5588802787	1
7	3357	115.998365552626	1
7	3376	116.544269514328	1
7	3398	117.889858797706	1
7	3404	118.089858797706	1
7	3422	118.461460982925	1
7	3427	118.661460982925	1
7	3443	119.93923133103	1
7	3460	120.779183082488	1
7	3481	121.175055858632	1
7	3486	121.375055858632	1
7	3495	121.575055858632	1
7	3507	121.831150011941	1
7	3527	122.796991772739	1
7	3533	122.996991772739	1
7	3548	124.098554898024	1
7	3567	124.45759757685	1
7	3574	124.65759757685	1
7	3580	124.85759757685	1
7	3597	125.277348903941	1
7	3620	125.722110165703	1
7	3628	125.922110165703	1
7	3633	126.122110165703	1
7	3639	126.322110165703	1
7	3651	126.684496552084	1
7	3667	127.022758472093	1
7	3673	127.222758472093	1
7	3690	127.819272180053	1
7	3699	128.019272180053	1
7	3710	128.280828236395	1
7	3719	128.482795574018	1
7	3741	129.376928674911	1
7	3750	129.576928674911	1
7	3763	129.862055894951	1
7	3768	130.062055894951	1
7	3802	133.202027525264	1
7	3813	133.402027525264	1
7	3825	133.602027525264	1
7	3839	133.875528717942	1
7	3849	134.075528717942	1
7	3869	134.591004417295	1
7	3876	134.791004417295	1
7	3885	134.991004417295	1
7	3906	135.264852202139	1
7	3918	135.464852202139	1
7	3926	135.664852202139	1
7	3937	135.864852202139	1
7	3947	136.064852202139	1
7	3953	136.264852202139	1
7	3963	136.464852202139	1
7	3981	137.458027896682	1
7	3987	137.658027896682	1
7	4008	139.681178450078	1
7	4034	141.363571215622	1
7	4049	141.563571215622	1
7	4068	141.848801796819	1
7	4073	142.048801796819	1
7	4083	142.248801796819	1
7	4100	142.686154887254	1
7	4106	142.886154887254	1
7	4130	144.048586518149	1
7	4141	144.248586518149	1
7	4151	144.449926412056	1
7	4157	144.649926412056	1
7	4170	145.165214200714	1
7	4187	145.827215638906	1
7	4206	146.732346512543	1
7	4212	146.932346512543	1
7	4228	147.349895079471	1
7	4234	147.549895079471	1
7	4247	148.370698460104	1
7	4270	149.467736824854	1
7	4276	149.667736824854	1
7	4294	150.367080690653	1
7	4303	150.567080690653	1
7	4321	150.884823338009	1
7	4333	151.084823338009	1
7	4344	151.284823338009	1
7	4350	151.484823338009	1
7	4371	152.65484252832	1
7	4376	152.85484252832	1
7	4396	153.187130075894	1
7	4402	153.387130075894	1
7	4411	153.587130075894	1
7	4426	153.81171586941	1
7	4451	154.627088378476	1
7	4461	154.827088378476	1
7	4472	155.027088378476	1
7	4477	155.227088378476	1
7	4486	155.427088378476	1
7	4498	155.627088378476	1
7	4506	155.827088378476	1
7	4514	156.027088378476	1
7	4523	156.227088378476	1
7	4541	156.55622119798	1
7	4551	156.75622119798	1
7	4557	156.95622119798	1
7	4574	157.373803219699	1
7	4583	157.573803219699	1
7	4592	157.866201553252	1
7	4605	158.467372809371	1
7	4622	158.99300966132	1
7	4630	159.19300966132	1
7	4643	159.454965495115	1
7	4649	159.654965495115	1
7	4667	160.21277132448	1
7	4676	160.41277132448	1
7	4694	160.848384261551	1
7	4700	161.048384261551	1
7	4720	162.281288551471	1
7	4725	162.481288551471	1
7	4746	164.103835783099	1
7	4766	165.233210915849	1
7	4771	165.433210915849	1
7	4792	166.129875135228	1
7	4805	166.420694873367	1
7	4810	166.620694873367	1
7	4832	167.174200573055	1
7	4845	167.381749476497	1
7	4850	167.581749476497	1
7	4873	168.352022853294	1
7	4886	168.552022853294	1
7	4896	168.752022853294	1
7	4902	168.952022853294	1
7	4908	169.152022853294	1
7	4926	170.159741892446	1
7	4938	170.473287270066	1
7	4952	171.246595050428	1
7	4979	172.398059238525	1
7	4989	172.598059238525	1
7	4995	172.798059238525	1
7	5011	172.998059238525	1
7	5019	173.198059238525	1
7	5028	173.398059238525	1
7	5040	173.607414105355	1
7	5053	173.955314744704	1
7	5066	174.582677423566	1
7	5082	174.930178870198	1
7	5093	175.130178870198	1
7	5102	175.330178870198	1
7	5120	175.89606652569	1
7	5126	176.09606652569	1
7	5145	177.33661161648	1
7	5154	177.53661161648	1
7	5162	177.755753009472	1
7	5180	178.364133963411	1
7	5189	178.564133963411	1
7	5202	178.785508324389	1
7	5214	179.287648906036	1
7	5229	180.222371208559	1
7	5244	180.78260510807	1
7	5253	181.002797920636	1
7	5276	181.483588482031	1
7	5283	181.683588482031	1
7	5289	181.883588482031	1
7	5295	182.083588482031	1
7	5318	183.261731091736	1
7	5323	183.461731091736	1
7	5343	184.67788458421	1
7	5354	184.87788458421	1
7	5365	185.07788458421	1
7	5370	185.27788458421	1
7	5386	185.611913257473	1
7	5407	186.034768419153	1
7	5413	186.234768419153	1
7	5418	186.434768419153	1
7	5444	188.139917096408	1
7	5450	188.339917096408	1
7	5463	189.013213897477	1
7	5480	189.588103746671	1
7	5497	190.043495842301	1
7	5503	190.243495842301	1
7	5528	190.82787212152	1
7	5534	191.02787212152	1
7	5539	191.22787212152	1
7	5558	191.761776443234	1
7	5580	192.0974777285	1
7	5591	192.2974777285	1
7	5598	192.4974777285	1
7	5604	192.6974777285	1
7	5617	192.8974777285	1
7	5627	193.0974777285	1
7	5633	193.2974777285	1
7	5657	194.408971133603	1
7	5664	194.608971133603	1
7	5675	194.808971133603	1
7	5681	195.008971133603	1
7	5698	195.398254305541	1
7	5715	195.663056421852	1
7	5723	195.863056421852	1
7	5728	196.063056421852	1
7	5739	196.263056421852	1
7	5745	196.463056421852	1
7	5757	197.001565986808	1
7	5775	197.765526498819	1
7	5790	199.013106793004	1
7	5807	199.459973559364	1
7	5824	199.966691055416	1
8	22	0.435919610161	0.4002
8	31	0.635919610161	0.484138261392
8	49	1.233172759363	0.4002
8	62	1.433172759363	0.427331513638
8	81	3.387786342986	2.122303263671
8	90	3.587786342986	0.6002
8	105	3.966224683246	0.4002
8	115	4.239844161821	0.4002
8	137	5.957150543495	0.4002
8	146	6.157150543495	0.434515502172
8	160	6.470803967185	0.4002
8	175	6.670803967185	0.462342640663
8	186	6.921587107751	0.4002
8	202	7.121587107751	0.559367708815
8	223	7.700396520684	1.10452672994
8	232	7.900396520684	1.059886315446
8	238	8.100396520684	1.119227721768
8	249	8.300396520684	1.312010492347
8	254	8.500396520684	1.2002
8	260	8.700396520684	1.062574857835
8	266	8.900396520684	0.750910955444
8	279	9.463655140093	0.4002
8	300	10.196394676594	0.4002
8	310	10.396394676594	0.41942106758
8	328	10.817582471425	0.624809152604
8	337	11.017582471425	0.6002
8	350	11.217582471425	0.769505189782
8	355	11.417582471425	0.464662794835
8	364	11.617582471425	0.511715947323
8	373	12.008135762553	0.4002
8	388	13.08968349699	0.4002
8	411	13.622606520743	0.4002
8	419	13.822606520743	0.492192440214
8	427	14.022606520743	0.501119491645
8	433	14.222606520743	0.430351694983
8	451	15.386098952908	0.4002
8	475	16.590586541671	0.4002
8	481	16.790586541671	0.463128744172
8	490	16.990586541671	0.651782238862
8	499	17.364211772693	0.4002
8	516	17.777160563232	0.4002
8	526	17.977160563232	0.467797007468
8	541	19.258810037297	0.4002
8	564	20.116414642172	0.4002
8	573	20.316414642172	0.482408811589
8	581	20.516414642172	0.596357838728
8	586	20.716414642172	0.438536930756
8	603	21.382008264271	0.4002
8	618	22.461246600963	0.4002
8	648	23.709843723647	0.4002
8	660	23.909843723647	0.535889708436
8	675	24.109843723647	0.467822745716
8	687	24.375717826005	0.4002
8	697	24.594221334956	0.4002
8	715	25.218792147806	0.4002
8	721	25.418792147806	0.401142532967
8	740	25.915404226129	0.4002
8	756	26.115404226129	0.503507430281
8	773	26.446687895639	0.550999793753
8	779	26.646687895639	0.703350512332
8	790	26.846687895639	0.8002
8	795	27.046687895639	0.703645346348
8	807	27.246687895639	0.599964003025
8	820	27.474941388721	0.4002
8	843	29.04402120353	1.759657276901
8	854	29.24402120353	0.6002
8	864	29.44402120353	0.508176489761
8	875	29.64402120353	0.515184323818
8	881	29.84402120353	0.510194272748
8	886	30.04402120353	0.564540497526
8	909	30.698524487445	0.4002
8	915	30.964701362591	0.4002
8	929	31.623417115421	0.4002
8	955	33.049032270042	0.4002
8	961	33.249032270042	0.43060854591
8	985	33.690236913515	0.782742398733
8	994	33.890236913515	0.6002
8	1004	34.090236913515	0.730906422001
8	1015	34.290236913515	0.785542183507
8	1031	34.572066413508	1.028130762324
8	1039	34.772066413508	0.956772046644
8	1045	34.972066413508	0.8002
8	1058	35.172066413508	0.804281004724
8	1066	35.372066413508	0.837165864364
8	1079	35.572066413508	0.555130302612
8	1084	35.772066413508	0.605600426336
8	1106	36.917034348751	1.542401563039
8	1115	37.117034348751	0.6002
8	1122	37.317034348751	0.523671456847
8	1128	37.517034348751	0.468071627902
8	1147	38.020912347547	0.4002
8	1159	38.26507638907	0.4002
8	1164	38.504798831573	0.4002
8	1186	40.432943192377	0.4002
8	1200	41.498981257407	0.4002
8	1229	42.208988513528	0.4002
8	1238	42.408988513528	0.51064916719
8	1256	43.095904274488	1.008323839795
8	1268	43.295904274488	0.6002
8	1289	43.819088984384	0.962662952209
8	1295	44.019088984384	0.915690015416
8	1303	44.219088984384	0.8002
8	1313	44.419088984384	0.750037624249
8	1328	44.961308533968	0.852972169646
8	1340	45.161308533968	0.6002
8	1349	45.442783390674	0.4002
8	1366	45.775802363257	0.4002
8	1373	45.975802363257	0.46522794664
8	1389	46.175802363257	0.424051100365
8	1412	46.88155991973	0.896020837626
8	1420	47.08155991973	1.095378283401
8	1426	47.28155991973	0.8002
8	1436	47.48155991973	0.956640057103
8	1442	47.68155991973	0.896122288577
8	1448	47.88155991973	0.540017588167
8	1463	48.42666379775	0.4002
8	1473	48.761042475	0.4002
8	1489	49.280344860023	0.4002
8	1502	49.816409857574	0.4002
8	1515	50.416873757269	0.4002
8	1534	51.817073311487	0.4002
8	1543	52.119569409334	0.4002
8	1560	52.636431211355	0.4002
8	1587	54.021948455086	0.4002
8	1593	54.221948455086	0.57563355927
8	1601	54.421948455086	0.700516114553
8	1609	54.621948455086	0.734285088227
8	1622	54.821948455086	0.462996613249
8	1634	55.163227868952	0.4002
8	1648	55.530031606904	0.4002
8	1654	55.730031606904	0.479583419018
8	1668	56.563693047559	0.4002
8	1692	58.071903650733	0.4002
8	1697	58.271903650733	0.530427304744
8	1719	59.447261013201	0.4002
8	1736	60.563508323124	1.249132028546
8	1748	60.763508323124	0.6002
8	1761	61.04795908931	0.4002
8	1776	61.823364874644	0.887933020133
8	1782	62.023364874644	0.6002
8	1795	62.652199063175	0.4002
8	1813	63.472847341003	0.4002
8	1830	63.672847341003	0.536957233131
8	1850	64.044459258506	0.566353539962
8	1857	64.244459258506	0.6002
8	1863	64.444459258506	0.781995964475
8	1872	64.644459258506	0.702208252146
8	1879	64.844459258506	0.856991479474
8	1885	65.044459258506	0.447599856634
8	1905	65.71882698628	0.4002
8	1924	66.249829878952	0.631866471864
8	1933	66.449829878952	0.6002
8	1943	66.649829878952	0.733961328228
8	1951	66.849829878952	0.417754561329
8	1963	67.049829878952	0.42835485932
8	1973	67.335325730777	0.4002
8	1988	67.535325730777	0.423713226807
8	1996	67.739572355687	0.4002
8	2001	67.939572355687	0.439426902002
8	2019	68.593760828284	0.4002
8	2028	68.793760828284	0.51878410497
8	2052	70.035445102215	0.4002
8	2060	70.27663409342	0.4002
8	2072	70.47663409342	0.465944814171
8	2081	70.67838090859	0.4002
8	2090	71.008556126615	0.4002
8	2103	71.679601616994	0.4002
8	2121	72.591183771877	0.4002
8	2140	73.30738232026	0.4002
8	2151	73.584134302838	0.4002
8	2165	73.916666775895	0.4002
8	2173	74.116666775895	0.547756987048
8	2179	74.316666775895	0.46994767414
8	2192	74.968926579166	0.4002
8	2212	75.646644822628	0.4002
8	2221	75.956692136793	0.4002
8	2239	76.939009668011	0.4002
8	2245	77.139009668011	0.501371401762
8	2257	77.543494347747	0.4002
8	2272	78.483130180258	0.4002
8	2294	79.208456392679	0.4002
8	2300	79.408456392679	0.459704090284
8	2327	80.608371167915	0.4002
8	2338	80.808371167915	0.47851266211
8	2344	81.008371167915	0.659835248517
8	2350	81.208371167915	0.650063371633
8	2372	81.896681228561	0.4002
8	2389	82.116102794873	0.4002
8	2397	82.316102794873	0.454516138674
8	2409	82.516102794873	0.535092145785
8	2415	82.716102794873	0.444475721143
8	2420	82.916102794873	0.557483049413
8	2439	83.475837344912	0.4002
8	2449	83.704589608018	0.4002
8	2462	84.27301371291	0.4002
8	2480	85.102282248292	0.4002
8	2485	85.302282248292	0.528574063055
8	2498	85.86924776646	0.4002
8	2511	86.353058442193	0.4002
8	2530	86.813778892566	0.4002
8	2541	87.013778892566	0.567904945159
8	2549	87.213778892566	0.459559161166
8	2561	87.413778892566	0.460784981442
8	2583	88.39557219957	1.154281003442
8	2591	88.59557219957	0.6002
8	2599	88.79557219957	0.510894844803
8	2605	88.99557219957	0.459749668951
8	2620	90.229719463799	0.4002
8	2636	90.641886561866	0.4002
8	2649	91.244276791971	0.4002
8	2666	91.830422654293	0.4002
8	2672	92.030422654293	0.581092154014
8	2685	92.624269326214	0.4002
8	2698	93.262328981482	0.4002
8	2720	93.905498233236	0.4002
8	2740	94.229639944054	0.4002
8	2753	94.429639944054	0.596973989556
8	2762	94.629639944054	0.708534154042
8	2774	94.829639944054	0.663207615
8	2782	95.070449554275	0.680104894918
8	2792	95.270449554275	0.6002
8	2814	96.333440413193	0.4002
8	2825	96.533440413193	0.574505420077
8	2830	96.733440413193	0.66676481289
8	2836	96.933440413193	0.515913862655
8	2853	97.572931059356	0.4002
8	2872	97.994090019692	0.4002
8	2877	98.226706335108	0.4002
8	2894	99.020010952936	0.4002
8	2903	99.417645432198	0.4002
8	2927	100.69745858318	0.4002
8	2932	100.89745858318	0.507592903908
8	2938	101.09745858318	0.645881964615
8	2958	101.60464025186	0.4002
8	2972	102.113790268147	0.791484111706
8	2984	102.313790268147	0.6002
8	2998	102.59814210854	0.4002
8	3006	102.864665996966	0.4002
8	3011	103.064665996966	0.536250600372
8	3029	103.648566200401	0.4002
8	3041	103.848566200401	0.486033156179
8	3050	104.116369512213	0.4002
8	3069	104.501273793115	0.4002
8	3079	104.745174190317	0.4002
8	3085	104.945174190317	0.516609836355
8	3097	105.145174190317	0.707905699835
8	3107	105.523410916019	0.4002
8	3119	106.041494674842	0.4002
8	3138	106.916627762279	0.4002
8	3153	107.21795763452	0.4002
8	3164	107.41795763452	0.584785591386
8	3170	107.61795763452	0.67264343223
8	3181	107.81795763452	0.530343860191
8	3187	108.047685609782	0.4002
8	3203	108.76512497536	0.4002
8	3213	109.097846841699	0.4002
8	3236	110.760363896084	0.4002
8	3257	111.061214537366	0.4002
8	3265	111.261214537366	0.455947317166
8	3273	111.461214537366	0.518602769743
8	3281	111.661214537366	0.635241569322
8	3287	111.861214537366	0.498072645343
8	3301	112.705255964651	0.4002
8	3322	114.579373976138	0.4002
8	3344	115.6588802787	0.4002
8	3363	116.098365552626	0.4002
8	3383	116.644269514328	0.847074978645
8	3400	117.989858797706	1.745789283378
8	3413	118.189858797706	1.683640022473
8	3424	118.561460982925	0.971802185219
8	3430	118.761460982925	0.6002
8	3449	120.03923133103	0.4002
8	3466	120.879183082488	0.4002
8	3483	121.275055858632	0.4002
8	3489	121.475055858632	0.517285792433
8	3500	121.675055858632	0.636195298685
8	3513	121.931150011941	0.4002
8	3530	122.896991772739	1.142431478701
8	3535	123.096991772739	0.6002
8	3553	124.198554898024	0.4002
8	3571	124.55759757685	0.4002
8	3577	124.75759757685	0.410899920171
8	3582	124.95759757685	0.529906993717
8	3604	125.377348903941	0.4002
8	3624	125.822110165703	0.828682372482
8	3630	126.022110165703	0.748986488783
8	3636	126.222110165703	0.8002
8	3644	126.422110165703	0.780127971029
8	3659	126.784496552084	0.4002
8	3670	127.122758472093	0.4002
8	3675	127.322758472093	0.579590354854
8	3692	127.919272180053	0.4002
8	3704	128.119272180053	0.596487300465
8	3716	128.380828236395	0.4002
8	3725	128.582795574018	0.4002
8	3743	129.476928674911	0.4002
8	3757	129.676928674911	0.570618645922
8	3765	129.962055894951	0.4002
8	3771	130.162055894951	0.527338359105
8	3807	133.302027525264	0.4002
8	3819	133.502027525264	0.589641428772
8	3831	133.702027525264	0.461431681166
8	3845	133.975528717942	0.4002
8	3851	134.175528717942	0.421583016979
8	3873	134.691004417295	0.4002
8	3879	134.891004417295	0.553400733261
8	3896	135.091004417295	0.50276741845
8	3913	135.364852202139	0.4002
8	3923	135.564852202139	0.535161807435
8	3931	135.764852202139	0.626110390386
8	3942	135.964852202139	0.644982998068
8	3950	136.164852202139	0.83964561623
8	3959	136.364852202139	0.638046706316
8	3965	136.564852202139	0.678047136596
8	3983	137.558027896682	0.4002
8	3989	137.758027896682	0.582309180879
8	4011	139.781178450078	0.4002
8	4040	141.463571215622	0.4002
8	4060	141.663571215622	0.475753323516
8	4070	141.948801796819	0.4002
8	4080	142.148801796819	0.595413676649
8	4085	142.348801796819	0.761925673006
8	4103	142.786154887254	0.4002
8	4112	142.986154887254	0.413171808253
8	4132	144.148586518149	0.4002
8	4146	144.348586518149	0.474981607427
8	4154	144.549926412056	0.4002
8	4159	144.749926412056	0.549097264844
8	4176	145.265214200714	0.4002
8	4189	145.927215638906	0.4002
8	4208	146.832346512543	0.4002
8	4214	147.032346512543	0.405931037268
8	4230	147.449895079471	0.4002
8	4236	147.649895079471	0.506683225695
8	4250	148.470698460104	0.4002
8	4272	149.567736824854	0.4002
8	4278	149.767736824854	0.589312998778
8	4299	150.467080690653	0.4002
8	4312	150.667080690653	0.457595731391
8	4326	150.984823338009	0.546292416275
8	4338	151.184823338009	0.6002
8	4346	151.384823338009	0.44452026728
8	4356	151.584823338009	0.586671733166
8	4373	152.75484252832	1.487356987343
8	4384	152.95484252832	0.6002
8	4399	153.287130075894	0.4002
8	4404	153.487130075894	0.586289525874
8	4416	153.687130075894	0.6780183191
8	4432	153.91171586941	0.4002
8	4456	154.727088378476	1.039503364471
8	4466	154.927088378476	1.206197851007
8	4474	155.127088378476	0.8002
8	4480	155.327088378476	0.798821684527
8	4492	155.527088378476	0.908105900158
8	4500	155.727088378476	0.864450751953
8	4511	155.927088378476	0.52859085859
8	4516	156.127088378476	0.638516627793
8	4532	156.327088378476	0.501871659905
8	4546	156.65622119798	0.499766618123
8	4554	156.85622119798	0.6002
8	4559	157.05622119798	0.455634931733
8	4577	157.473803219699	0.4002
8	4588	157.673803219699	0.428603899187
8	4594	157.966201553252	0.4002
8	4607	158.567372809371	0.4002
8	4624	159.09300966132	0.4002
8	4638	159.29300966132	0.521632527504
8	4646	159.554965495115	0.4002
8	4651	159.754965495115	0.503979922201
8	4669	160.31277132448	0.4002
8	4682	160.51277132448	0.403213788223
8	4696	160.948384261551	0.614139034557
8	4702	161.148384261551	0.6002
8	4722	162.381288551471	0.4002
8	4728	162.581288551471	0.496235643668
8	4748	164.203835783099	0.4002
8	4768	165.333210915849	0.4002
8	4774	165.533210915849	0.4958980176
8	4799	166.229875135228	0.4002
8	4807	166.520694873367	0.4002
8	4817	166.720694873367	0.549336195255
8	4839	167.274200573055	0.4002
8	4847	167.481749476497	0.4002
8	4857	167.681749476497	0.538598198814
8	4880	168.452022853294	1.189693688459
8	4891	168.652022853294	0.6002
8	4899	168.852022853294	0.530289989227
8	4904	169.052022853294	0.608309059483
8	4914	169.252022853294	0.662778122943
8	4931	170.259741892446	0.4002
8	4940	170.573287270066	0.4002
8	4954	171.346595050428	0.4002
8	4984	172.498059238525	0.4002
8	4991	172.698059238525	0.576283761339
8	5004	172.898059238525	0.559341346067
8	5016	173.098059238525	0.7585059812
8	5021	173.298059238525	0.485921000569
8	5037	173.498059238525	0.598276480658
8	5046	173.707414105355	0.4002
8	5055	174.055314744704	0.4002
8	5073	174.682677423566	0.4002
8	5087	175.030178870198	0.4002
8	5099	175.230178870198	0.571558127354
8	5105	175.430178870198	0.448922569093
8	5122	175.99606652569	0.4002
8	5128	176.19606652569	0.475407278585
8	5147	177.43661161648	0.4002
8	5159	177.63661161648	0.597411853617
8	5165	177.855753009472	0.4002
8	5183	178.464133963411	0.4002
8	5198	178.664133963411	0.447610592534
8	5204	178.885508324389	0.4002
8	5217	179.387648906036	0.4002
8	5231	180.322371208559	0.4002
8	5250	180.88260510807	0.4002
8	5255	181.102797920636	0.4002
8	5280	181.583588482031	0.4002
8	5286	181.783588482031	0.598324021018
8	5291	181.983588482031	0.726812700041
8	5297	182.183588482031	0.855417499349
8	5320	183.361731091736	0.4002
8	5326	183.561731091736	0.583389202828
8	5349	184.77788458421	0.4002
8	5359	184.97788458421	0.457224524759
8	5367	185.17788458421	0.408494129729
8	5380	185.37788458421	0.471400483163
8	5389	185.711913257473	0.4002
8	5409	186.134768419153	0.4002
8	5415	186.334768419153	0.582004174547
8	5421	186.534768419153	0.709772539128
8	5446	188.239917096408	0.4002
8	5452	188.439917096408	0.495435848171
8	5469	189.113213897477	0.4002
8	5482	189.688103746671	0.4002
8	5500	190.143495842301	0.4002
8	5509	190.343495842301	0.460064590044
8	5530	190.92787212152	0.4002
8	5536	191.12787212152	0.508202296891
8	5542	191.32787212152	0.614470991038
8	5569	191.861776443234	0.4002
8	5584	192.1974777285	0.570449647396
8	5595	192.3974777285	0.727498304719
8	5601	192.5974777285	0.8002
8	5609	192.7974777285	0.937702912415
8	5621	192.9974777285	0.729795019703
8	5630	193.1974777285	0.417616275405
8	5639	193.3974777285	0.574233524188
8	5661	194.508971133603	1.417029551857
8	5670	194.708971133603	0.6002
8	5677	194.908971133603	0.57801511558
8	5686	195.108971133603	0.498830730022
8	5705	195.498254305541	0.4002
8	5719	195.763056421852	0.4002
8	5725	195.963056421852	0.595457506217
8	5734	196.163056421852	0.745683435632
8	5741	196.363056421852	0.809261440891
8	5747	196.563056421852	0.489566325539
8	5764	197.101565986808	0.4002
8	5777	197.865526498819	0.4002
8	5792	199.113106793004	0.4002
8	5809	199.559973559364	0.4002
9	22	0.435919610161	1
9	31	0.635919610161	1
9	49	1.233172759363	1
9	62	1.433172759363	1
9	81	3.387786342986	1
9	90	3.587786342986	1
9	105	3.966224683246	1
9	115	4.239844161821	1
9	137	5.957150543495	1
9	146	6.157150543495	1
9	160	6.470803967185	1
9	175	6.670803967185	1
9	186	6.921587107751	1
9	202	7.121587107751	1
9	223	7.700396520684	1
9	232	7.900396520684	1
9	238	8.100396520684	1
9	249	8.300396520684	1
9	254	8.500396520684	1
9	260	8.700396520684	1
9	266	8.900396520684	1
9	279	9.463655140093	1
9	300	10.196394676594	1
9	310	10.396394676594	1
9	328	10.817582471425	1
9	337	11.017582471425	1
9	350	11.217582471425	1
9	355	11.417582471425	1
9	364	11.617582471425	1
9	373	12.008135762553	1
9	388	13.08968349699	1
9	411	13.622606520743	1
9	419	13.822606520743	1
9	427	14.022606520743	1
9	433	14.222606520743	1
9	451	15.386098952908	1
9	475	16.590586541671	1
9	481	16.790586541671	1
9	490	16.990586541671	1
9	499	17.364211772693	1
9	516	17.777160563232	1
9	526	17.977160563232	1
9	541	19.258810037297	1
9	564	20.116414642172	1
9	573	20.316414642172	1
9	581	20.516414642172	1
9	586	20.716414642172	1
9	603	21.382008264271	1
9	618	22.461246600963	1
9	648	23.709843723647	1
9	660	23.909843723647	1
9	675	24.109843723647	1
9	687	24.375717826005	1
9	697	24.594221334956	1
9	715	25.218792147806	1
9	721	25.418792147806	1
9	740	25.915404226129	1
9	756	26.115404226129	1
9	773	26.446687895639	1
9	779	26.646687895639	1
9	790	26.846687895639	1
9	795	27.046687895639	1
9	807	27.246687895639	1
9	820	27.474941388721	1
9	843	29.04402120353	1
9	854	29.24402120353	1
9	864	29.44402120353	1
9	875	29.64402120353	1
9	881	29.84402120353	1
9	886	30.04402120353	1
9	909	30.698524487445	1
9	915	30.964701362591	1
9	929	31.623417115421	1
9	955	33.049032270042	1
9	961	33.249032270042	1
9	985	33.690236913515	1
9	994	33.890236913515	1
9	1004	34.090236913515	1
9	1015	34.290236913515	1
9	1031	34.572066413508	1
9	1039	34.772066413508	1
9	1045	34.972066413508	1
9	1058	35.172066413508	1
9	1066	35.372066413508	1
9	1079	35.572066413508	1
9	1084	35.772066413508	1
9	1106	36.917034348751	1
9	1115	37.117034348751	1
9	1122	37.317034348751	1
9	1128	37.517034348751	1
9	1147	38.020912347547	1
9	1159	38.26507638907	1
9	1164	38.504798831573	1
9	1186	40.432943192377	1
9	1200	41.498981257407	1
9	1229	42.208988513528	1
9	1238	42.408988513528	1
9	1256	43.095904274488	1
9	1268	43.295904274488	1
9	1289	43.819088984384	1
9	1295	44.019088984384	1
9	1303	44.219088984384	1
9	1313	44.419088984384	1
9	1328	44.961308533968	1
9	1340	45.161308533968	1
9	1349	45.442783390674	1
9	1366	45.775802363257	1
9	1373	45.975802363257	1
9	1389	46.175802363257	1
9	1412	46.88155991973	1
9	1420	47.08155991973	1
9	1426	47.28155991973	1
9	1436	47.48155991973	1
9	1442	47.68155991973	1
9	1448	47.88155991973	1
9	1463	48.42666379775	1
9	1473	48.761042475	1
9	1489	49.280344860023	1
9	1502	49.816409857574	1
9	1515	50.416873757269	1
9	1534	51.817073311487	1
9	1543	52.119569409334	1
9	1560	52.636431211355	1
9	1587	54.021948455086	1
9	1593	54.221948455086	1
9	1601	54.421948455086	1
9	1609	54.621948455086	1
9	1622	54.821948455086	1
9	1634	55.163227868952	1
9	1648	55.530031606904	1
9	1654	55.730031606904	1
9	1668	56.563693047559	1
9	1692	58.071903650733	1
9	1697	58.271903650733	1
9	1719	59.447261013201	1
9	1736	60.563508323124	1
9	1748	60.763508323124	1
9	1761	61.04795908931	1
9	1776	61.823364874644	1
9	1782	62.023364874644	1
9	1795	62.652199063175	1
9	1813	63.472847341003	1
9	1830	63.672847341003	1
9	1850	64.044459258506	1
9	1857	64.244459258506	1
9	1863	64.444459258506	1
9	1872	64.644459258506	1
9	1879	64.844459258506	1
9	1885	65.044459258506	1
9	1905	65.71882698628	1
9	1924	66.249829878952	1
9	1933	66.449829878952	1
9	1943	66.649829878952	1
9	1951	66.849829878952	1
9	1963	67.049829878952	1
9	1973	67.335325730777	1
9	1988	67.535325730777	1
9	1996	67.739572355687	1
9	2001	67.939572355687	1
9	2019	68.593760828284	1
9	2028	68.793760828284	1
9	2052	70.035445102215	1
9	2060	70.27663409342	1
9	2072	70.47663409342	1
9	2081	70.67838090859	1
9	2090	71.008556126615	1
9	2103	71.679601616994	1
9	2121	72.591183771877	1
9	2140	73.30738232026	1
9	2151	73.584134302838	1
9	2165	73.916666775895	1
9	2173	74.116666775895	1
9	2179	74.316666775895	1
9	2192	74.968926579166	1
9	2212	75.646644822628	1
9	2221	75.956692136793	1
9	2239	76.939009668011	1
9	2245	77.139009668011	1
9	2257	77.543494347747	1
9	2272	78.483130180258	1
9	2294	79.208456392679	1
9	2300	79.408456392679	1
9	2327	80.608371167915	1
9	2338	80.808371167915	1
9	2344	81.008371167915	1
9	2350	81.208371167915	1
9	2372	81.896681228561	1
9	2389	82.116102794873	1
9	2397	82.316102794873	1
9	2409	82.516102794873	1
9	2415	82.716102794873	1
9	2420	82.916102794873	1
9	2439	83.475837344912	1
9	2449	83.704589608018	1
9	2462	84.27301371291	1
9	2480	85.102282248292	1
9	2485	85.302282248292	1
9	2498	85.86924776646	1
9	2511	86.353058442193	1
9	2530	86.813778892566	1
9	2541	87.013778892566	1
9	2549	87.213778892566	1
9	2561	87.413778892566	1
9	2583	88.39557219957	1
9	2591	88.59557219957	1
9	2599	88.79557219957	1
9	2605	88.99557219957	1
9	2620	90.229719463799	1
9	2636	90.641886561866	1
9	2649	91.244276791971	1
9	2666	91.830422654293	1
9	2672	92.030422654293	1
9	2685	92.624269326214	1
9	2698	93.262328981482	1
9	2720	93.905498233236	1
9	2740	94.229639944054	1
9	2753	94.429639944054	1
9	2762	94.629639944054	1
9	2774	94.829639944054	1
9	2782	95.070449554275	1
9	2792	95.270449554275	1
9	2814	96.333440413193	1
9	2825	96.533440413193	1
9	2830	96.733440413193	1
9	2836	96.933440413193	1
9	2853	97.572931059356	1
9	2872	97.994090019692	1
9	2877	98.226706335108	1
9	2894	99.020010952936	1
9	2903	99.417645432198	1
9	2927	100.69745858318	1
9	2932	100.89745858318	1
9	2938	101.09745858318	1
9	2958	101.60464025186	1
9	2972	102.113790268147	1
9	2984	102.313790268147	1
9	2998	102.59814210854	1
9	3006	102.864665996966	1
9	3011	103.064665996966	1
9	3029	103.648566200401	1
9	3041	103.848566200401	1
9	3050	104.116369512213	1
9	3069	104.501273793115	1
9	3079	104.745174190317	1
9	3085	104.945174190317	1
9	3097	105.145174190317	1
9	3107	105.523410916019	1
9	3119	106.041494674842	1
9	3138	106.916627762279	1
9	3153	107.21795763452	1
9	3164	107.41795763452	1
9	3170	107.61795763452	1
9	3181	107.81795763452	1
9	3187	108.047685609782	1
9	3203	108.76512497536	1
9	3213	109.097846841699	1
9	3236	110.760363896084	1
9	3257	111.061214537366	1
9	3265	111.261214537366	1
9	3273	111.461214537366	1
9	3281	111.661214537366	1
9	3287	111.861214537366	1
9	3301	112.705255964651	1
9	3322	114.579373976138	1
9	3344	115.6588802787	1
9	3363	116.098365552626	1
9	3383	116.644269514328	1
9	3400	117.989858797706	1
9	3413	118.189858797706	1
9	3424	118.561460982925	1
9	3430	118.761460982925	1
9	3449	120.03923133103	1
9	3466	120.879183082488	1
9	3483	121.275055858632	1
9	3489	121.475055858632	1
9	3500	121.675055858632	1
9	3513	121.931150011941	1
9	3530	122.896991772739	1
9	3535	123.096991772739	1
9	3553	124.198554898024	1
9	3571	124.55759757685	1
9	3577	124.75759757685	1
9	3582	124.95759757685	1
9	3604	125.377348903941	1
9	3624	125.822110165703	1
9	3630	126.022110165703	1
9	3636	126.222110165703	1
9	3644	126.422110165703	1
9	3659	126.784496552084	1
9	3670	127.122758472093	1
9	3675	127.322758472093	1
9	3692	127.919272180053	1
9	3704	128.119272180053	1
9	3716	128.380828236395	1
9	3725	128.582795574018	1
9	3743	129.476928674911	1
9	3757	129.676928674911	1
9	3765	129.962055894951	1
9	3771	130.162055894951	1
9	3807	133.302027525264	1
9	3819	133.502027525264	1
9	3831	133.702027525264	1
9	3845	133.975528717942	1
9	3851	134.175528717942	1
9	3873	134.691004417295	1
9	3879	134.891004417295	1
9	3896	135.091004417295	1
9	3913	135.364852202139	1
9	3923	135.564852202139	1
9	3931	135.764852202139	1
9	3942	135.964852202139	1
9	3950	136.164852202139	1
9	3959	136.364852202139	1
9	3965	136.564852202139	1
9	3983	137.558027896682	1
9	3989	137.758027896682	1
9	4011	139.781178450078	1
9	4040	141.463571215622	1
9	4060	141.663571215622	1
9	4070	141.948801796819	1
9	4080	142.148801796819	1
9	4085	142.348801796819	1
9	4103	142.786154887254	1
9	4112	142.986154887254	1
9	4132	144.148586518149	1
9	4146	144.348586518149	1
9	4154	144.549926412056	1
9	4159	144.749926412056	1
9	4176	145.265214200714	1
9	4189	145.927215638906	1
9	4208	146.832346512543	1
9	4214	147.032346512543	1
9	4230	147.449895079471	1
9	4236	147.649895079471	1
9	4250	148.470698460104	1
9	4272	149.567736824854	1
9	4278	149.767736824854	1
9	4299	150.467080690653	1
9	4312	150.667080690653	1
9	4326	150.984823338009	1
9	4338	151.184823338009	1
9	4346	151.384823338009	1
9	4356	151.584823338009	1
9	4373	152.75484252832	1
9	4384	152.95484252832	1
9	4399	153.287130075894	1
9	4404	153.487130075894	1
9	4416	153.687130075894	1
9	4432	153.91171586941	1
9	4456	154.727088378476	1
9	4466	154.927088378476	1
9	4474	155.127088378476	1
9	4480	155.327088378476	1
9	4492	155.527088378476	1
9	4500	155.727088378476	1
9	4511	155.927088378476	1
9	4516	156.127088378476	1
9	4532	156.327088378476	1
9	4546	156.65622119798	1
9	4554	156.85622119798	1
9	4559	157.05622119798	1
9	4577	157.473803219699	1
9	4588	157.673803219699	1
9	4594	157.966201553252	1
9	4607	158.567372809371	1
9	4624	159.09300966132	1
9	4638	159.29300966132	1
9	4646	159.554965495115	1
9	4651	159.754965495115	1
9	4669	160.31277132448	1
9	4682	160.51277132448	1
9	4696	160.948384261551	1
9	4702	161.148384261551	1
9	4722	162.381288551471	1
9	4728	162.581288551471	1
9	4748	164.203835783099	1
9	4768	165.333210915849	1
9	4774	165.533210915849	1
9	4799	166.229875135228	1
9	4807	166.520694873367	1
9	4817	166.720694873367	1
9	4839	167.274200573055	1
9	4847	167.481749476497	1
9	4857	167.681749476497	1
9	4880	168.452022853294	1
9	4891	168.652022853294	1
9	4899	168.852022853294	1
9	4904	169.052022853294	1
9	4914	169.252022853294	1
9	4931	170.259741892446	1
9	4940	170.573287270066	1
9	4954	171.346595050428	1
9	4984	172.498059238525	1
9	4991	172.698059238525	1
9	5004	172.898059238525	1
9	5016	173.098059238525	1
9	5021	173.298059238525	1
9	5037	173.498059238525	1
9	5046	173.707414105355	1
9	5055	174.055314744704	1
9	5073	174.682677423566	1
9	5087	175.030178870198	1
9	5099	175.230178870198	1
9	5105	175.430178870198	1
9	5122	175.99606652569	1
9	5128	176.19606652569	1
9	5147	177.43661161648	1
9	5159	177.63661161648	1
9	5165	177.855753009472	1
9	5183	178.464133963411	1
9	5198	178.664133963411	1
9	5204	178.885508324389	1
9	5217	179.387648906036	1
9	5231	180.322371208559	1
9	5250	180.88260510807	1
9	5255	181.102797920636	1
9	5280	181.583588482031	1
9	5286	181.783588482031	1
9	5291	181.983588482031	1
9	5297	182.183588482031	1
9	5320	183.361731091736	1
9	5326	183.561731091736	1
9	5349	184.77788458421	1
9	5359	184.97788458421	1
9	5367	185.17788458421	1
9	5380	185.37788458421	1
9	5389	185.711913257473	1
9	5409	186.134768419153	1
9	5415	186.334768419153	1
9	5421	186.534768419153	1
9	5446	188.239917096408	1
9	5452	188.439917096408	1
9	5469	189.113213897477	1
9	5482	189.688103746671	1
9	5500	190.143495842301	1
9	5509	190.343495842301	1
9	5530	190.92787212152	1
9	5536	191.12787212152	1
9	5542	191.32787212152	1
9	5569	191.861776443234	1
9	5584	192.1974777285	1
9	5595	192.3974777285	1
9	5601	192.5974777285	1
9	5609	192.7974777285	1
9	5621	192.9974777285	1
9	5630	193.1974777285	1
9	5639	193.3974777285	1
9	5661	194.508971133603	1
9	5670	194.708971133603	1
9	5677	194.908971133603	1
9	5686	195.108971133603	1
9	5705	195.498254305541	1
9	5719	195.763056421852	1
9	5725	195.963056421852	1
9	5734	196.163056421852	1
9	5741	196.363056421852	1
9	5747	196.563056421852	1
9	5764	197.101565986808	1
9	5777	197.865526498819	1
9	5792	199.113106793004	1
9	5809	199.559973559364	1

