version 3
run FeedbackVersion-11-20240511-20:48:08-11935
attr configname FeedbackVersion
attr datetime 20240511-20:48:08
attr datetimef 20240511-204808
attr experiment FeedbackVersion
attr inifile omnetpp.ini
attr iterationvars $genInterval=0.65
attr iterationvarsd genInterval=0.65
attr iterationvarsf genInterval=0.65-
attr measurement $genInterval=0.65
attr network NetworkFV
attr processid 11935
attr repetition 0
attr replication #0
attr resultdir results
attr runnumber 11
attr seedset 11
itervar genInterval 0.65
config network NetworkFV
config sim-time-limit 200s
config NetworkFV.nodeTx.gen.generationInterval exponential(0.65)
config NetworkFV.nodeTx.gen.packetByteSize 12500
config NetworkFV.queueOne.bufferSize 200
config NetworkFV.nodeRx.queue.bufferSize 200
config NetworkFV.nodeTx.queue.bufferSize 2000000
config NetworkFV.queueZero.bufferSize 200

vector 0 NetworkFV.nodeRx.queue PacketsLost ETV
vector 1 NetworkFV.nodeRx.queue PacketsAsked ETV
vector 2 NetworkFV.queueOne bufferSize ETV
vector 3 NetworkFV.nodeTx.gen packetGen ETV
vector 4 NetworkFV.nodeTx.queue BufferSize ETV
vector 5 NetworkFV.nodeTx.queue PacketsSent ETV
vector 6 NetworkFV.queueZero bufferSize ETV
vector 7 NetworkFV.nodeRx.queue BufferSize ETV
vector 8 NetworkFV.nodeRx.sink Delay ETV
vector 9 NetworkFV.nodeRx.sink packetUsed ETV
0	1	0	1
0	13	0.2	1
0	19	0.4	1
0	89	2.4012	1
0	96	3.0016	1
0	97	3.3018	1
0	98	3.602	1
0	99	3.9022	1
0	106	4.2024	1
0	171	5.7034	1
0	172	6.0036	1
0	173	6.3038	1
0	180	6.604	1
0	211	7.8048	1
0	215	8.105	1
0	225	8.7054	1
0	226	9.0056	1
0	227	9.3058	1
0	228	9.606	1
0	236	9.9062	1
0	260	10.8068	1
0	261	11.107	1
0	268	11.4072	1
0	275	12.0076	1
0	276	12.3078	1
0	277	12.608	1
0	288	12.9082	1
0	298	13.2084	1
0	302	13.5086	1
0	313	13.8088	1
0	316	14.109	1
0	325	14.4092	1
0	342	15.0096	1
0	361	15.9102	1
0	362	16.2104	1
0	369	16.5106	1
0	376	17.111	1
0	383	17.4112	1
0	390	18.0116	1
0	395	18.3118	1
0	399	18.612	1
0	412	19.2124	1
0	429	19.8128	1
0	430	20.113	1
0	439	20.4132	1
0	461	21.0136	1
0	476	21.614	1
0	495	22.5146	1
0	496	22.8148	1
0	497	23.115	1
0	498	23.4152	1
0	499	23.7154	1
0	510	24.0156	1
0	527	24.3158	1
0	530	24.616	1
0	531	24.9162	1
0	532	25.2164	1
0	533	25.5166	1
0	534	25.8168	1
0	539	26.117	1
0	540	26.4172	1
0	541	26.7174	1
0	548	27.0176	1
0	561	27.3178	1
0	562	27.618	1
0	563	27.9182	1
0	576	28.2184	1
0	586	28.5186	1
0	587	28.8188	1
0	591	29.119	1
0	605	29.7194	1
0	606	30.0196	1
0	607	30.3198	1
0	608	30.62	1
0	615	30.9202	1
0	634	31.8208	1
0	643	32.121	1
0	739	34.5226	1
0	753	35.123	1
0	757	35.4232	1
0	798	36.9242	1
0	816	37.5246	1
0	834	38.4252	1
0	852	39.0256	1
0	899	40.5266	1
0	900	40.8268	1
0	907	41.127	1
0	926	42.0276	1
0	933	42.3278	1
0	940	42.9282	1
0	945	43.2284	1
0	946	43.5286	1
0	953	43.8288	1
0	968	44.4292	1
0	985	45.0296	1
0	1007	45.9302	1
0	1008	46.2304	1
0	1009	46.5306	1
0	1010	46.8308	1
0	1011	47.131	1
0	1018	47.4312	1
0	1037	47.7314	1
0	1051	47.956964193094	1
0	1053	48.0316	1
0	1056	48.3318	1
0	1057	48.632	1
0	1058	48.9322	1
0	1059	49.2324	1
0	1064	49.5326	1
0	1065	49.8328	1
0	1066	50.133	1
0	1067	50.4332	1
0	1074	50.7334	1
0	1084	51.0336	1
0	1091	51.3338	1
0	1104	51.634	1
0	1108	51.9342	1
0	1128	52.5346	1
0	1150	53.4352	1
0	1159	53.7354	1
0	1213	54.9362	1
0	1272	56.4372	1
0	1273	56.7374	1
0	1277	57.0376	1
0	1333	58.8388	1
0	1343	59.4392	1
0	1344	59.7394	1
0	1349	60.0396	1
0	1353	60.3398	1
0	1363	60.9402	1
0	1364	61.2404	1
0	1365	61.5406	1
0	1366	61.8408	1
0	1371	62.141	1
0	1372	62.4412	1
0	1373	62.7414	1
0	1374	63.0416	1
0	1381	63.3418	1
0	1391	63.642	1
0	1392	63.9422	1
0	1396	64.2424	1
0	1416	64.8428	1
0	1429	65.4432	1
0	1440	66.0436	1
0	1444	66.3438	1
0	1459	66.9442	1
0	1484	67.8448	1
0	1488	68.145	1
0	1541	69.646	1
0	1542	69.9462	1
0	1543	70.2464	1
0	1544	70.5466	1
0	1545	70.8468	1
0	1546	71.147	1
0	1557	71.4472	1
0	1564	72.0476	1
0	1571	72.3478	1
0	1586	72.9482	1
0	1605	73.8488	1
0	1606	74.149	1
0	1607	74.4492	1
0	1608	74.7494	1
0	1609	75.0496	1
0	1610	75.3498	1
0	1615	75.65	1
0	1616	75.9502	1
0	1622	76.2504	1
0	1647	77.151	1
0	1651	77.4512	1
0	1673	78.3518	1
0	1683	78.652	1
0	1713	79.5526	1
0	1720	79.8528	1
0	1727	80.4532	1
0	1728	80.7534	1
0	1729	81.0536	1
0	1730	81.3538	1
0	1741	81.654	1
0	1748	82.2544	1
0	1755	82.5546	1
0	1769	83.155	1
0	1770	83.4552	1
0	1771	83.7554	1
0	1772	84.0556	1
0	1773	84.3558	1
0	1782	84.656	1
0	1806	84.9562	1
0	1834	85.8568	1
0	1841	86.157	1
0	1861	86.7574	1
0	1876	87.658	1
0	1886	87.9582	1
0	1897	88.5586	1
0	1903	88.8588	1
0	1947	90.3598	1
0	1958	90.9602	1
0	1962	91.2604	1
0	1991	92.161	1
0	2005	92.7614	1
0	2006	93.0616	1
0	2007	93.3618	1
0	2012	93.662	1
0	2013	93.9622	1
0	2017	94.2624	1
0	2067	95.7634	1
0	2074	96.0636	1
0	2081	96.664	1
0	2088	96.9642	1
0	2095	97.5646	1
0	2096	97.8648	1
0	2101	98.165	1
0	2102	98.4652	1
0	2106	98.7654	1
0	2171	100.5666	1
0	2172	100.8668	1
0	2173	101.167	1
0	2174	101.4672	1
0	2175	101.7674	1
0	2176	102.0676	1
0	2187	102.3678	1
0	2203	102.668	1
0	2231	103.2684	1
0	2256	103.8688	1
0	2257	104.169	1
0	2261	104.4692	1
0	2302	105.67	1
0	2352	106.8708	1
0	2380	107.7714	1
0	2393	108.3718	1
0	2463	110.4732	1
0	2464	110.7734	1
0	2465	111.0736	1
0	2472	111.3738	1
0	2479	111.9742	1
0	2483	112.2744	1
0	2497	112.8748	1
0	2501	113.175	1
0	2511	113.7754	1
0	2512	114.0756	1
0	2516	114.3758	1
0	2538	115.2764	1
0	2551	115.5766	1
0	2570	116.4772	1
0	2574	116.7774	1
0	2584	117.3778	1
0	2585	117.678	1
0	2586	117.9782	1
0	2593	118.2784	1
0	2607	118.5786	1
0	2614	118.8788	1
0	2627	119.179	1
0	2628	119.4792	1
0	2632	119.7794	1
0	2656	120.3798	1
0	2675	120.9802	1
0	2676	121.2804	1
0	2683	121.5806	1
0	2761	123.3818	1
0	2817	124.8828	1
0	2827	125.4832	1
0	2828	125.7834	1
0	2829	126.0836	1
0	2836	126.3838	1
0	2859	127.2844	1
0	2866	127.5846	1
0	2906	128.7854	1
0	2913	129.0856	1
0	2920	129.686	1
0	2921	129.9862	1
0	2932	130.2864	1
0	2939	130.8868	1
0	2940	131.187	1
0	2941	131.4872	1
0	2945	131.7874	1
0	2967	132.688	1
0	2972	132.9882	1
0	2973	133.2884	1
0	2980	133.5886	1
0	2996	133.8888	1
0	3007	134.4892	1
0	3011	134.7894	1
0	3052	135.69	1
0	3095	136.8908	1
0	3136	138.3918	1
0	3137	138.692	1
0	3138	138.9922	1
0	3142	139.2924	1
0	3168	140.193	1
0	3175	140.4932	1
0	3224	141.9942	1
0	3231	142.5946	1
0	3232	142.8948	1
0	3233	143.195	1
0	3238	143.4952	1
0	3245	143.7954	1
0	3258	144.3958	1
0	3265	144.9962	1
0	3272	145.2964	1
0	3279	145.8968	1
0	3284	146.197	1
0	3294	146.4972	1
0	3304	146.7974	1
0	3311	147.0976	1
0	3322	147.698	1
0	3331	147.9982	1
0	3347	148.5986	1
0	3348	148.8988	1
0	3349	149.199	1
0	3356	149.4992	1
0	3363	150.0996	1
0	3370	150.3998	1
0	3387	150.7	1
0	3410	151.3004	1
0	3429	151.9008	1
0	3436	152.201	1
0	3455	153.1016	1
0	3456	153.4018	1
0	3457	153.702	1
0	3464	154.0022	1
0	3475	154.6026	1
0	3476	154.9028	1
0	3477	155.203	1
0	3481	155.5032	1
0	3506	156.4038	1
0	3513	156.704	1
0	3524	157.3044	1
0	3525	157.6046	1
0	3526	157.9048	1
0	3527	158.205	1
0	3534	158.5052	1
0	3553	159.4058	1
0	3558	159.706	1
0	3562	160.0062	1
0	3573	160.3064	1
0	3585	160.6066	1
0	3599	161.207	1
0	3645	162.708	1
0	3646	163.0082	1
0	3653	163.3084	1
0	3670	163.9088	1
0	3677	164.5092	1
0	3684	164.8094	1
0	3691	165.4098	1
0	3692	165.71	1
0	3693	166.0102	1
0	3698	166.3104	1
0	3699	166.6106	1
0	3703	166.9108	1
0	3729	167.8114	1
0	3730	168.1116	1
0	3731	168.4118	1
0	3732	168.712	1
0	3739	169.0122	1
0	3746	169.6126	1
0	3751	169.9128	1
0	3752	170.213	1
0	3756	170.5132	1
0	3767	170.8134	1
0	3770	171.1136	1
0	3771	171.4138	1
0	3775	171.714	1
0	3789	172.0142	1
0	3807	172.6146	1
0	3808	172.9148	1
0	3809	173.215	1
0	3810	173.5152	1
0	3811	173.8154	1
0	3815	174.1156	1
0	3832	174.4158	1
0	3876	175.6166	1
0	3877	175.9168	1
0	3881	176.217	1
0	3899	177.1176	1
0	3900	177.4178	1
0	3901	177.718	1
0	3915	178.0182	1
0	3931	178.3184	1
0	3945	178.9188	1
0	3946	179.219	1
0	3947	179.5192	1
0	3948	179.8194	1
0	3952	180.1196	1
0	4017	181.9208	1
0	4043	183.1216	1
0	4044	183.4218	1
0	4045	183.722	1
0	4049	184.0222	1
0	4065	184.6226	1
0	4082	185.223	1
0	4099	185.8234	1
0	4106	186.4238	1
0	4107	186.724	1
0	4108	187.0242	1
0	4109	187.3244	1
0	4119	187.6246	1
0	4133	187.9248	1
0	4140	188.225	1
0	4151	188.8254	1
0	4152	189.1256	1
0	4153	189.4258	1
0	4160	189.726	1
0	4187	190.6266	1
0	4306	193.6286	1
0	4307	193.9288	1
0	4314	194.229	1
0	4321	194.8294	1
0	4322	195.1296	1
0	4323	195.4298	1
0	4328	195.73	1
0	4335	196.0302	1
0	4354	196.9308	1
0	4355	197.231	1
0	4356	197.5312	1
0	4357	197.8314	1
0	4367	198.1316	1
0	4378	198.4318	1
0	4381	198.732	1
0	4382	199.0322	1
0	4383	199.3324	1
0	4384	199.6326	1
0	4385	199.9328	1
1	1	0	2
1	27	0.629406927313	2
1	54	1.398493011456	4
1	106	4.2024	2
1	128	4.631352782965	2
1	157	5.13545724539	3
1	193	6.983416348047	5
1	228	9.606	2
1	251	10.403671540669	2
1	277	12.608	1
1	290	12.936574685952	1
1	307	13.787555804356	1
1	327	14.600661223757	2
1	352	15.349726199282	4
1	390	18.0116	2
1	420	19.448989010188	2
1	446	20.634002891845	3
1	486	22.009974177271	4
1	510	24.0156	2
1	521	24.304229392566	2
1	534	25.8168	1
1	553	27.091917847991	1
1	578	28.317738140537	1
1	596	29.370878343142	2
1	625	31.223075602872	4
1	675	32.73149634229	6
1	744	34.658488520297	9
1	852	39.0256	4
1	890	40.079620099115	4
1	940	42.9282	2
1	970	44.586877726958	2
1	998	45.355897380708	3
1	1018	47.4312	1
1	1026	47.550510833399	1
1	1039	47.750510833399	2
1	1059	49.2324	1
1	1076	50.763656247209	1
1	1096	51.502072333823	1
1	1116	52.201776651554	2
1	1141	52.942191298824	4
1	1198	54.376844141508	6
1	1263	56.082874597323	9
1	1344	59.7394	4
1	1366	61.8408	1
1	1383	63.477458094523	1
1	1401	64.500044003627	2
1	1431	65.448604143465	3
1	1475	67.398273988879	5
1	1532	69.209112050035	8
1	1546	71.147	4
1	1596	73.325952068203	4
1	1610	75.3498	2
1	1638	76.683016857096	2
1	1664	77.904253952478	3
1	1704	79.147433531623	4
1	1730	81.3538	2
1	1760	82.713920557711	2
1	1782	84.656	1
1	1788	84.734912298544	1
1	1800	84.934912298544	1
1	1813	85.187766447917	2
1	1846	86.348900862434	3
1	1888	88.007541114601	5
1	1949	90.467140669384	8
1	2007	93.3618	4
1	2058	95.34402288814	4
1	2096	97.8648	2
1	2126	99.217315808322	2
1	2150	99.74759328977	3
1	2176	102.0676	1
1	2192	102.530908946224	1
1	2208	102.887785402459	2
1	2247	103.490163101511	3
1	2285	105.077079130453	5
1	2337	106.483095289952	8
1	2431	109.371770877569	12
1	2483	112.2744	6
1	2538	115.2764	2
1	2561	115.887565210057	2
1	2593	118.2784	1
1	2599	118.341612726098	1
1	2619	119.020397628507	1
1	2637	119.988263612362	2
1	2666	120.659101873904	3
1	2703	122.089176597355	5
1	2763	123.406857046335	7
1	2850	126.964068682571	11
1	2921	129.9862	5
1	2967	132.688	1
1	2982	133.607513189783	1
1	2998	133.982333192368	2
1	3031	135.254301234494	4
1	3081	136.346575182366	6
1	3147	139.520210898849	9
1	3233	143.195	5
1	3279	145.8968	1
1	3296	146.506165176537	1
1	3313	147.237821316704	2
1	3338	148.214798217017	3
1	3370	150.3998	1
1	3376	150.575648336545	1
1	3392	150.924701441306	2
1	3420	151.543053454521	4
1	3464	154.0022	2
1	3491	155.79256086311	2
1	3515	156.753209426464	3
1	3553	159.4058	1
1	3567	160.249855202322	1
1	3587	160.697154251108	2
1	3612	161.685994911943	3
1	3655	163.474468155396	5
1	3693	166.0102	2
1	3720	167.423057784048	2
1	3746	169.6126	1
1	3761	170.753969130898	1
1	3780	171.947937637417	1
1	3798	172.312706351295	2
1	3815	174.1156	1
1	3826	174.3846474242	1
1	3836	174.5846474242	2
1	3867	175.260718469624	3
1	3901	177.718	1
1	3917	178.019692986191	1
1	3936	178.496366303505	2
1	3968	180.619460361614	3
1	4005	181.341939551376	5
1	4065	184.6226	2
1	4084	185.27354194301	2
1	4119	187.6246	1
1	4125	187.701357453018	1
1	4142	188.316860701401	2
1	4175	190.074498147846	3
1	4210	191.308810696202	4
1	4260	192.221651896284	7
1	4323	195.4298	3
1	4357	197.8314	1
1	4372	198.392467846925	1
1	4385	199.9328	0
2	2	0	1
2	29	0.629406927313	1
2	56	1.398493011456	1
2	107	4.2024	1
2	130	4.631352782965	1
2	159	5.13545724539	1
2	195	6.983416348047	1
2	229	9.606	1
2	253	10.403671540669	1
2	278	12.608	1
2	292	12.936574685952	1
2	309	13.787555804356	1
2	329	14.600661223757	1
2	354	15.349726199282	1
2	391	18.0116	1
2	422	19.448989010188	1
2	448	20.634002891845	1
2	488	22.009974177271	1
2	511	24.0156	1
2	523	24.304229392566	1
2	535	25.8168	1
2	555	27.091917847991	1
2	580	28.317738140537	1
2	598	29.370878343142	1
2	627	31.223075602872	1
2	677	32.73149634229	1
2	746	34.658488520297	1
2	853	39.0256	1
2	892	40.079620099115	1
2	941	42.9282	1
2	972	44.586877726958	1
2	1000	45.355897380708	1
2	1019	47.4312	1
2	1028	47.550510833399	1
2	1041	47.750510833399	1
2	1060	49.2324	1
2	1078	50.763656247209	1
2	1098	51.502072333823	1
2	1118	52.201776651554	1
2	1143	52.942191298824	1
2	1200	54.376844141508	1
2	1265	56.082874597323	1
2	1345	59.7394	1
2	1367	61.8408	1
2	1385	63.477458094523	1
2	1403	64.500044003627	1
2	1433	65.448604143465	1
2	1477	67.398273988879	1
2	1534	69.209112050035	1
2	1547	71.147	1
2	1598	73.325952068203	1
2	1611	75.3498	1
2	1640	76.683016857096	1
2	1666	77.904253952478	1
2	1706	79.147433531623	1
2	1731	81.3538	1
2	1762	82.713920557711	1
2	1783	84.656	1
2	1790	84.734912298544	1
2	1802	84.934912298544	1
2	1815	85.187766447917	1
2	1848	86.348900862434	1
2	1890	88.007541114601	1
2	1951	90.467140669384	1
2	2008	93.3618	1
2	2060	95.34402288814	1
2	2097	97.8648	1
2	2128	99.217315808322	1
2	2152	99.74759328977	1
2	2177	102.0676	1
2	2194	102.530908946224	1
2	2210	102.887785402459	1
2	2249	103.490163101511	1
2	2287	105.077079130453	1
2	2339	106.483095289952	1
2	2433	109.371770877569	1
2	2484	112.2744	1
2	2539	115.2764	1
2	2563	115.887565210057	1
2	2594	118.2784	1
2	2601	118.341612726098	1
2	2621	119.020397628507	1
2	2639	119.988263612362	1
2	2668	120.659101873904	1
2	2705	122.089176597355	1
2	2765	123.406857046335	1
2	2852	126.964068682571	1
2	2922	129.9862	1
2	2968	132.688	1
2	2984	133.607513189783	1
2	3000	133.982333192368	1
2	3033	135.254301234494	1
2	3083	136.346575182366	1
2	3149	139.520210898849	1
2	3234	143.195	1
2	3280	145.8968	1
2	3298	146.506165176537	1
2	3315	147.237821316704	1
2	3340	148.214798217017	1
2	3371	150.3998	1
2	3378	150.575648336545	1
2	3394	150.924701441306	1
2	3422	151.543053454521	1
2	3465	154.0022	1
2	3493	155.79256086311	1
2	3517	156.753209426464	1
2	3554	159.4058	1
2	3569	160.249855202322	1
2	3589	160.697154251108	1
2	3614	161.685994911943	1
2	3657	163.474468155396	1
2	3694	166.0102	1
2	3722	167.423057784048	1
2	3747	169.6126	1
2	3763	170.753969130898	1
2	3782	171.947937637417	1
2	3800	172.312706351295	1
2	3816	174.1156	1
2	3828	174.3846474242	1
2	3838	174.5846474242	1
2	3869	175.260718469624	1
2	3902	177.718	1
2	3919	178.019692986191	1
2	3938	178.496366303505	1
2	3970	180.619460361614	1
2	4007	181.341939551376	1
2	4066	184.6226	1
2	4086	185.27354194301	1
2	4120	187.6246	1
2	4127	187.701357453018	1
2	4144	188.316860701401	1
2	4177	190.074498147846	1
2	4212	191.308810696202	1
2	4262	192.221651896284	1
2	4324	195.4298	1
2	4358	197.8314	1
2	4374	198.392467846925	1
2	4386	199.9328	1
3	6	0.129206927313	1
3	9	0.175195567897	1
3	11	0.187979365877	1
3	35	0.898293011456	1
3	50	1.302699748899	1
3	60	1.442979497632	1
3	83	2.281963057724	1
3	100	3.976851901931	1
3	114	4.331152782965	1
3	119	4.403385516726	1
3	140	4.83525724539	1
3	148	5.001535249662	1
3	151	5.009896321962	1
3	174	6.483216348047	1
3	189	6.917548995043	1
3	212	8.054881797456	1
3	233	9.903471540669	1
3	237	9.966785513898	1
3	262	11.203368038366	1
3	282	12.636374685952	1
3	299	13.487355804356	1
3	317	14.300461223757	1
3	320	14.375285764811	1
3	336	14.849526199282	1
3	363	16.307744328285	1
3	377	17.308046795098	1
3	396	18.572940220557	1
3	409	19.148789010188	1
3	416	19.266066750093	1
3	431	20.133802891845	1
3	455	20.784180153602	1
3	468	21.509774177271	1
3	471	21.523226778697	1
3	500	23.804029392566	1
3	503	23.88471556387	1
3	542	26.791717847991	1
3	549	27.038935276986	1
3	564	28.017538140537	1
3	570	28.129254372486	1
3	573	28.145810469222	1
3	588	29.070678343142	1
3	609	30.722875602872	1
3	635	31.83129634229	1
3	649	32.175263457448	1
3	662	32.449918954673	1
3	668	32.586649099496	1
3	683	32.836182520195	1
3	689	32.984491639533	1
3	694	33.061453010132	1
3	731	34.358288520297	1
3	734	34.415285569262	1
3	740	34.524869148932	1
3	754	35.335626231059	1
3	782	36.304712744325	1
3	795	36.899560158932	1
3	808	37.328506804323	1
3	811	37.365741073916	1
3	831	38.35977558014	1
3	844	38.784574437318	1
3	847	38.814438221331	1
3	860	39.148293608002	1
3	882	39.779420099115	1
3	901	41.003848901752	1
3	911	41.383607130937	1
3	927	42.206060918678	1
3	947	43.687725978321	1
3	960	44.286677726958	1
3	963	44.333214924219	1
3	979	44.855697380708	1
3	993	45.314650178758	1
3	1012	47.250310833399	1
3	1034	47.656764193094	1
3	1068	50.463456247209	1
3	1085	51.201872333823	1
3	1092	51.470043726204	1
3	1105	51.901576651554	1
3	1112	52.079853426578	1
3	1125	52.441991298824	1
3	1151	53.476644141508	1
3	1163	53.806765126759	1
3	1166	53.849538281296	1
3	1170	53.878109409276	1
3	1182	54.17290077756	1
3	1190	54.314853994088	1
3	1194	54.362040880439	1
3	1207	54.782674597323	1
3	1216	55.032751096519	1
3	1218	55.057218655862	1
3	1225	55.104657069305	1
3	1227	55.108568609438	1
3	1239	55.331428737599	1
3	1274	57.005210114496	1
3	1312	58.019944222541	1
3	1330	58.755580177961	1
3	1350	60.288345903502	1
3	1375	63.177258094523	1
3	1393	64.199844003627	1
3	1410	64.612074493385	1
3	1423	65.148404143465	1
3	1441	66.275919595657	1
3	1454	66.898073988879	1
3	1457	66.931880327878	1
3	1468	67.223475412649	1
3	1485	68.108912050035	1
3	1492	68.22910072365	1
3	1501	68.427668667179	1
3	1515	68.8002020599	1
3	1551	71.256044160248	1
3	1565	72.113948379446	1
3	1578	72.825752068203	1
3	1581	72.867970912832	1
3	1617	76.182816857096	1
3	1620	76.196434960803	1
3	1628	76.447213851618	1
3	1648	77.404053952478	1
3	1674	78.41543937918	1
3	1680	78.647233531623	1
3	1690	78.804417429613	1
3	1714	79.589527252281	1
3	1735	81.551318515342	1
3	1749	82.413720557711	1
3	1756	82.678646157117	1
3	1774	84.434712298544	1
3	1796	84.887566447917	1
3	1819	85.219958998304	1
3	1835	86.048700862434	1
3	1842	86.337202933325	1
3	1855	86.639506168535	1
3	1877	87.707341114601	1
3	1883	87.819565018047	1
3	1898	88.759469297398	1
3	1901	88.795846440214	1
3	1926	89.483104996676	1
3	1941	90.166940669384	1
3	1959	91.249731100777	1
3	1963	91.276396165088	1
3	1982	91.944480882287	1
3	1988	92.112736890007	1
3	2014	94.164745126668	1
3	2024	94.562157986999	1
3	2033	94.826238082596	1
3	2045	95.04382288814	1
3	2068	95.915066921019	1
3	2082	96.763226607833	1
3	2103	98.708289201351	1
3	2110	98.917115808322	1
3	2122	99.181673956704	1
3	2132	99.24739328977	1
3	2158	99.862164532411	1
3	2181	102.230708946224	1
3	2188	102.526579990064	1
3	2198	102.587585402459	1
3	2217	102.989963101511	1
3	2225	103.213004381203	1
3	2228	103.263680784289	1
3	2235	103.339810198266	1
3	2238	103.352506579406	1
3	2243	103.450202174548	1
3	2258	104.376879130453	1
3	2280	104.99103219742	1
3	2294	105.382895289952	1
3	2308	105.703436258488	1
3	2331	106.337231688993	1
3	2346	106.700694748858	1
3	2374	107.576171424336	1
3	2387	108.09373695868	1
3	2397	108.446313468673	1
3	2409	108.773701201999	1
3	2418	109.071570877569	1
3	2437	109.413800862355	1
3	2445	109.534154960317	1
3	2466	111.209502653301	1
3	2480	112.236021598624	1
3	2498	113.112660154353	1
3	2513	114.276150727824	1
3	2520	114.526076198885	1
3	2543	115.387365210057	1
3	2546	115.40330021792	1
3	2571	116.756470812917	1
3	2587	118.041412726098	1
3	2608	118.720197628507	1
3	2615	118.913949173697	1
3	2629	119.688063612362	1
3	2646	120.158901873904	1
3	2652	120.298296985832	1
3	2657	120.440344515053	1
3	2677	121.388976597355	1
3	2693	121.856800907985	1
3	2709	122.121084461314	1
3	2712	122.145539450412	1
3	2728	122.520056995118	1
3	2750	123.106657046335	1
3	2758	123.35625864299	1
3	2769	123.429972056867	1
3	2788	123.975972350799	1
3	2797	124.128607856571	1
3	2814	124.827339010939	1
3	2830	126.106830909157	1
3	2842	126.663868682571	1
3	2860	127.471696307182	1
3	2867	127.720646400946	1
3	2879	127.912543432224	1
3	2887	128.072381586932	1
3	2907	128.911853658128	1
3	2926	130.123410512282	1
3	2942	131.713016067576	1
3	2949	131.946867959069	1
3	2974	133.307313189783	1
3	2988	133.682133192368	1
3	3008	134.754101234494	1
3	3012	134.816414382171	1
3	3017	134.932239975028	1
3	3027	135.164988554621	1
3	3040	135.446375182366	1
3	3043	135.504609237927	1
3	3048	135.621444074611	1
3	3062	135.895196489972	1
3	3069	135.995941800742	1
3	3090	136.798995341035	1
3	3093	136.848525762591	1
3	3139	139.220010898849	1
3	3153	139.588744913958	1
3	3169	140.226673765359	1
3	3181	140.708559754769	1
3	3188	140.912501902661	1
3	3200	141.149113261935	1
3	3218	141.844077812343	1
3	3239	143.521151519512	1
3	3252	144.162162672851	1
3	3266	145.070608036298	1
3	3285	146.205965176537	1
3	3291	146.441727760414	1
3	3305	146.937621316704	1
3	3323	147.714598217017	1
3	3350	149.287914665461	1
3	3364	150.275448336545	1
3	3382	150.624501441306	1
3	3399	151.02384578122	1
3	3407	151.242853454521	1
3	3430	151.918136567642	1
3	3442	152.393874234947	1
3	3458	153.830417780829	1
3	3478	155.49236086311	1
3	3485	155.616438007301	1
3	3507	156.453009426464	1
3	3528	158.308440498786	1
3	3540	158.751120848172	1
3	3559	159.949655202322	1
3	3576	160.396954251108	1
3	3582	160.505779269927	1
3	3596	161.185794911943	1
3	3618	161.714924533279	1
3	3630	162.10088982044	1
3	3647	163.174268155396	1
3	3664	163.694222495583	1
3	3678	164.565705798924	1
3	3700	166.870943416909	1
3	3707	167.122857784048	1
3	3733	168.8741854321	1
3	3753	170.453769130898	1
3	3772	171.647737637417	1
3	3786	172.012506351295	1
3	3792	172.100825101157	1
3	3812	174.0844474242	1
3	3842	174.612965714026	1
3	3854	174.960518469624	1
3	3863	175.257165717789	1
3	3878	176.141229839554	1
3	3906	177.719492986191	1
3	3912	177.951499765042	1
3	3925	178.196166303505	1
3	3932	178.383589987635	1
3	3949	180.119260361614	1
3	3962	180.464768584633	1
3	3974	180.641739551376	1
3	3983	180.775575683786	1
3	3995	181.130086427393	1
3	4014	181.854555384121	1
3	4046	183.946217973896	1
3	4059	184.385046029956	1
3	4076	184.97334194301	1
3	4093	185.652374333848	1
3	4110	187.401157453018	1
3	4116	187.513539550279	1
3	4134	188.016660701401	1
3	4154	189.574298147846	1
3	4161	189.742530167581	1
3	4165	189.797317171744	1
3	4184	190.608610696202	1
3	4193	190.842237662472	1
3	4216	191.321451896284	1
3	4219	191.321563870075	1
3	4236	191.779263885971	1
3	4247	191.972422142767	1
3	4253	192.067805384379	1
3	4266	192.278041707959	1
3	4274	192.379805454371	1
3	4308	194.019954339392	1
3	4329	195.744816894894	1
3	4339	196.06108880969	1
3	4362	198.092267846925	1
3	4365	198.116224312097	1
4	7	0.129206927313	1
4	10	0.175195567897	1
4	12	0.187979365877	2
4	36	0.898293011456	2
4	51	1.302699748899	1
4	61	1.442979497632	2
4	84	2.281963057724	1
4	101	3.976851901931	1
4	115	4.331152782965	1
4	120	4.403385516726	1
4	141	4.83525724539	1
4	149	5.001535249662	1
4	152	5.009896321962	1
4	175	6.483216348047	2
4	190	6.917548995043	1
4	213	8.054881797456	1
4	234	9.903471540669	1
4	238	9.966785513898	1
4	263	11.203368038366	1
4	283	12.636374685952	1
4	300	13.487355804356	1
4	318	14.300461223757	1
4	321	14.375285764811	1
4	337	14.849526199282	2
4	364	16.307744328285	1
4	378	17.308046795098	1
4	397	18.572940220557	1
4	410	19.148789010188	1
4	417	19.266066750093	1
4	432	20.133802891845	2
4	456	20.784180153602	1
4	469	21.509774177271	1
4	472	21.523226778697	1
4	501	23.804029392566	1
4	504	23.88471556387	1
4	543	26.791717847991	1
4	550	27.038935276986	1
4	565	28.017538140537	2
4	571	28.129254372486	2
4	574	28.145810469222	3
4	589	29.070678343142	4
4	610	30.722875602872	4
4	636	31.83129634229	3
4	650	32.175263457448	1
4	663	32.449918954673	1
4	669	32.586649099496	2
4	684	32.836182520195	3
4	690	32.984491639533	2
4	695	33.061453010132	2
4	732	34.358288520297	1
4	735	34.415285569262	1
4	741	34.524869148932	2
4	755	35.335626231059	3
4	783	36.304712744325	1
4	796	36.899560158932	1
4	809	37.328506804323	1
4	812	37.365741073916	1
4	832	38.35977558014	1
4	845	38.784574437318	1
4	848	38.814438221331	1
4	861	39.148293608002	2
4	883	39.779420099115	1
4	902	41.003848901752	1
4	912	41.383607130937	1
4	928	42.206060918678	1
4	948	43.687725978321	1
4	961	44.286677726958	1
4	964	44.333214924219	1
4	980	44.855697380708	2
4	994	45.314650178758	1
4	1013	47.250310833399	2
4	1035	47.656764193094	1
4	1069	50.463456247209	1
4	1086	51.201872333823	1
4	1093	51.470043726204	1
4	1106	51.901576651554	2
4	1113	52.079853426578	2
4	1126	52.441991298824	3
4	1152	53.476644141508	2
4	1164	53.806765126759	1
4	1167	53.849538281296	1
4	1171	53.878109409276	2
4	1183	54.17290077756	2
4	1191	54.314853994088	3
4	1195	54.362040880439	4
4	1208	54.782674597323	5
4	1217	55.032751096519	3
4	1219	55.057218655862	4
4	1226	55.104657069305	4
4	1228	55.108568609438	5
4	1240	55.331428737599	4
4	1275	57.005210114496	5
4	1313	58.019944222541	1
4	1331	58.755580177961	1
4	1351	60.288345903502	1
4	1376	63.177258094523	1
4	1394	64.199844003627	1
4	1411	64.612074493385	1
4	1424	65.148404143465	1
4	1442	66.275919595657	1
4	1455	66.898073988879	1
4	1458	66.931880327878	1
4	1469	67.223475412649	1
4	1486	68.108912050035	2
4	1493	68.22910072365	1
4	1502	68.427668667179	1
4	1516	68.8002020599	1
4	1552	71.256044160248	1
4	1566	72.113948379446	1
4	1579	72.825752068203	1
4	1582	72.867970912832	1
4	1618	76.182816857096	1
4	1621	76.196434960803	1
4	1629	76.447213851618	1
4	1649	77.404053952478	2
4	1675	78.41543937918	1
4	1681	78.647233531623	1
4	1691	78.804417429613	1
4	1715	79.589527252281	1
4	1736	81.551318515342	1
4	1750	82.413720557711	1
4	1757	82.678646157117	1
4	1775	84.434712298544	2
4	1797	84.887566447917	1
4	1820	85.219958998304	1
4	1836	86.048700862434	1
4	1843	86.337202933325	1
4	1856	86.639506168535	2
4	1878	87.707341114601	1
4	1884	87.819565018047	1
4	1899	88.759469297398	2
4	1902	88.795846440214	2
4	1927	89.483104996676	1
4	1942	90.166940669384	1
4	1960	91.249731100777	1
4	1964	91.276396165088	1
4	1983	91.944480882287	1
4	1989	92.112736890007	1
4	2015	94.164745126668	1
4	2025	94.562157986999	1
4	2034	94.826238082596	1
4	2046	95.04382288814	1
4	2069	95.915066921019	1
4	2083	96.763226607833	1
4	2104	98.708289201351	1
4	2111	98.917115808322	1
4	2123	99.181673956704	1
4	2133	99.24739328977	2
4	2159	99.862164532411	1
4	2182	102.230708946224	1
4	2189	102.526579990064	1
4	2199	102.587585402459	2
4	2218	102.989963101511	2
4	2226	103.213004381203	1
4	2229	103.263680784289	2
4	2236	103.339810198266	3
4	2239	103.352506579406	4
4	2244	103.450202174548	5
4	2259	104.376879130453	6
4	2281	104.99103219742	4
4	2295	105.382895289952	5
4	2309	105.703436258488	2
4	2332	106.337231688993	2
4	2347	106.700694748858	3
4	2375	107.576171424336	1
4	2388	108.09373695868	1
4	2398	108.446313468673	1
4	2410	108.773701201999	1
4	2419	109.071570877569	1
4	2438	109.413800862355	1
4	2446	109.534154960317	1
4	2467	111.209502653301	1
4	2481	112.236021598624	1
4	2499	113.112660154353	1
4	2514	114.276150727824	1
4	2521	114.526076198885	1
4	2544	115.387365210057	1
4	2547	115.40330021792	1
4	2572	116.756470812917	1
4	2588	118.041412726098	1
4	2609	118.720197628507	1
4	2616	118.913949173697	1
4	2630	119.688063612362	2
4	2647	120.158901873904	2
4	2653	120.298296985832	1
4	2658	120.440344515053	2
4	2678	121.388976597355	3
4	2694	121.856800907985	1
4	2710	122.121084461314	2
4	2713	122.145539450412	2
4	2729	122.520056995118	1
4	2751	123.106657046335	1
4	2759	123.35625864299	1
4	2770	123.429972056867	2
4	2789	123.975972350799	1
4	2798	124.128607856571	1
4	2815	124.827339010939	1
4	2831	126.106830909157	1
4	2843	126.663868682571	1
4	2861	127.471696307182	1
4	2868	127.720646400946	1
4	2880	127.912543432224	1
4	2888	128.072381586932	1
4	2908	128.911853658128	1
4	2927	130.123410512282	1
4	2943	131.713016067576	1
4	2950	131.946867959069	1
4	2975	133.307313189783	1
4	2989	133.682133192368	1
4	3009	134.754101234494	1
4	3013	134.816414382171	1
4	3018	134.932239975028	1
4	3028	135.164988554621	2
4	3041	135.446375182366	3
4	3044	135.504609237927	3
4	3049	135.621444074611	3
4	3063	135.895196489972	2
4	3070	135.995941800742	3
4	3091	136.798995341035	4
4	3094	136.848525762591	4
4	3140	139.220010898849	1
4	3154	139.588744913958	1
4	3170	140.226673765359	1
4	3182	140.708559754769	1
4	3189	140.912501902661	1
4	3201	141.149113261935	1
4	3219	141.844077812343	1
4	3240	143.521151519512	1
4	3253	144.162162672851	1
4	3267	145.070608036298	1
4	3286	146.205965176537	1
4	3292	146.441727760414	1
4	3306	146.937621316704	2
4	3324	147.714598217017	2
4	3351	149.287914665461	1
4	3365	150.275448336545	1
4	3383	150.624501441306	1
4	3400	151.02384578122	1
4	3408	151.242853454521	1
4	3431	151.918136567642	1
4	3443	152.393874234947	1
4	3459	153.830417780829	1
4	3479	155.49236086311	1
4	3486	155.616438007301	1
4	3508	156.453009426464	1
4	3529	158.308440498786	1
4	3541	158.751120848172	1
4	3560	159.949655202322	1
4	3577	160.396954251108	1
4	3583	160.505779269927	1
4	3597	161.185794911943	2
4	3619	161.714924533279	1
4	3631	162.10088982044	1
4	3648	163.174268155396	1
4	3665	163.694222495583	1
4	3679	164.565705798924	1
4	3701	166.870943416909	1
4	3708	167.122857784048	1
4	3734	168.8741854321	1
4	3754	170.453769130898	1
4	3773	171.647737637417	1
4	3787	172.012506351295	1
4	3793	172.100825101157	1
4	3813	174.0844474242	2
4	3843	174.612965714026	1
4	3855	174.960518469624	1
4	3864	175.257165717789	1
4	3879	176.141229839554	2
4	3907	177.719492986191	1
4	3913	177.951499765042	1
4	3926	178.196166303505	2
4	3933	178.383589987635	2
4	3950	180.119260361614	3
4	3963	180.464768584633	2
4	3975	180.641739551376	3
4	3984	180.775575683786	2
4	3996	181.130086427393	2
4	4015	181.854555384121	3
4	4047	183.946217973896	1
4	4060	184.385046029956	1
4	4077	184.97334194301	1
4	4094	185.652374333848	1
4	4111	187.401157453018	1
4	4117	187.513539550279	1
4	4135	188.016660701401	2
4	4155	189.574298147846	2
4	4162	189.742530167581	1
4	4166	189.797317171744	2
4	4185	190.608610696202	3
4	4194	190.842237662472	1
4	4217	191.321451896284	2
4	4220	191.321563870075	2
4	4237	191.779263885971	1
4	4248	191.972422142767	1
4	4254	192.067805384379	2
4	4267	192.278041707959	3
4	4275	192.379805454371	2
4	4309	194.019954339392	1
4	4330	195.744816894894	1
4	4340	196.06108880969	1
4	4363	198.092267846925	1
4	4366	198.116224312097	1
5	8	0.129206927313	1
5	14	0.229206927313	2
5	37	0.898293011456	3
5	39	0.998293011456	4
5	62	1.442979497632	5
5	66	1.542979497632	6
5	85	2.281963057724	7
5	102	3.976851901931	8
5	116	4.331152782965	9
5	121	4.431152782965	10
5	142	4.83525724539	11
5	150	5.001535249662	12
5	176	6.483216348047	13
5	177	6.583216348047	14
5	191	6.917548995043	15
5	214	8.054881797456	16
5	235	9.903471540669	17
5	239	10.003471540669	18
5	264	11.203368038366	19
5	284	12.636374685952	20
5	301	13.487355804356	21
5	319	14.300461223757	22
5	338	14.849526199282	23
5	339	14.949526199282	24
5	365	16.307744328285	25
5	379	17.308046795098	26
5	398	18.572940220557	27
5	411	19.148789010188	28
5	433	20.133802891845	29
5	434	20.233802891845	30
5	457	20.784180153602	31
5	470	21.509774177271	32
5	473	21.609774177271	33
5	502	23.804029392566	34
5	505	23.904029392566	35
5	544	26.791717847991	36
5	566	28.017538140537	37
5	590	29.070678343142	38
5	611	30.722875602872	39
5	612	30.822875602872	40
5	637	31.83129634229	41
5	638	31.93129634229	42
5	641	32.03129634229	43
5	651	32.175263457448	44
5	685	32.836182520195	45
5	686	32.936182520195	46
5	692	33.036182520195	47
5	696	33.136182520195	48
5	701	33.236182520195	49
5	733	34.358288520297	50
5	756	35.335626231059	51
5	758	35.435626231059	52
5	761	35.535626231059	53
5	784	36.304712744325	54
5	797	36.899560158932	55
5	810	37.328506804323	56
5	813	37.428506804323	57
5	833	38.35977558014	58
5	846	38.784574437318	59
5	862	39.148293608002	60
5	865	39.248293608002	61
5	884	39.779420099115	62
5	903	41.003848901752	63
5	913	41.383607130937	64
5	929	42.206060918678	65
5	949	43.687725978321	66
5	962	44.286677726958	67
5	981	44.855697380708	68
5	982	44.955697380708	69
5	1014	47.250310833399	70
5	1015	47.350310833399	71
5	1036	47.656764193094	72
5	1070	50.463456247209	73
5	1087	51.201872333823	74
5	1107	51.901576651554	75
5	1127	52.441991298824	76
5	1129	52.541991298824	77
5	1153	53.476644141508	78
5	1154	53.576644141508	79
5	1165	53.806765126759	80
5	1172	53.906765126759	81
5	1209	54.782674597323	82
5	1210	54.882674597323	83
5	1214	54.982674597323	84
5	1220	55.082674597323	85
5	1229	55.182674597323	86
5	1234	55.282674597323	87
5	1276	57.005210114496	88
5	1278	57.105210114496	89
5	1281	57.205210114496	90
5	1283	57.305210114496	91
5	1289	57.405210114496	92
5	1314	58.019944222541	93
5	1332	58.755580177961	94
5	1352	60.288345903502	95
5	1377	63.177258094523	96
5	1395	64.199844003627	97
5	1412	64.612074493385	98
5	1425	65.148404143465	99
5	1443	66.275919595657	100
5	1456	66.898073988879	101
5	1460	66.998073988879	102
5	1487	68.108912050035	103
5	1489	68.208912050035	104
5	1494	68.308912050035	105
5	1503	68.427668667179	106
5	1517	68.8002020599	107
5	1553	71.256044160248	108
5	1567	72.113948379446	109
5	1580	72.825752068203	110
5	1583	72.925752068203	111
5	1619	76.182816857096	112
5	1623	76.282816857096	113
5	1650	77.404053952478	114
5	1652	77.504053952478	115
5	1676	78.41543937918	116
5	1682	78.647233531623	117
5	1692	78.804417429613	118
5	1716	79.589527252281	119
5	1737	81.551318515342	120
5	1751	82.413720557711	121
5	1776	84.434712298544	122
5	1777	84.534712298544	123
5	1798	84.887566447917	124
5	1821	85.219958998304	125
5	1837	86.048700862434	126
5	1857	86.639506168535	127
5	1858	86.739506168535	128
5	1879	87.707341114601	129
5	1900	88.759469297398	130
5	1904	88.859469297398	131
5	1907	88.959469297398	132
5	1928	89.483104996676	133
5	1943	90.166940669384	134
5	1961	91.249731100777	135
5	1965	91.349731100777	136
5	1984	91.944480882287	137
5	1990	92.112736890007	138
5	2016	94.164745126668	139
5	2026	94.562157986999	140
5	2035	94.826238082596	141
5	2047	95.04382288814	142
5	2070	95.915066921019	143
5	2084	96.763226607833	144
5	2105	98.708289201351	145
5	2112	98.917115808322	146
5	2134	99.24739328977	147
5	2137	99.34739328977	148
5	2160	99.862164532411	149
5	2183	102.230708946224	150
5	2200	102.587585402459	151
5	2219	102.989963101511	152
5	2220	103.089963101511	153
5	2260	104.376879130453	154
5	2262	104.476879130453	155
5	2265	104.576879130453	156
5	2296	105.382895289952	157
5	2297	105.482895289952	158
5	2300	105.582895289952	159
5	2303	105.682895289952	160
5	2310	105.782895289952	161
5	2348	106.700694748858	162
5	2349	106.800694748858	163
5	2353	106.900694748858	164
5	2376	107.576171424336	165
5	2389	108.09373695868	166
5	2399	108.446313468673	167
5	2411	108.773701201999	168
5	2420	109.071570877569	169
5	2439	109.413800862355	170
5	2447	109.534154960317	171
5	2468	111.209502653301	172
5	2482	112.236021598624	173
5	2500	113.112660154353	174
5	2515	114.276150727824	175
5	2522	114.526076198885	176
5	2545	115.387365210057	177
5	2548	115.487365210057	178
5	2573	116.756470812917	179
5	2589	118.041412726098	180
5	2610	118.720197628507	181
5	2631	119.688063612362	182
5	2648	120.158901873904	183
5	2649	120.258901873904	184
5	2679	121.388976597355	185
5	2680	121.488976597355	186
5	2684	121.588976597355	187
5	2711	122.121084461314	188
5	2717	122.221084461314	189
5	2720	122.321084461314	190
5	2730	122.520056995118	191
5	2752	123.106657046335	192
5	2771	123.429972056867	193
5	2774	123.529972056867	194
5	2790	123.975972350799	195
5	2799	124.128607856571	196
5	2816	124.827339010939	197
5	2832	126.106830909157	198
5	2844	126.663868682571	199
5	2862	127.471696307182	200
5	2869	127.720646400946	201
5	2881	127.912543432224	202
5	2889	128.072381586932	203
5	2909	128.911853658128	204
5	2928	130.123410512282	205
5	2944	131.713016067576	206
5	2951	131.946867959069	207
5	2976	133.307313189783	208
5	2990	133.682133192368	209
5	3010	134.754101234494	210
5	3014	134.854101234494	211
5	3042	135.446375182366	212
5	3045	135.546375182366	213
5	3050	135.646375182366	214
5	3053	135.746375182366	215
5	3092	136.798995341035	216
5	3096	136.898995341035	217
5	3099	136.998995341035	218
5	3101	137.098995341035	219
5	3107	137.198995341035	220
5	3141	139.220010898849	221
5	3155	139.588744913958	222
5	3171	140.226673765359	223
5	3183	140.708559754769	224
5	3190	140.912501902661	225
5	3202	141.149113261935	226
5	3220	141.844077812343	227
5	3241	143.521151519512	228
5	3254	144.162162672851	229
5	3268	145.070608036298	230
5	3287	146.205965176537	231
5	3307	146.937621316704	232
5	3325	147.714598217017	233
5	3326	147.814598217017	234
5	3352	149.287914665461	235
5	3366	150.275448336545	236
5	3384	150.624501441306	237
5	3401	151.02384578122	238
5	3409	151.242853454521	239
5	3432	151.918136567642	240
5	3444	152.393874234947	241
5	3460	153.830417780829	242
5	3480	155.49236086311	243
5	3487	155.616438007301	244
5	3509	156.453009426464	245
5	3530	158.308440498786	246
5	3542	158.751120848172	247
5	3561	159.949655202322	248
5	3578	160.396954251108	249
5	3598	161.185794911943	250
5	3600	161.285794911943	251
5	3620	161.714924533279	252
5	3632	162.10088982044	253
5	3649	163.174268155396	254
5	3666	163.694222495583	255
5	3680	164.565705798924	256
5	3702	166.870943416909	257
5	3709	167.122857784048	258
5	3735	168.8741854321	259
5	3755	170.453769130898	260
5	3774	171.647737637417	261
5	3788	172.012506351295	262
5	3814	174.0844474242	263
5	3820	174.1844474242	264
5	3844	174.612965714026	265
5	3856	174.960518469624	266
5	3880	176.141229839554	267
5	3882	176.241229839554	268
5	3908	177.719492986191	269
5	3927	178.196166303505	270
5	3951	180.119260361614	271
5	3953	180.219260361614	272
5	3976	180.641739551376	273
5	3980	180.741739551376	274
5	3985	180.841739551376	275
5	4016	181.854555384121	276
5	4018	181.954555384121	277
5	4021	182.054555384121	278
5	4048	183.946217973896	279
5	4061	184.385046029956	280
5	4078	184.97334194301	281
5	4095	185.652374333848	282
5	4112	187.401157453018	283
5	4136	188.016660701401	284
5	4156	189.574298147846	285
5	4157	189.674298147846	286
5	4186	190.608610696202	287
5	4188	190.708610696202	288
5	4191	190.808610696202	289
5	4218	191.321451896284	290
5	4223	191.421451896284	291
5	4226	191.521451896284	292
5	4238	191.779263885971	293
5	4268	192.278041707959	294
5	4271	192.378041707959	295
5	4277	192.478041707959	296
5	4279	192.578041707959	297
5	4310	194.019954339392	298
5	4331	195.744816894894	299
5	4341	196.06108880969	300
5	4364	198.092267846925	301
6	15	0.229306927313	1
6	18	0.329306927313	1
6	40	0.998393011456	1
6	43	1.098393011456	1
6	67	1.543079497632	1
6	70	1.643079497632	1
6	87	2.382063057724	1
6	104	4.076951901931	1
6	122	4.431252782965	1
6	126	4.531252782965	1
6	146	4.93535724539	1
6	154	5.101635249662	1
6	178	6.583316348047	1
6	182	6.683316348047	1
6	200	7.017648995043	1
6	217	8.154981797456	1
6	240	10.003571540669	1
6	243	10.103571540669	1
6	266	11.303468038366	1
6	286	12.736474685952	1
6	304	13.587455804356	1
6	323	14.400561223757	1
6	340	14.949626199282	1
6	344	15.049626199282	1
6	367	16.407844328285	1
6	381	17.408146795098	1
6	401	18.673040220557	1
6	414	19.248889010188	1
6	435	20.233902891845	1
6	438	20.333902891845	1
6	459	20.884280153602	1
6	474	21.609874177271	1
6	478	21.709874177271	1
6	506	23.904129392566	1
6	509	24.004129392566	1
6	546	26.891817847991	1
6	568	28.117638140537	1
6	593	29.170778343142	1
6	613	30.822975602872	1
6	617	30.922975602872	1
6	639	31.93139634229	1
6	642	32.03139634229	1
6	646	32.13139634229	1
6	655	32.275363457448	2
6	687	32.936282520195	1
6	693	33.036282520195	1
6	698	33.136282520195	1
6	702	33.236282520195	2
6	708	33.336282520195	2
6	737	34.458388520297	1
6	759	35.435726231059	1
6	762	35.535726231059	1
6	765	35.635726231059	1
6	787	36.404812744325	1
6	800	36.999660158932	1
6	814	37.428606804323	1
6	818	37.528606804323	1
6	836	38.45987558014	1
6	850	38.884674437318	1
6	866	39.248393608002	1
6	870	39.348393608002	1
6	886	39.879520099115	1
6	905	41.103948901752	1
6	918	41.483707130937	1
6	931	42.306160918678	1
6	951	43.787825978321	1
6	966	44.386777726958	1
6	983	44.955797380708	1
6	987	45.055797380708	1
6	1016	47.350410833399	1
6	1024	47.450410833399	1
6	1046	47.756864193094	1
6	1072	50.563556247209	1
6	1089	51.301972333823	1
6	1110	52.001676651554	1
6	1130	52.542091298824	1
6	1133	52.642091298824	1
6	1155	53.576744141508	1
6	1158	53.676744141508	1
6	1173	53.906865126759	1
6	1178	54.006865126759	1
6	1211	54.882774597323	1
6	1215	54.982774597323	1
6	1222	55.082774597323	1
6	1230	55.182774597323	2
6	1236	55.282774597323	2
6	1242	55.382774597323	3
6	1279	57.105310114496	1
6	1282	57.205310114496	1
6	1285	57.305310114496	1
6	1290	57.405310114496	2
6	1295	57.505310114496	2
6	1319	58.120044222541	1
6	1335	58.855680177961	1
6	1355	60.388445903502	1
6	1379	63.277358094523	1
6	1398	64.299944003627	1
6	1414	64.712174493385	1
6	1427	65.248504143465	1
6	1446	66.376019595657	1
6	1461	66.998173988879	1
6	1464	67.098173988879	1
6	1490	68.209012050035	1
6	1495	68.309012050035	1
6	1498	68.409012050035	1
6	1508	68.527768667179	2
6	1522	68.9003020599	1
6	1555	71.356144160248	1
6	1569	72.214048379446	1
6	1584	72.925852068203	1
6	1588	73.025852068203	1
6	1624	76.282916857096	1
6	1627	76.382916857096	1
6	1653	77.504153952478	1
6	1656	77.604153952478	1
6	1678	78.51553937918	1
6	1688	78.747333531623	1
6	1696	78.904517429613	1
6	1718	79.689627252281	1
6	1739	81.651418515342	1
6	1753	82.513820557711	1
6	1778	84.534812298544	1
6	1781	84.634812298544	1
6	1808	84.987666447917	1
6	1826	85.320058998304	1
6	1839	86.148800862434	1
6	1859	86.739606168535	1
6	1863	86.839606168535	1
6	1881	87.807441114601	1
6	1905	88.859569297398	1
6	1908	88.959569297398	1
6	1911	89.059569297398	1
6	1932	89.583204996676	1
6	1945	90.267040669384	1
6	1966	91.349831100777	1
6	1969	91.449831100777	1
6	1986	92.044580882287	1
6	1993	92.212836890007	1
6	2019	94.264845126668	1
6	2031	94.662257986999	1
6	2041	94.926338082596	1
6	2052	95.14392288814	1
6	2072	96.015166921019	1
6	2086	96.863326607833	1
6	2108	98.808389201351	1
6	2117	99.017215808322	1
6	2138	99.34749328977	1
6	2142	99.44749328977	1
6	2162	99.962264532411	1
6	2185	102.330808946224	1
6	2205	102.687685402459	1
6	2221	103.090063101511	1
6	2224	103.190063101511	1
6	2263	104.476979130453	1
6	2266	104.576979130453	1
6	2269	104.676979130453	1
6	2298	105.482995289952	1
6	2301	105.582995289952	1
6	2305	105.682995289952	1
6	2311	105.782995289952	2
6	2316	105.882995289952	2
6	2350	106.800794748858	1
6	2354	106.900794748858	1
6	2357	107.000794748858	1
6	2378	107.676271424336	1
6	2391	108.19383695868	1
6	2403	108.546413468673	1
6	2415	108.873801201999	1
6	2425	109.171670877569	1
6	2443	109.513900862355	1
6	2450	109.634254960317	1
6	2470	111.309602653301	1
6	2489	112.336121598624	1
6	2503	113.212760154353	1
6	2518	114.376250727824	1
6	2527	114.626176198885	1
6	2549	115.487465210057	1
6	2553	115.587465210057	1
6	2576	116.856570812917	1
6	2591	118.141512726098	1
6	2612	118.820297628507	1
6	2634	119.788163612362	1
6	2650	120.259001873904	1
6	2655	120.359001873904	1
6	2681	121.489076597355	1
6	2685	121.589076597355	1
6	2688	121.689076597355	1
6	2718	122.221184461314	1
6	2721	122.321184461314	1
6	2724	122.421184461314	1
6	2734	122.620156995118	2
6	2756	123.206757046335	1
6	2775	123.530072056867	1
6	2778	123.630072056867	1
6	2795	124.076072350799	1
6	2801	124.228707856571	1
6	2819	124.927439010939	1
6	2834	126.206930909157	1
6	2847	126.763968682571	1
6	2864	127.571796307182	1
6	2874	127.820746400946	1
6	2883	128.012643432224	1
6	2893	128.172481586932	1
6	2911	129.011953658128	1
6	2930	130.223510512282	1
6	2947	131.813116067576	1
6	2956	132.046967959069	1
6	2978	133.407413189783	1
6	2994	133.782233192368	1
6	3015	134.854201234494	1
6	3020	134.954201234494	1
6	3046	135.546475182366	1
6	3051	135.646475182366	1
6	3055	135.746475182366	1
6	3059	135.846475182366	2
6	3097	136.899095341035	1
6	3100	136.999095341035	1
6	3103	137.099095341035	1
6	3108	137.199095341035	2
6	3113	137.299095341035	2
6	3144	139.320110898849	1
6	3160	139.688844913958	1
6	3173	140.326773765359	1
6	3186	140.808659754769	1
6	3195	141.012601902661	1
6	3207	141.249213261935	1
6	3222	141.944177812343	1
6	3243	143.621251519512	1
6	3256	144.262262672851	1
6	3270	145.170708036298	1
6	3289	146.306065176537	1
6	3309	147.037721316704	1
6	3327	147.814698217017	1
6	3330	147.914698217017	1
6	3354	149.388014665461	1
6	3368	150.375548336545	1
6	3389	150.724601441306	1
6	3405	151.12394578122	1
6	3415	151.342953454521	1
6	3434	152.018236567642	1
6	3446	152.493974234947	1
6	3462	153.930517780829	1
6	3483	155.59246086311	1
6	3489	155.716538007301	1
6	3511	156.553109426464	1
6	3532	158.408540498786	1
6	3545	158.851220848172	1
6	3564	160.049755202322	1
6	3580	160.497054251108	1
6	3601	161.285894911943	1
6	3604	161.385894911943	1
6	3625	161.815024533279	1
6	3637	162.20098982044	1
6	3651	163.274368155396	1
6	3668	163.794322495583	1
6	3682	164.665805798924	1
6	3705	166.971043416909	1
6	3715	167.222957784048	1
6	3737	168.9742854321	1
6	3758	170.553869130898	1
6	3777	171.747837637417	1
6	3795	172.112606351295	1
6	3821	174.1845474242	1
6	3824	174.2845474242	1
6	3848	174.713065714026	1
6	3861	175.060618469624	1
6	3883	176.241329839554	1
6	3886	176.341329839554	1
6	3910	177.819592986191	1
6	3929	178.296266303505	1
6	3954	180.219360361614	1
6	3957	180.319360361614	1
6	3981	180.741839551376	1
6	3986	180.841839551376	1
6	3989	180.941839551376	1
6	4019	181.954655384121	1
6	4022	182.054655384121	1
6	4025	182.154655384121	1
6	4051	184.046317973896	1
6	4063	184.485146029956	1
6	4080	185.07344194301	1
6	4097	185.752474333848	1
6	4114	187.501257453018	1
6	4138	188.116760701401	1
6	4158	189.674398147846	1
6	4164	189.774398147846	1
6	4189	190.708710696202	1
6	4192	190.808710696202	1
6	4197	190.908710696202	1
6	4224	191.421551896284	1
6	4227	191.521551896284	1
6	4231	191.621551896284	1
6	4244	191.879363885971	1
6	4272	192.378141707959	1
6	4278	192.478141707959	1
6	4281	192.578141707959	1
6	4285	192.678141707959	2
6	4312	194.120054339392	1
6	4333	195.844916894894	1
6	4345	196.16118880969	1
6	4369	198.192367846925	1
7	21	0.429406927313	1
7	27	0.629406927313	1
7	45	1.198493011456	1
7	54	1.398493011456	1
7	72	1.743179497632	1
7	78	1.943179497632	1
7	91	2.582163057724	1
7	112	4.277051901931	1
7	128	4.631352782965	1
7	138	4.831352782965	1
7	157	5.13545724539	1
7	166	5.33545724539	1
7	184	6.783416348047	1
7	193	6.983416348047	1
7	206	7.217748995043	1
7	220	8.355081797456	1
7	245	10.203671540669	1
7	251	10.403671540669	1
7	270	11.503568038366	1
7	290	12.936574685952	1
7	307	13.787555804356	1
7	327	14.600661223757	1
7	346	15.149726199282	1
7	352	15.349726199282	1
7	371	16.607944328285	1
7	385	17.608246795098	1
7	404	18.873140220557	1
7	420	19.448989010188	1
7	441	20.434002891845	1
7	446	20.634002891845	1
7	463	21.084380153602	1
7	480	21.809974177271	1
7	486	22.009974177271	1
7	516	24.104229392566	1
7	521	24.304229392566	1
7	553	27.091917847991	1
7	578	28.317738140537	1
7	596	29.370878343142	1
7	619	31.023075602872	1
7	625	31.223075602872	1
7	647	32.13149634229	1
7	657	32.33149634229	1
7	666	32.53149634229	1
7	675	32.73149634229	1
7	699	33.136382520195	1
7	709	33.336382520195	1
7	714	33.536382520195	1
7	720	33.736382520195	1
7	726	33.936382520195	1
7	744	34.658488520297	1
7	766	35.635826231059	1
7	772	35.835826231059	1
7	778	36.035826231059	1
7	790	36.604912744325	1
7	803	37.199760158932	1
7	820	37.628706804323	1
7	826	37.828706804323	1
7	839	38.65997558014	1
7	858	39.084774437318	1
7	872	39.448493608002	1
7	878	39.648493608002	1
7	890	40.079620099115	1
7	909	41.304048901752	1
7	921	41.683807130937	1
7	935	42.506260918678	1
7	955	43.987925978321	1
7	970	44.586877726958	1
7	989	45.155897380708	1
7	998	45.355897380708	1
7	1026	47.550510833399	1
7	1039	47.750510833399	1
7	1051	47.956964193094	1
7	1076	50.763656247209	1
7	1096	51.502072333823	1
7	1116	52.201776651554	1
7	1135	52.742191298824	1
7	1141	52.942191298824	1
7	1161	53.776844141508	1
7	1175	53.976844141508	1
7	1186	54.176844141508	1
7	1198	54.376844141508	1
7	1223	55.082874597323	1
7	1237	55.282874597323	1
7	1246	55.482874597323	1
7	1252	55.682874597323	1
7	1258	55.882874597323	1
7	1263	56.082874597323	1
7	1286	57.305410114496	1
7	1296	57.505410114496	1
7	1302	57.705410114496	1
7	1307	57.905410114496	1
7	1316	58.105410114496	1
7	1325	58.320144222541	1
7	1338	59.055780177961	1
7	1358	60.588545903502	1
7	1383	63.477458094523	1
7	1401	64.500044003627	1
7	1418	64.912274493385	1
7	1431	65.448604143465	1
7	1449	66.576119595657	1
7	1466	67.198273988879	1
7	1475	67.398273988879	1
7	1499	68.409112050035	1
7	1510	68.609112050035	1
7	1519	68.809112050035	1
7	1526	69.009112050035	1
7	1532	69.209112050035	1
7	1559	71.556244160248	1
7	1573	72.414148379446	1
7	1590	73.125952068203	1
7	1596	73.325952068203	1
7	1632	76.483016857096	1
7	1638	76.683016857096	1
7	1658	77.704253952478	1
7	1664	77.904253952478	1
7	1685	78.71563937918	1
7	1698	78.947433531623	1
7	1704	79.147433531623	1
7	1722	79.889727252281	1
7	1743	81.851518515342	1
7	1760	82.713920557711	1
7	1788	84.734912298544	1
7	1800	84.934912298544	1
7	1813	85.187766447917	1
7	1829	85.520158998304	1
7	1846	86.348900862434	1
7	1865	86.939706168535	1
7	1871	87.139706168535	1
7	1888	88.007541114601	1
7	1912	89.059669297398	1
7	1918	89.259669297398	1
7	1924	89.459669297398	1
7	1936	89.783304996676	1
7	1949	90.467140669384	1
7	1971	91.549931100777	1
7	1977	91.749931100777	1
7	1995	92.244680882287	1
7	2000	92.444680882287	1
7	2022	94.464945126668	1
7	2037	94.862357986999	1
7	2049	95.126438082596	1
7	2058	95.34402288814	1
7	2076	96.215266921019	1
7	2090	97.063426607833	1
7	2114	99.008489201351	1
7	2126	99.217315808322	1
7	2144	99.54759328977	1
7	2150	99.74759328977	1
7	2166	100.162364532411	1
7	2192	102.530908946224	1
7	2208	102.887785402459	1
7	2233	103.290163101511	1
7	2247	103.490163101511	1
7	2270	104.677079130453	1
7	2276	104.877079130453	1
7	2285	105.077079130453	1
7	2306	105.683095289952	1
7	2317	105.883095289952	1
7	2323	106.083095289952	1
7	2329	106.283095289952	1
7	2337	106.483095289952	1
7	2358	107.000894748858	1
7	2364	107.200894748858	1
7	2369	107.400894748858	1
7	2382	107.876371424336	1
7	2395	108.39393695868	1
7	2407	108.746513468673	1
7	2422	109.073901201999	1
7	2431	109.371770877569	1
7	2452	109.714000862355	1
7	2458	109.914000862355	1
7	2474	111.509702653301	1
7	2492	112.536221598624	1
7	2506	113.412860154353	1
7	2524	114.576350727824	1
7	2533	114.826276198885	1
7	2555	115.687565210057	1
7	2561	115.887565210057	1
7	2579	117.056670812917	1
7	2599	118.341612726098	1
7	2619	119.020397628507	1
7	2637	119.988263612362	1
7	2661	120.459101873904	1
7	2666	120.659101873904	1
7	2689	121.689176597355	1
7	2698	121.889176597355	1
7	2703	122.089176597355	1
7	2725	122.421284461314	1
7	2736	122.621284461314	1
7	2742	122.821284461314	1
7	2747	123.021284461314	1
7	2763	123.406857046335	1
7	2781	123.730172056867	1
7	2786	123.930172056867	1
7	2803	124.276172350799	1
7	2809	124.476172350799	1
7	2822	125.127539010939	1
7	2838	126.407030909157	1
7	2850	126.964068682571	1
7	2871	127.771896307182	1
7	2885	128.020846400946	1
7	2896	128.220846400946	1
7	2901	128.420846400946	1
7	2915	129.212053658128	1
7	2934	130.423610512282	1
7	2953	132.013216067576	1
7	2962	132.247067959069	1
7	2982	133.607513189783	1
7	2998	133.982333192368	1
7	3022	135.054301234494	1
7	3031	135.254301234494	1
7	3056	135.746575182366	1
7	3066	135.946575182366	1
7	3075	136.146575182366	1
7	3081	136.346575182366	1
7	3104	137.099195341035	1
7	3114	137.299195341035	1
7	3120	137.499195341035	1
7	3125	137.699195341035	1
7	3131	137.899195341035	1
7	3147	139.520210898849	1
7	3163	139.888944913958	1
7	3177	140.526873765359	1
7	3192	141.008759754769	1
7	3204	141.212701902661	1
7	3213	141.449313261935	1
7	3226	142.144277812343	1
7	3247	143.821351519512	1
7	3260	144.462362672851	1
7	3274	145.370808036298	1
7	3296	146.506165176537	1
7	3313	147.237821316704	1
7	3333	148.014798217017	1
7	3338	148.214798217017	1
7	3358	149.588114665461	1
7	3376	150.575648336545	1
7	3392	150.924701441306	1
7	3412	151.32404578122	1
7	3420	151.543053454521	1
7	3438	152.218336567642	1
7	3450	152.694074234947	1
7	3470	154.130617780829	1
7	3491	155.79256086311	1
7	3501	155.99256086311	1
7	3515	156.753209426464	1
7	3536	158.608640498786	1
7	3548	159.051320848172	1
7	3567	160.249855202322	1
7	3587	160.697154251108	1
7	3606	161.485994911943	1
7	3612	161.685994911943	1
7	3628	162.015124533279	1
7	3640	162.40108982044	1
7	3655	163.474468155396	1
7	3672	163.994422495583	1
7	3686	164.865905798924	1
7	3711	167.171143416909	1
7	3720	167.423057784048	1
7	3741	169.1743854321	1
7	3761	170.753969130898	1
7	3780	171.947937637417	1
7	3798	172.312706351295	1
7	3826	174.3846474242	1
7	3836	174.5846474242	1
7	3852	174.913165714026	1
7	3867	175.260718469624	1
7	3888	176.441429839554	1
7	3894	176.641429839554	1
7	3917	178.019692986191	1
7	3936	178.496366303505	1
7	3959	180.419460361614	1
7	3968	180.619460361614	1
7	3990	180.941939551376	1
7	3999	181.141939551376	1
7	4005	181.341939551376	1
7	4026	182.154755384121	1
7	4032	182.354755384121	1
7	4038	182.554755384121	1
7	4054	184.246417973896	1
7	4071	184.685246029956	1
7	4084	185.27354194301	1
7	4101	185.952574333848	1
7	4125	187.701357453018	1
7	4142	188.316860701401	1
7	4169	189.874498147846	1
7	4175	190.074498147846	1
7	4198	190.908810696202	1
7	4204	191.108810696202	1
7	4210	191.308810696202	1
7	4232	191.621651896284	1
7	4240	191.821651896284	1
7	4251	192.021651896284	1
7	4260	192.221651896284	1
7	4282	192.578241707959	1
7	4290	192.778241707959	1
7	4295	192.978241707959	1
7	4301	193.178241707959	1
7	4316	194.320154339392	1
7	4337	196.045016894894	1
7	4349	196.36128880969	1
7	4372	198.392467846925	1
8	23	0.529406927313	0.4002
8	33	0.729406927313	0.554211359416
8	48	1.298493011456	1.110513645579
8	63	1.498493011456	0.6002
8	75	1.843179497632	0.540479748733
8	80	2.043179497632	0.6002
8	93	2.682163057724	0.4002
8	117	4.377051901931	0.4002
8	134	4.731352782965	0.4002
8	143	4.931352782965	0.527967266239
8	163	5.23545724539	0.4002
8	169	5.43545724539	0.433921995728
8	186	6.883416348047	1.873520026085
8	202	7.083416348047	0.6002
8	208	7.317748995043	0.4002
8	223	8.455081797456	0.4002
8	248	10.303671540669	0.4002
8	257	10.503671540669	0.536886026771
8	272	11.603568038366	0.4002
8	296	13.036574685952	0.4002
8	314	13.887555804356	0.4002
8	333	14.700661223757	0.4002
8	348	15.249726199282	0.874440434471
8	358	15.449726199282	0.6002
8	373	16.707944328285	0.4002
8	387	17.708246795098	0.4002
8	407	18.973140220557	0.4002
8	427	19.548989010188	0.4002
8	443	20.534002891845	1.267936141752
8	453	20.734002891845	0.6002
8	465	21.184380153602	0.4002
8	482	21.909974177271	0.4002
8	492	22.109974177271	0.586747398574
8	518	24.204229392566	0.4002
8	528	24.404229392566	0.519513828696
8	559	27.191917847991	0.4002
8	584	28.417738140537	1.378802863551
8	603	29.470878343142	1.453340202605
8	621	31.123075602872	2.993821230386
8	631	31.323075602872	3.17726513365
8	652	32.23149634229	3.160817999148
8	660	32.43149634229	1.708620739418
8	671	32.63149634229	0.8002
8	681	32.83149634229	0.656232884842
8	703	33.236382520195	0.786463565522
8	711	33.436382520195	0.849733420699
8	717	33.636382520195	0.8002
8	722	33.836382520195	0.851890880662
8	728	34.036382520195	0.974929510063
8	750	34.758488520297	0.4002
8	769	35.735826231059	1.320540661797
8	774	35.935826231059	1.410957082127
8	780	36.135826231059	0.8002
8	793	36.704912744325	0.4002
8	806	37.299760158932	0.4002
8	822	37.728706804323	0.4002
8	828	37.928706804323	0.562965730407
8	842	38.75997558014	0.4002
8	863	39.184774437318	0.4002
8	874	39.548493608002	0.734055386671
8	880	39.748493608002	0.6002
8	896	40.179620099115	0.4002
8	914	41.404048901752	0.4002
8	924	41.783807130937	0.4002
8	937	42.606260918678	0.4002
8	957	44.087925978321	0.4002
8	976	44.686877726958	0.4002
8	991	45.255897380708	0.922682456489
8	1004	45.455897380708	0.6002
8	1032	47.650510833399	2.335860654641
8	1048	47.850510833399	0.6002
8	1054	48.056964193094	0.4002
8	1082	50.863656247209	0.4002
8	1102	51.602072333823	0.4002
8	1123	52.301776651554	0.83173292535
8	1138	52.842191298824	0.94061464727
8	1147	53.042191298824	0.962337872246
8	1168	53.876844141508	1.434852842684
8	1180	54.076844141508	0.6002
8	1188	54.276844141508	0.470079014749
8	1204	54.476844141508	0.627305860212
8	1231	55.182874597323	1.304765188047
8	1243	55.382874597323	1.209973819763
8	1249	55.582874597323	1.268020603235
8	1254	55.782874597323	1.420833716884
8	1260	55.982874597323	1.2002
8	1270	56.182874597323	1.150123500804
8	1291	57.405410114496	2.348191458634
8	1298	57.605410114496	2.500753045191
8	1304	57.805410114496	2.696841505058
8	1310	58.005410114496	2.673981376897
8	1321	58.205410114496	1.2002
8	1327	58.420144222541	0.4002
8	1341	59.155780177961	0.4002
8	1361	60.688545903502	0.4002
8	1389	63.577458094523	0.4002
8	1408	64.600044003627	0.4002
8	1420	65.012274493385	0.4002
8	1437	65.548604143465	0.4002
8	1452	66.676119595657	0.4002
8	1472	67.298273988879	0.4002
8	1481	67.498273988879	0.566393661001
8	1505	68.509112050035	1.285636637386
8	1512	68.709112050035	0.6002
8	1523	68.909112050035	0.680011326385
8	1529	69.109112050035	0.681443382856
8	1538	69.309112050035	0.508909990135
8	1561	71.656244160248	0.4002
8	1575	72.514148379446	0.4002
8	1592	73.225952068203	0.4002
8	1602	73.425952068203	0.557981155371
8	1635	76.583016857096	0.4002
8	1644	76.783016857096	0.586581896293
8	1661	77.804253952478	1.35704010086
8	1670	78.004253952478	0.6002
8	1693	78.81563937918	0.4002
8	1701	79.047433531623	0.4002
8	1710	79.247433531623	0.44301610201
8	1724	79.989727252281	0.4002
8	1745	81.951518515342	0.4002
8	1766	82.813920557711	0.4002
8	1794	84.834912298544	2.156266141427
8	1810	85.034912298544	0.6002
8	1823	85.287766447917	0.4002
8	1832	85.620158998304	0.4002
8	1852	86.448900862434	0.4002
8	1867	87.039706168535	0.70250323521
8	1873	87.239706168535	0.6002
8	1894	88.107541114601	0.4002
8	1915	89.159669297398	1.340104279351
8	1920	89.359669297398	0.6002
8	1929	89.559669297398	0.763822857184
8	1938	89.883304996676	0.4002
8	1955	90.567140669384	0.4002
8	1974	91.649931100777	0.4002
8	1979	91.849931100777	0.573534935689
8	1997	92.344680882287	0.4002
8	2003	92.544680882287	0.43194399228
8	2028	94.564945126668	0.4002
8	2043	94.962357986999	0.4002
8	2055	95.226438082596	0.4002
8	2064	95.44402288814	0.4002
8	2078	96.315266921019	0.4002
8	2092	97.163426607833	0.4002
8	2120	99.108489201351	0.4002
8	2135	99.317315808322	0.4002
8	2146	99.64759328977	0.465919333066
8	2156	99.84759328977	0.6002
8	2168	100.262364532411	0.4002
8	2201	102.630908946224	0.4002
8	2215	102.987785402459	0.461205412395
8	2241	103.390163101511	0.802577699052
8	2254	103.590163101511	0.6002
8	2273	104.777079130453	1.56407474925
8	2278	104.977079130453	1.713398346164
8	2291	105.177079130453	1.837268932187
8	2312	105.783095289952	2.430588710546
8	2320	105.983095289952	2.532893115404
8	2325	106.183095289952	1.806216159499
8	2334	106.383095289952	1.392063092532
8	2344	106.583095289952	1.2002
8	2360	107.100894748858	1.39745849037
8	2366	107.300894748858	0.963663059865
8	2372	107.500894748858	0.8002
8	2384	107.976371424336	0.4002
8	2400	108.49393695868	0.4002
8	2412	108.846513468673	0.4002
8	2427	109.173901201999	0.4002
8	2440	109.471770877569	0.4002
8	2454	109.814000862355	0.4002
8	2460	110.014000862355	0.479845902038
8	2476	111.609702653301	0.4002
8	2495	112.636221598624	0.4002
8	2509	113.512860154353	0.4002
8	2530	114.676350727824	0.4002
8	2535	114.926276198885	0.4002
8	2557	115.787565210057	0.4002
8	2567	115.987565210057	0.584264992137
8	2582	117.156670812917	0.4002
8	2605	118.441612726098	0.4002
8	2625	119.120397628507	0.4002
8	2644	120.088263612362	1.174314438665
8	2663	120.559101873904	0.871038261542
8	2673	120.759101873904	0.6002
8	2691	121.789176597355	1.490879611523
8	2700	121.989176597355	1.548832082302
8	2715	122.189176597355	0.8002
8	2731	122.521284461314	0.664483553329
8	2738	122.721284461314	0.6002
8	2744	122.921284461314	0.775745010902
8	2753	123.121284461314	0.601227466196
8	2772	123.506857046335	0.4002
8	2783	123.830172056867	0.473913413877
8	2792	124.030172056867	0.6002
8	2806	124.376172350799	0.4002
8	2811	124.576172350799	0.447564494228
8	2825	125.227539010939	0.4002
8	2840	126.507030909157	0.4002
8	2857	127.064068682571	0.4002
8	2876	127.871896307182	0.4002
8	2890	128.120846400946	0.4002
8	2898	128.320846400946	0.408302968722
8	2904	128.520846400946	0.448464814014
8	2917	129.312053658128	0.4002
8	2936	130.523610512282	0.4002
8	2959	132.113216067576	0.4002
8	2964	132.347067959069	0.4002
8	2991	133.707513189783	0.4002
8	3004	134.082333192368	0.4002
8	3025	135.154301234494	0.4002
8	3037	135.354301234494	0.537886852323
8	3060	135.846575182366	0.914335207338
8	3072	136.046575182366	0.881586627745
8	3077	136.246575182366	0.8002
8	3087	136.446575182366	0.941965944439
8	3109	137.199195341035	1.577751266424
8	3116	137.399195341035	1.503998851063
8	3122	137.599195341035	1.603253540293
8	3128	137.799195341035	1.0002
8	3133	137.999195341035	1.150669578444
8	3157	139.620210898849	0.4002
8	3166	139.988944913958	0.4002
8	3179	140.626873765359	0.4002
8	3198	141.108759754769	0.4002
8	3209	141.312701902661	0.4002
8	3215	141.549313261935	0.4002
8	3228	142.244277812343	0.4002
8	3249	143.921351519512	0.4002
8	3262	144.562362672851	0.4002
8	3276	145.470808036298	0.4002
8	3302	146.606165176537	0.4002
8	3319	147.337821316704	0.89609355629
8	3335	148.114798217017	1.177176900313
8	3345	148.314798217017	0.6002
8	3360	149.688114665461	0.4002
8	3385	150.675648336545	0.4002
8	3402	151.024701441306	0.4002
8	3417	151.42404578122	0.4002
8	3427	151.643053454521	0.4002
8	3440	152.318336567642	0.4002
8	3452	152.794074234947	0.4002
8	3472	154.230617780829	0.4002
8	3498	155.89256086311	0.4002
8	3503	156.09256086311	0.476122855809
8	3521	156.853209426464	0.4002
8	3538	158.708640498786	0.4002
8	3551	159.151320848172	0.4002
8	3574	160.349855202322	0.4002
8	3593	160.797154251108	0.4002
8	3609	161.585994911943	1.080215642016
8	3621	161.785994911943	0.6002
8	3634	162.115124533279	0.4002
8	3643	162.50108982044	0.4002
8	3661	163.574468155396	0.4002
8	3674	164.094422495583	0.4002
8	3688	164.965905798924	0.4002
8	3717	167.271143416909	0.4002
8	3727	167.523057784048	0.4002
8	3743	169.2743854321	0.4002
8	3768	170.853969130898	0.4002
8	3790	172.047937637417	0.4002
8	3805	172.412706351295	0.4002
8	3833	174.4846474242	2.383822323043
8	3845	174.6846474242	0.6002
8	3857	175.013165714026	0.4002
8	3874	175.360718469624	0.4002
8	3891	176.541429839554	1.284264121765
8	3896	176.741429839554	0.6002
8	3923	178.119692986191	0.4002
8	3942	178.596366303505	0.644866538463
8	3965	180.519460361614	2.323294058109
8	3977	180.719460361614	2.335870373979
8	3993	181.041939551376	0.922679189762
8	4001	181.241939551376	0.777170966743
8	4011	181.441939551376	0.8002
8	4029	182.254755384121	1.479179700335
8	4034	182.454755384121	1.324668956728
8	4040	182.654755384121	0.8002
8	4057	184.346417973896	0.4002
8	4073	184.785246029956	0.4002
8	4090	185.37354194301	0.4002
8	4103	186.052574333848	0.4002
8	4131	187.801357453018	0.4002
8	4148	188.416860701401	0.903321151122
8	4171	189.974498147846	1.957837446445
8	4181	190.174498147846	0.6002
8	4201	191.008810696202	1.266280528621
8	4206	191.208810696202	1.411493524458
8	4221	191.408810696202	0.8002
8	4234	191.721651896284	0.879414233812
8	4245	191.921651896284	0.6002
8	4256	192.121651896284	0.800088026209
8	4269	192.321651896284	0.542388010313
8	4286	192.678241707959	0.705819565192
8	4292	192.878241707959	0.81043632358
8	4298	193.078241707959	0.8002
8	4303	193.278241707959	0.898436253588
8	4318	194.420154339392	0.4002
8	4342	196.145016894894	0.4002
8	4351	196.46128880969	0.4002
8	4379	198.492467846925	0.4002
9	23	0.529406927313	1
9	33	0.729406927313	1
9	48	1.298493011456	1
9	63	1.498493011456	1
9	75	1.843179497632	1
9	80	2.043179497632	1
9	93	2.682163057724	1
9	117	4.377051901931	1
9	134	4.731352782965	1
9	143	4.931352782965	1
9	163	5.23545724539	1
9	169	5.43545724539	1
9	186	6.883416348047	1
9	202	7.083416348047	1
9	208	7.317748995043	1
9	223	8.455081797456	1
9	248	10.303671540669	1
9	257	10.503671540669	1
9	272	11.603568038366	1
9	296	13.036574685952	1
9	314	13.887555804356	1
9	333	14.700661223757	1
9	348	15.249726199282	1
9	358	15.449726199282	1
9	373	16.707944328285	1
9	387	17.708246795098	1
9	407	18.973140220557	1
9	427	19.548989010188	1
9	443	20.534002891845	1
9	453	20.734002891845	1
9	465	21.184380153602	1
9	482	21.909974177271	1
9	492	22.109974177271	1
9	518	24.204229392566	1
9	528	24.404229392566	1
9	559	27.191917847991	1
9	584	28.417738140537	1
9	603	29.470878343142	1
9	621	31.123075602872	1
9	631	31.323075602872	1
9	652	32.23149634229	1
9	660	32.43149634229	1
9	671	32.63149634229	1
9	681	32.83149634229	1
9	703	33.236382520195	1
9	711	33.436382520195	1
9	717	33.636382520195	1
9	722	33.836382520195	1
9	728	34.036382520195	1
9	750	34.758488520297	1
9	769	35.735826231059	1
9	774	35.935826231059	1
9	780	36.135826231059	1
9	793	36.704912744325	1
9	806	37.299760158932	1
9	822	37.728706804323	1
9	828	37.928706804323	1
9	842	38.75997558014	1
9	863	39.184774437318	1
9	874	39.548493608002	1
9	880	39.748493608002	1
9	896	40.179620099115	1
9	914	41.404048901752	1
9	924	41.783807130937	1
9	937	42.606260918678	1
9	957	44.087925978321	1
9	976	44.686877726958	1
9	991	45.255897380708	1
9	1004	45.455897380708	1
9	1032	47.650510833399	1
9	1048	47.850510833399	1
9	1054	48.056964193094	1
9	1082	50.863656247209	1
9	1102	51.602072333823	1
9	1123	52.301776651554	1
9	1138	52.842191298824	1
9	1147	53.042191298824	1
9	1168	53.876844141508	1
9	1180	54.076844141508	1
9	1188	54.276844141508	1
9	1204	54.476844141508	1
9	1231	55.182874597323	1
9	1243	55.382874597323	1
9	1249	55.582874597323	1
9	1254	55.782874597323	1
9	1260	55.982874597323	1
9	1270	56.182874597323	1
9	1291	57.405410114496	1
9	1298	57.605410114496	1
9	1304	57.805410114496	1
9	1310	58.005410114496	1
9	1321	58.205410114496	1
9	1327	58.420144222541	1
9	1341	59.155780177961	1
9	1361	60.688545903502	1
9	1389	63.577458094523	1
9	1408	64.600044003627	1
9	1420	65.012274493385	1
9	1437	65.548604143465	1
9	1452	66.676119595657	1
9	1472	67.298273988879	1
9	1481	67.498273988879	1
9	1505	68.509112050035	1
9	1512	68.709112050035	1
9	1523	68.909112050035	1
9	1529	69.109112050035	1
9	1538	69.309112050035	1
9	1561	71.656244160248	1
9	1575	72.514148379446	1
9	1592	73.225952068203	1
9	1602	73.425952068203	1
9	1635	76.583016857096	1
9	1644	76.783016857096	1
9	1661	77.804253952478	1
9	1670	78.004253952478	1
9	1693	78.81563937918	1
9	1701	79.047433531623	1
9	1710	79.247433531623	1
9	1724	79.989727252281	1
9	1745	81.951518515342	1
9	1766	82.813920557711	1
9	1794	84.834912298544	1
9	1810	85.034912298544	1
9	1823	85.287766447917	1
9	1832	85.620158998304	1
9	1852	86.448900862434	1
9	1867	87.039706168535	1
9	1873	87.239706168535	1
9	1894	88.107541114601	1
9	1915	89.159669297398	1
9	1920	89.359669297398	1
9	1929	89.559669297398	1
9	1938	89.883304996676	1
9	1955	90.567140669384	1
9	1974	91.649931100777	1
9	1979	91.849931100777	1
9	1997	92.344680882287	1
9	2003	92.544680882287	1
9	2028	94.564945126668	1
9	2043	94.962357986999	1
9	2055	95.226438082596	1
9	2064	95.44402288814	1
9	2078	96.315266921019	1
9	2092	97.163426607833	1
9	2120	99.108489201351	1
9	2135	99.317315808322	1
9	2146	99.64759328977	1
9	2156	99.84759328977	1
9	2168	100.262364532411	1
9	2201	102.630908946224	1
9	2215	102.987785402459	1
9	2241	103.390163101511	1
9	2254	103.590163101511	1
9	2273	104.777079130453	1
9	2278	104.977079130453	1
9	2291	105.177079130453	1
9	2312	105.783095289952	1
9	2320	105.983095289952	1
9	2325	106.183095289952	1
9	2334	106.383095289952	1
9	2344	106.583095289952	1
9	2360	107.100894748858	1
9	2366	107.300894748858	1
9	2372	107.500894748858	1
9	2384	107.976371424336	1
9	2400	108.49393695868	1
9	2412	108.846513468673	1
9	2427	109.173901201999	1
9	2440	109.471770877569	1
9	2454	109.814000862355	1
9	2460	110.014000862355	1
9	2476	111.609702653301	1
9	2495	112.636221598624	1
9	2509	113.512860154353	1
9	2530	114.676350727824	1
9	2535	114.926276198885	1
9	2557	115.787565210057	1
9	2567	115.987565210057	1
9	2582	117.156670812917	1
9	2605	118.441612726098	1
9	2625	119.120397628507	1
9	2644	120.088263612362	1
9	2663	120.559101873904	1
9	2673	120.759101873904	1
9	2691	121.789176597355	1
9	2700	121.989176597355	1
9	2715	122.189176597355	1
9	2731	122.521284461314	1
9	2738	122.721284461314	1
9	2744	122.921284461314	1
9	2753	123.121284461314	1
9	2772	123.506857046335	1
9	2783	123.830172056867	1
9	2792	124.030172056867	1
9	2806	124.376172350799	1
9	2811	124.576172350799	1
9	2825	125.227539010939	1
9	2840	126.507030909157	1
9	2857	127.064068682571	1
9	2876	127.871896307182	1
9	2890	128.120846400946	1
9	2898	128.320846400946	1
9	2904	128.520846400946	1
9	2917	129.312053658128	1
9	2936	130.523610512282	1
9	2959	132.113216067576	1
9	2964	132.347067959069	1
9	2991	133.707513189783	1
9	3004	134.082333192368	1
9	3025	135.154301234494	1
9	3037	135.354301234494	1
9	3060	135.846575182366	1
9	3072	136.046575182366	1
9	3077	136.246575182366	1
9	3087	136.446575182366	1
9	3109	137.199195341035	1
9	3116	137.399195341035	1
9	3122	137.599195341035	1
9	3128	137.799195341035	1
9	3133	137.999195341035	1
9	3157	139.620210898849	1
9	3166	139.988944913958	1
9	3179	140.626873765359	1
9	3198	141.108759754769	1
9	3209	141.312701902661	1
9	3215	141.549313261935	1
9	3228	142.244277812343	1
9	3249	143.921351519512	1
9	3262	144.562362672851	1
9	3276	145.470808036298	1
9	3302	146.606165176537	1
9	3319	147.337821316704	1
9	3335	148.114798217017	1
9	3345	148.314798217017	1
9	3360	149.688114665461	1
9	3385	150.675648336545	1
9	3402	151.024701441306	1
9	3417	151.42404578122	1
9	3427	151.643053454521	1
9	3440	152.318336567642	1
9	3452	152.794074234947	1
9	3472	154.230617780829	1
9	3498	155.89256086311	1
9	3503	156.09256086311	1
9	3521	156.853209426464	1
9	3538	158.708640498786	1
9	3551	159.151320848172	1
9	3574	160.349855202322	1
9	3593	160.797154251108	1
9	3609	161.585994911943	1
9	3621	161.785994911943	1
9	3634	162.115124533279	1
9	3643	162.50108982044	1
9	3661	163.574468155396	1
9	3674	164.094422495583	1
9	3688	164.965905798924	1
9	3717	167.271143416909	1
9	3727	167.523057784048	1
9	3743	169.2743854321	1
9	3768	170.853969130898	1
9	3790	172.047937637417	1
9	3805	172.412706351295	1
9	3833	174.4846474242	1
9	3845	174.6846474242	1
9	3857	175.013165714026	1
9	3874	175.360718469624	1
9	3891	176.541429839554	1
9	3896	176.741429839554	1
9	3923	178.119692986191	1
9	3942	178.596366303505	1
9	3965	180.519460361614	1
9	3977	180.719460361614	1
9	3993	181.041939551376	1
9	4001	181.241939551376	1
9	4011	181.441939551376	1
9	4029	182.254755384121	1
9	4034	182.454755384121	1
9	4040	182.654755384121	1
9	4057	184.346417973896	1
9	4073	184.785246029956	1
9	4090	185.37354194301	1
9	4103	186.052574333848	1
9	4131	187.801357453018	1
9	4148	188.416860701401	1
9	4171	189.974498147846	1
9	4181	190.174498147846	1
9	4201	191.008810696202	1
9	4206	191.208810696202	1
9	4221	191.408810696202	1
9	4234	191.721651896284	1
9	4245	191.921651896284	1
9	4256	192.121651896284	1
9	4269	192.321651896284	1
9	4286	192.678241707959	1
9	4292	192.878241707959	1
9	4298	193.078241707959	1
9	4303	193.278241707959	1
9	4318	194.420154339392	1
9	4342	196.145016894894	1
9	4351	196.46128880969	1
9	4379	198.492467846925	1

